8
44
53
48
32
11
5
22
17
22
42
56
28
38
17
47
25
58
51
47
57
6
36
45
11
51
29
3
17
20
56
44
56
59
59
17
36
36
20
45
52
52
32
36
49
43
55
47
12
51
22
7
59
47
24
11
5
46
47
6
36
4
29
42
27
47
45
25
11
7
36
42
43
44
17
7
28
53
55
49
48
43
52
14
54
36
42
34
29
33
33
53
46
19
30
2
11
1
21
1
34
59
17
26
13
53
48
50
45
52
47
43
25
19
29
11
17
11
5
1
17
22
52
1
22
18
25
52
36
36
5
23
10
8
17
22
22
2
51
33
40
59
1
47
9
25
59
26
14
53
49
55
21
21
34
33
47
2
21
52
25
7
59
47
40
19
57
11
22
6
54
22
18
22
52
23
51
32
48
30
55
3
53
46
46
3
21
29
47
2
17
56
36
42
3
11
42
27
54
32
36
50
3
49
40
44
36
54
33
45
47
11
10
29
9
51
53
10
43
39
16
25
46
22
51
25
50
29
7
29
39
49
11
45
46
52
47
17
40
17
3
48
46
53
36
21
43
53
10
25
43
52
53
30
42
17
4
47
54
47
52
11
17
51
22
36
17
42
55
39
10
36
46
52
21
57
56
33
30
52
51
43
5
17
59
36
22
11
4
17
11
8
22
50
44
11
1
52
46
47
7
21
11
58
21
27
28
56
15
15
21
19
53
7
44
40
48
7
14
11
18
3
10
28
19
52
53
21
52
55
3
24
12
45
44
47
47
53
17
46
16
28
7
33
45
22
40
35
22
44
48
4
43
25
11
46
17
37
48
36
40
29
46
17
37
51
3
4
11
44
46
22
52
44
23
31
57
22
29
10
1
37
28
9
11
28
11
47
21
40
43
7
47
55
52
9
3
17
9
48
36
11
53
10
52
21
59
7
11
26
53
22
11
17
47
22
44
47
39
29
32
52
20
34
33
22
33
10
13
29
29
46
12
53
21
16
46
51
2
8
46
24
4
1
17
38
57
40
49
11
18
38
9
47
4
15
46
24
4
42
44
51
36
31
2
44
7
34
59
29
3
10
52
44
47
42
13
52
43
36
36
44
16
52
36
53
55
45
27
52
41
1
3
20
52
59
9
55
57
28
28
2
22
40
21
7
11
45
26
57
32
39
51
7
42
47
54
12
36
52
46
31
17
21
8
13
43
6
10
29
13
10
11
58
46
28
22
52
51
48
59
25
39
20
10
24
46
7
49
17
52
22
45
11
16
13
33
26
45
52
22
57
3
34
53
53
11
52
22
33
50
59
17
18
53
17
42
21
34
35
48
46
6
21
56
53
42
39
52
30
55
57
56
48
55
39
7
55
39
13
57
8
53
48
44
22
11
14
59
33
53
20
21
38
33
52
10
48
2
53
18
27
46
46
28
29
35
52
11
18
37
48
53
31
36
33
33
20
36
50
36
31
36
55
17
15
47
55
17
47
55
12
6
48
35
54
50
11
56
46
46
7
7
30
52
45
2
29
50
46
17
51
18
33
48
2
47
59
19
22
52
16
37
15
3
11
17
43
33
47
17
26
48
48
44
27
17
25
53
17
10
46
59
59
33
29
46
59
47
11
57
48
17
56
36
39
52
28
7
48
14
48
17
35
36
56
40
21
42
46
10
52
29
59
35
59
47
59
25
59
35
29
33
53
57
47
22
17
35
22
11
29
36
16
47
18
51
40
33
10
16
53
51
17
36
25
22
3
50
53
37
32
59
17
45
59
3
50
20
36
52
17
36
44
55
41
58
21
17
3
52
10
53
41
42
36
43
57
22
52
21
9
47
41
47
24
30
48
51
51
10
48
18
40
35
53
46
44
40
45
44
56
51
38
29
31
5
23
25
47
52
54
59
47
21
1
51
38
22
50
22
11
48
45
53
19
52
54
18
31
53
19
57
42
36
8
11
3
43
22
42
53
53
53
36
34
55
19
1
51
46
15
46
54
25
48
17
9
48
35
47
33
51
52
16
36
54
59
2
44
25
52
3
23
10
53
36
17
29
59
32
52
18
21
46
11
47
52
34
46
34
37
42
52
52
53
34
10
34
25
11
34
54
29
46
48
29
25
4
53
44
11
55
59
45
58
47
38
16
25
28
11
36
24
45
3
36
10
52
11
36
11
28
46
41
22
21
58
40
42
51
10
44
55
58
17
47
55
52
10
39
46
3
5
5
36
7
46
57
18
7
59
17
48
59
55
46
33
13
59
51
21
21
40
48
34
36
47
56
22
