15
8
29
17
20
17
17
8
20
10
3
17
6
6
31
27
16
25
8
28
19
12
22
4
24
18
24
17
13
15
20
15
25
14
19
22
26
6
29
14
18
19
18
6
31
16
16
17
8
30
31
13
16
7
12
7
20
15
5
31
29
31
30
14
7
28
7
15
7
1
3
4
5
17
8
16
26
29
12
27
21
25
16
15
13
24
3
6
22
31
21
27
27
22
28
14
10
24
29
20
30
9
15
17
9
5
17
19
4
29
9
16
7
29
24
12
1
25
22
7
25
29
16
13
6
25
8
1
5
18
30
19
14
15
14
14
4
17
17
18
3
10
15
30
23
29
7
17
22
24
31
12
7
9
20
16
10
30
19
24
5
25
31
5
28
12
3
27
19
26
14
21
2
14
23
4
21
28
23
13
26
9
25
20
27
20
8
2
6
4
27
24
1
4
6
9
13
31
18
7
26
23
3
29
29
10
8
7
3
18
10
30
18
30
1
15
5
27
22
5
22
19
8
18
21
3
4
11
14
24
2
4
11
21
6
9
27
10
6
23
12
20
17
5
4
5
11
5
14
17
4
16
18
14
6
7
8
6
16
5
28
13
21
17
10
6
11
14
30
9
17
21
1
15
7
13
2
1
25
30
11
6
16
23
9
20
9
6
6
11
13
12
21
21
3
30
2
14
26
9
21
27
31
31
16
20
1
30
5
30
31
8
1
4
2
22
4
29
2
4
24
21
31
22
13
20
14
14
24
21
26
17
26
28
23
21
29
3
14
25
19
21
28
16
5
17
23
5
29
12
3
2
24
3
5
13
5
14
16
29
4
23
27
17
22
16
8
9
27
1
6
12
10
29
3
6
18
29
7
22
25
13
14
3
14
2
15
10
14
5
6
2
30
18
13
9
20
19
25
21
25
26
23
17
26
12
16
22
21
2
12
28
13
11
13
9
18
10
17
17
28
1
12
29
26
30
16
5
15
27
26
8
12
30
18
15
19
14
11
31
4
1
6
21
15
14
28
29
14
8
10
4
1
27
10
25
17
18
4
17
6
24
11
5
25
8
19
30
5
29
5
29
15
31
11
20
3
25
5
15
24
4
6
25
3
13
6
31
19
26
19
1
12
10
14
22
7
16
31
21
28
14
29
16
6
29
14
30
12
15
25
9
20
30
10
6
11
20
2
2
30
25
5
24
24
7
5
13
24
31
5
19
10
29
31
5
5
6
2
27
23
19
2
8
15
29
6
5
30
16
9
24
3
14
27
6
11
26
1
1
18
17
8
20
11
24
8
15
25
8
20
23
17
4
6
7
30
9
28
8
5
15
17
27
25
6
9
28
22
1
7
4
2
3
23
30
18
6
29
17
17
11
28
2
28
1
1
20
20
30
8
29
12
5
18
6
1
16
22
3
23
29
8
31
18
22
23
30
2
28
20
25
7
29
14
14
29
3
8
17
2
14
6
8
10
29
6
19
9
14
30
5
14
13
20
16
18
8
7
14
14
17
3
7
15
29
27
18
18
27
17
11
14
27
3
11
22
24
20
8
14
7
3
19
16
5
22
9
5
21
24
20
31
4
24
20
26
24
19
8
28
25
19
27
14
9
5
22
27
13
21
24
30
17
2
16
18
21
25
1
1
6
17
11
15
25
8
7
10
11
11
30
17
31
6
25
7
23
6
15
31
7
16
23
1
14
18
10
19
13
10
26
31
20
11
29
20
3
23
8
27
16
25
8
16
9
24
16
31
7
19
13
5
19
17
14
30
15
8
14
26
2
17
27
26
29
7
22
14
19
25
13
20
20
19
10
9
4
31
18
29
3
20
22
5
24
8
18
5
6
10
18
24
8
8
2
2
1
19
12
8
30
14
8
18
3
1
25
28
22
18
4
19
12
16
13
17
8
15
16
4
10
13
2
4
19
8
20
28
4
4
10
13
16
20
20
19
9
12
20
8
18
30
9
9
17
12
18
1
1
4
20
9
8
22
12
29
7
11
17
26
7
5
14
26
29
17
14
21
24
25
5
31
23
24
8
19
8
1
23
8
17
28
29
17
20
24
6
4
1
6
19
17
8
16
8
14
10
3
27
20
29
26
12
22
4
6
18
3
31
15
12
30
25
17
28
18
14
30
5
9
5
5
28
29
18
31
2
4
28
5
3
20
25
8
15
25
12
1
18
31
13
30
18
5
18
13
12
27
12
13
8
19
29
20
24
4
1
30
5
15
29
22
20
29
14
1
25
31
19
1
25
30
2
9
8
7
8
13
8
