28
32
29
24
21
6
30
33
9
30
14
26
12
5
31
17
8
5
6
19
17
16
27
26
4
24
21
31
28
27
7
27
8
31
3
21
32
16
33
25
23
12
30
24
17
25
5
22
33
2
33
33
14
8
26
1
5
7
18
7
6
4
8
11
9
2
6
4
5
26
27
4
33
7
12
23
17
5
9
17
24
15
6
6
21
18
27
30
13
5
14
18
1
25
23
11
9
12
4
25
13
24
23
13
21
22
28
23
26
3
11
11
1
5
7
28
33
24
29
14
22
8
33
30
8
13
22
20
32
25
22
12
5
30
3
9
13
12
14
19
31
5
18
25
10
30
1
18
13
33
2
12
12
14
25
5
24
3
9
5
3
30
22
7
6
6
2
5
27
30
32
6
31
26
13
30
27
30
15
5
19
4
29
9
7
27
24
29
12
31
29
12
19
24
21
6
7
30
3
27
25
13
9
17
28
23
6
13
12
7
29
19
5
15
31
12
31
22
24
2
10
33
9
25
8
1
7
6
24
15
19
15
9
14
16
13
25
29
20
5
14
27
4
30
30
16
32
12
9
27
10
18
8
27
2
33
27
16
7
12
10
10
33
3
2
15
15
31
19
11
9
4
20
23
2
23
17
12
32
7
24
30
13
10
23
26
3
25
30
18
1
21
24
10
20
14
10
28
19
15
10
2
4
9
23
29
9
18
16
10
6
18
10
15
29
27
20
23
26
21
7
27
13
12
8
1
16
9
2
23
7
18
26
21
13
24
21
33
2
12
25
8
24
24
23
13
12
18
17
7
7
4
26
5
18
3
3
14
4
14
4
11
25
31
24
1
9
13
33
6
12
8
32
27
20
3
9
1
7
16
21
27
14
9
20
18
4
33
13
33
12
25
20
11
28
25
21
18
7
27
13
24
24
8
18
23
12
25
30
14
16
33
1
2
10
27
11
22
30
2
15
28
28
30
32
27
17
22
30
33
15
7
22
31
3
20
14
28
16
32
33
3
26
12
7
29
9
12
18
4
30
9
24
5
23
28
18
29
30
24
15
6
6
22
8
20
18
3
12
8
24
24
16
33
19
16
1
13
33
10
29
26
25
4
25
3
11
3
21
6
25
18
2
24
28
13
27
22
18
9
24
30
2
27
19
12
25
27
10
31
15
8
9
15
18
22
5
13
21
9
9
12
7
30
24
25
27
18
2
6
7
11
28
26
26
17
27
26
25
27
9
13
6
13
30
4
15
29
32
31
33
16
25
21
8
1
12
18
30
31
7
6
21
6
17
1
18
33
28
23
12
4
30
4
24
6
21
13
27
13
27
2
1
1
33
29
33
8
2
23
13
29
14
33
12
27
30
19
32
4
26
1
26
24
31
13
24
22
9
32
25
24
3
24
4
10
27
26
3
2
11
32
28
12
3
3
2
23
17
11
27
24
31
14
20
27
12
21
23
20
32
33
27
11
7
27
2
12
26
16
6
7
17
11
16
30
30
13
23
2
23
10
18
11
25
20
16
14
27
33
25
16
14
22
27
13
9
28
17
20
29
21
17
21
22
20
12
20
21
33
22
15
17
22
32
5
1
13
25
33
21
15
3
21
31
10
6
11
10
31
23
13
5
19
10
11
23
27
6
33
7
6
2
12
3
11
9
4
7
6
17
7
6
21
27
31
26
14
16
19
25
7
24
23
29
19
22
16
19
10
13
17
16
4
18
2
1
32
17
6
22
23
30
9
30
23
6
12
1
30
32
25
4
2
9
1
22
9
5
23
16
10
21
12
27
17
30
33
25
18
7
25
23
8
27
15
7
15
25
33
5
6
30
9
9
15
24
11
24
27
19
33
12
11
2
24
27
10
20
14
27
6
27
28
6
10
12
4
15
33
1
20
23
23
32
7
16
16
32
27
18
14
24
6
27
4
18
5
25
6
10
32
29
18
23
21
22
23
12
29
29
15
31
19
10
22
10
9
6
10
7
31
26
30
3
12
10
2
16
19
19
17
27
19
26
11
13
33
31
26
3
3
5
7
23
22
4
30
32
7
20
17
8
25
6
32
12
28
8
6
3
30
2
12
31
32
32
31
16
7
13
6
11
3
13
6
18
24
32
28
32
33
6
3
10
13
19
14
23
9
12
23
12
7
24
25
15
19
31
2
5
23
25
24
16
6
20
15
1
10
32
27
10
27
24
22
17
30
7
21
6
6
17
10
4
24
33
25
7
6
29
18
6
33
3
28
15
30
12
5
13
7
24
24
32
2
8
15
15
25
