1
14
27
29
14
18
27
20
4
13
22
25
29
13
31
14
29
17
6
30
15
32
28
26
6
8
3
15
13
22
16
2
22
17
25
8
7
9
14
31
25
29
7
21
27
2
31
24
2
32
14
1
30
25
19
18
16
7
7
11
26
10
11
6
27
31
10
28
24
14
8
18
3
8
8
9
27
14
10
22
11
11
13
22
9
6
10
21
22
11
8
31
19
32
2
26
31
6
26
30
31
20
32
23
6
28
25
26
13
30
6
32
20
9
5
2
25
18
5
28
12
6
26
31
22
2
16
5
6
32
29
20
10
3
28
22
30
29
18
6
19
7
14
19
9
26
8
3
2
19
23
18
24
31
7
3
31
30
1
4
24
16
26
8
30
25
30
7
26
3
5
6
5
14
16
3
1
3
10
2
6
2
30
9
29
31
2
27
32
21
2
3
2
17
18
9
18
1
20
13
6
26
14
26
23
16
10
5
31
10
28
19
16
28
4
16
6
23
26
12
17
22
5
23
3
18
7
14
11
9
15
31
24
20
1
6
31
8
18
13
1
12
3
31
17
12
24
13
2
14
21
5
17
4
27
14
9
18
11
30
22
15
32
5
18
27
9
19
19
20
15
23
16
19
31
2
7
17
8
27
17
6
12
27
25
27
8
5
5
11
16
3
13
11
15
1
24
3
4
22
2
10
4
17
23
18
2
22
29
15
21
9
24
5
27
30
13
8
30
22
26
22
7
8
17
13
10
20
4
18
14
30
6
29
30
1
32
26
11
21
14
19
18
6
28
25
7
1
2
6
21
7
4
10
17
7
15
29
12
9
3
8
3
19
26
4
24
12
11
24
7
9
18
24
19
4
22
20
20
28
1
22
9
28
25
4
6
15
6
31
31
22
13
2
18
18
28
16
23
23
20
32
1
19
17
32
12
25
22
32
28
4
14
5
5
23
10
3
4
31
27
21
21
3
25
23
28
30
24
26
10
21
31
8
7
3
25
29
17
17
6
4
15
6
30
6
3
12
12
30
3
1
24
31
4
19
12
2
14
22
13
29
26
30
1
15
6
8
26
31
10
23
5
8
9
11
22
26
21
17
25
1
9
22
29
7
16
17
6
2
8
10
26
24
15
12
23
6
27
8
29
24
20
19
1
28
29
4
28
31
12
26
16
23
15
9
6
18
19
22
22
32
22
25
29
19
18
13
5
18
13
14
22
5
15
14
11
24
5
6
21
25
27
5
28
25
26
13
20
11
7
12
13
15
7
19
19
21
32
23
24
28
19
7
4
8
20
6
23
27
11
17
6
26
20
31
29
15
13
2
19
3
9
20
5
32
21
14
10
6
32
3
4
5
19
4
29
8
29
16
23
15
8
1
17
2
25
5
12
12
1
23
32
17
14
29
1
17
12
24
22
4
11
10
30
29
4
10
27
29
17
24
8
13
29
9
14
15
4
24
6
25
9
30
8
2
20
24
22
14
30
5
30
27
14
21
15
21
18
23
18
6
15
10
21
16
12
25
23
27
5
31
26
27
15
20
31
17
24
10
16
2
32
12
9
15
27
22
6
5
24
8
21
10
28
30
26
4
27
30
19
16
24
16
25
7
24
4
12
31
23
13
20
5
23
22
24
2
18
32
7
3
10
7
31
7
18
29
28
17
11
7
10
23
11
31
20
28
2
16
11
25
9
11
19
16
26
17
32
32
1
3
10
11
25
21
17
8
27
14
11
26
30
3
6
20
12
1
20
21
17
24
20
1
15
14
22
13
18
9
5
31
21
15
18
23
21
22
21
10
11
28
9
14
13
13
6
26
29
11
17
1
31
11
18
14
13
25
26
25
12
2
30
22
14
9
15
10
7
25
2
4
13
24
8
14
31
1
19
6
13
24
22
7
9
25
1
30
23
15
8
1
6
1
3
29
3
11
20
1
18
20
9
5
13
13
20
25
30
7
25
10
2
9
20
7
15
29
29
13
18
25
20
15
5
15
31
24
7
15
7
30
1
10
8
14
6
31
5
10
19
31
3
1
19
19
1
7
14
10
31
7
6
2
10
5
2
8
26
1
31
30
9
13
14
2
25
14
18
24
1
31
25
6
26
9
18
24
22
7
6
1
9
30
9
26
2
15
22
5
10
25
18
7
15
7
10
10
26
1
22
7
26
22
2
7
24
31
24
10
7
24
8
8
8
6
24
8
8
31
7
10
1
8
31
8
6
7
6
1
1
1
31
6
8
6
1
7
31
7
7
7
6
31
31
31
31
31
7
1
