29
9
2
22
33
14
33
3
28
8
9
16
34
15
3
33
30
17
17
7
6
15
13
9
29
2
31
16
11
27
29
28
27
33
2
5
25
23
34
15
7
20
1
33
10
4
9
17
31
26
19
4
19
1
28
6
32
18
25
26
24
4
14
9
34
25
34
4
32
11
12
7
30
19
5
24
13
23
7
15
7
22
9
9
19
30
6
17
14
17
18
17
5
18
28
5
7
28
3
23
24
30
9
24
13
32
1
4
17
20
23
2
29
28
13
22
25
25
31
10
6
27
5
9
33
28
12
25
8
27
11
14
12
22
7
7
14
3
27
10
13
10
10
11
23
20
2
18
33
12
33
17
9
26
12
1
34
24
13
5
15
19
31
12
29
10
1
17
30
16
25
32
24
11
19
28
20
34
31
29
3
7
10
32
24
3
1
7
4
1
34
21
25
27
30
18
8
24
27
13
11
23
18
32
7
5
15
5
26
21
6
19
25
31
5
32
17
4
21
21
10
1
3
7
29
1
11
24
18
30
23
27
14
21
30
18
12
32
26
21
16
11
1
4
32
28
33
8
15
2
33
9
4
10
21
12
12
15
31
22
4
4
11
26
10
5
29
4
25
8
22
18
27
31
23
6
1
18
4
29
12
22
34
1
33
18
10
22
16
1
24
5
29
19
22
12
17
1
16
6
19
26
33
25
30
6
3
2
18
17
32
5
7
20
3
33
3
26
20
18
25
2
33
3
30
30
5
15
31
29
27
13
17
26
15
6
7
28
12
30
21
2
30
30
29
27
15
6
22
7
6
21
21
26
27
10
29
22
24
30
21
29
27
8
33
16
5
9
18
8
27
17
19
19
1
31
34
2
17
4
9
30
26
16
8
3
1
24
11
17
31
34
13
11
10
31
7
5
20
13
2
23
14
19
17
17
10
5
12
3
3
26
24
29
5
1
22
10
30
32
13
7
10
16
14
29
4
23
4
25
3
9
21
9
25
10
23
11
11
18
12
10
12
11
24
2
27
25
32
15
21
8
11
33
23
23
29
33
26
27
13
1
5
3
6
2
18
17
21
30
15
9
13
2
9
17
26
3
4
22
19
34
31
33
16
16
21
10
8
28
18
32
17
26
13
19
29
10
33
9
21
16
30
12
12
14
1
8
19
11
34
23
32
29
3
16
34
21
2
34
24
7
7
8
22
33
34
6
15
17
28
20
6
15
24
3
20
28
11
13
15
3
13
6
20
18
12
11
32
16
32
2
31
26
16
11
8
24
9
21
14
4
31
10
21
11
6
8
1
3
4
27
21
1
31
33
20
29
3
26
20
10
28
4
11
1
10
19
31
3
22
15
31
21
14
5
16
12
13
11
25
18
32
34
22
3
11
33
14
33
16
7
25
14
32
17
1
16
20
14
20
17
28
2
21
25
19
24
32
32
11
24
28
31
29
6
2
27
6
13
34
11
5
32
22
2
8
21
31
34
14
19
2
4
14
8
23
21
2
16
25
10
22
30
10
7
25
25
8
14
23
33
4
34
31
10
9
29
30
16
7
16
19
32
22
24
7
13
24
17
22
19
6
8
7
27
3
17
22
1
20
1
9
5
13
17
29
22
19
11
22
6
1
34
16
14
11
2
30
15
17
8
23
8
10
13
26
27
27
23
29
34
33
28
24
3
23
11
18
14
11
23
34
26
28
11
9
34
5
20
20
25
29
7
19
28
24
33
2
13
17
5
12
23
22
2
2
11
31
2
25
6
3
33
34
17
8
2
14
15
16
20
4
17
26
2
11
2
20
28
4
21
5
22
17
33
22
17
21
26
15
18
19
11
1
18
33
18
4
22
22
16
16
8
17
15
13
31
18
28
25
34
25
2
9
18
21
5
20
25
26
10
22
22
25
29
32
20
29
11
8
30
10
34
29
32
11
7
11
9
19
33
17
22
9
22
7
7
3
29
30
25
20
28
28
17
21
13
22
20
20
10
28
17
4
10
10
3
28
22
19
20
25
25
17
16
17
28
3
2
29
29
16
19
2
34
34
29
7
29
18
2
22
2
3
25
18
1
17
21
11
29
11
2
21
22
28
17
21
18
33
2
25
22
25
34
10
34
7
11
11
18
28
22
17
10
18
34
7
28
3
21
11
33
7
28
3
7
33
29
11
10
21
11
33
3
17
22
3
2
17
21
2
11
25
22
11
17
17
7
21
7
21
33
3
17
7
22
11
2
25
21
21
33
22
17
10
10
22
21
2
22
29
2
33
11
29
22
29
10
