18
20
14
19
22
30
29
6
17
15
19
19
16
18
23
16
10
1
10
2
17
19
16
19
1
15
4
4
5
16
12
3
3
14
3
3
20
27
2
13
14
23
16
15
21
8
23
15
1
31
30
20
18
24
30
6
24
6
26
9
19
17
9
8
5
20
12
27
24
6
22
25
16
26
2
8
9
14
24
8
16
11
28
3
22
10
20
8
30
3
23
14
15
3
8
24
30
31
15
15
20
27
16
5
4
10
11
3
30
2
15
8
25
3
28
28
5
26
11
21
22
9
6
19
12
18
20
13
16
15
26
8
23
2
30
28
14
5
29
25
17
19
23
19
24
25
17
14
5
1
8
31
28
23
9
15
8
19
31
22
7
26
15
22
2
15
31
24
29
3
29
7
19
30
10
21
1
3
19
31
4
26
13
7
11
20
24
20
6
31
17
23
29
4
8
9
21
15
19
16
7
8
6
2
20
8
22
16
1
28
13
8
12
7
5
14
30
5
19
22
3
11
27
18
22
24
29
14
31
21
31
19
7
7
15
18
15
14
4
17
10
11
17
31
9
26
25
4
31
26
11
12
6
19
20
3
10
17
3
30
2
17
20
27
7
27
3
24
12
28
19
14
8
4
11
27
7
19
20
11
25
24
3
4
31
9
30
29
9
31
3
1
30
21
5
3
30
9
24
9
15
19
22
31
15
21
7
22
3
31
27
12
26
27
26
3
13
17
6
20
26
1
1
5
26
14
19
12
12
19
15
21
13
5
30
2
3
17
1
4
1
27
16
8
29
4
28
2
28
10
25
7
21
5
10
1
25
31
5
18
9
15
11
12
18
30
21
29
19
9
28
16
11
6
29
12
14
17
31
15
8
23
31
8
10
28
19
29
13
23
19
1
15
7
1
17
9
21
30
15
17
18
3
5
30
21
23
31
2
8
22
19
19
8
22
1
1
1
12
1
27
30
8
11
22
20
16
6
14
31
2
20
15
28
15
22
19
18
5
6
20
10
9
19
19
24
8
15
31
3
11
31
9
3
10
20
29
2
9
27
14
24
29
25
23
5
8
9
11
20
17
27
2
31
27
4
3
12
16
7
5
1
28
23
7
29
17
3
23
1
4
30
9
4
3
30
13
28
4
23
12
11
26
13
4
29
28
1
19
28
15
22
27
14
2
30
28
27
11
30
25
29
28
5
28
17
4
26
13
27
21
25
8
8
17
27
13
29
2
23
8
28
12
31
7
28
14
3
19
8
12
20
10
26
8
15
30
4
24
18
17
20
2
12
9
30
26
25
11
4
4
6
9
15
2
20
28
6
19
9
10
21
8
31
8
28
2
21
8
5
29
4
18
26
5
30
7
5
27
1
10
31
31
18
10
15
25
11
3
5
20
12
8
10
4
4
19
17
12
12
22
6
15
8
29
30
21
3
6
25
24
2
13
11
31
29
25
8
13
17
10
21
20
28
30
6
13
7
14
12
13
24
28
9
13
4
19
22
4
24
1
24
7
26
12
8
30
28
20
18
30
26
18
2
4
19
14
21
21
23
4
31
3
3
29
6
23
21
5
1
17
29
7
14
2
13
14
12
2
5
27
5
25
22
3
15
18
26
9
3
16
7
11
27
9
12
30
17
19
12
30
10
25
26
27
4
4
21
20
9
19
28
10
22
13
14
12
9
18
6
29
18
13
3
19
9
21
5
15
6
8
13
25
19
30
4
5
7
20
3
16
15
1
25
13
7
28
20
18
18
25
8
9
3
30
30
20
3
6
21
19
3
23
16
14
13
22
5
11
28
31
5
10
30
29
6
17
12
31
5
3
18
23
5
2
7
20
6
12
8
29
18
5
27
31
5
30
9
28
22
11
3
11
21
28
20
30
24
6
12
7
3
14
4
21
10
17
28
4
7
16
18
14
9
20
28
8
3
16
8
28
13
2
4
17
1
20
12
5
13
4
30
5
22
25
9
4
8
19
27
14
28
12
15
28
6
6
1
4
3
23
24
12
30
23
19
17
5
1
15
3
11
18
14
13
5
17
31
26
12
7
3
8
9
14
23
19
18
12
31
20
12
22
31
2
9
19
2
12
18
3
8
14
8
31
27
4
28
4
31
12
12
22
4
1
2
11
8
15
9
17
13
17
5
6
29
27
28
30
14
4
5
18
30
4
20
13
8
9
7
28
9
3
18
7
2
6
7
14
30
8
31
8
2
2
31
28
3
4
5
7
14
9
8
8
9
5
2
19
17
3
17
17
17
17
19
14
19
14
4
