25
1
18
19
22
18
20
7
26
26
5
23
9
22
25
6
5
12
25
15
20
10
18
4
14
5
12
14
17
23
6
22
16
17
10
23
19
10
26
14
2
16
19
16
24
17
22
26
2
16
9
16
12
14
3
8
16
8
2
20
19
13
8
26
8
3
12
6
21
25
7
26
12
18
15
15
18
24
13
13
24
12
21
21
15
19
17
19
21
1
3
13
26
13
25
19
5
12
7
21
24
1
17
23
3
11
23
12
17
9
4
17
11
16
22
5
7
25
4
14
12
4
22
14
24
16
18
16
18
13
14
19
11
6
9
20
6
16
20
12
22
13
26
17
11
2
14
23
20
3
1
2
8
4
13
25
13
14
8
24
8
23
18
8
25
14
2
7
2
24
9
23
20
9
1
13
9
8
15
9
7
20
8
4
4
5
10
3
23
9
3
3
17
23
10
11
18
2
16
24
1
11
15
23
1
8
7
8
16
19
22
8
3
19
14
20
12
5
22
12
1
3
5
15
13
4
14
23
14
22
15
15
16
6
10
7
24
18
4
1
5
23
24
20
22
25
2
3
22
10
16
12
3
9
6
5
23
12
10
26
10
20
9
16
25
20
11
14
16
19
14
13
26
15
9
13
10
5
8
10
8
9
4
19
24
14
8
6
13
12
22
5
25
10
16
15
7
7
15
8
26
21
11
25
2
17
5
25
1
6
7
18
10
8
17
18
18
4
17
6
23
18
24
1
1
19
5
14
15
18
6
6
2
22
4
16
3
2
23
8
5
15
25
9
17
18
21
22
8
11
23
22
14
19
1
14
21
14
25
19
19
4
2
7
12
9
12
7
10
1
6
3
15
24
8
21
15
7
26
1
13
16
11
7
26
11
6
14
22
26
20
12
21
11
19
23
16
24
11
13
20
11
21
19
12
22
4
20
20
20
16
4
20
22
13
4
19
19
19
12
4
12
8
4
22
11
26
23
11
10
23
13
21
22
10
4
25
9
14
11
3
1
6
5
18
26
18
9
4
3
14
12
3
3
15
13
26
19
12
3
14
10
12
23
15
19
24
8
2
21
12
26
4
18
10
23
1
5
14
11
7
1
7
6
6
5
22
18
19
15
3
9
25
7
23
17
26
21
20
8
25
3
11
6
19
2
3
25
15
16
14
17
13
7
15
4
18
17
23
24
11
11
22
16
20
1
14
24
24
15
2
10
24
25
22
18
11
6
15
18
24
5
15
25
19
18
23
6
21
8
22
9
11
13
25
17
6
11
2
5
25
13
4
18
4
19
22
17
25
26
12
14
3
23
18
19
18
10
21
13
7
5
14
17
26
7
23
25
9
24
2
16
12
17
2
6
10
8
21
2
3
1
11
17
14
14
23
15
19
8
4
3
20
19
22
12
10
6
19
8
8
9
9
20
11
21
1
16
9
7
19
1
4
6
6
16
23
20
17
15
22
15
18
14
4
11
26
20
1
8
21
5
20
13
18
25
7
22
19
16
5
15
21
11
20
8
7
17
22
17
15
7
13
10
17
8
17
7
22
15
10
3
15
5
7
4
26
11
5
24
16
9
17
12
4
6
1
26
21
13
2
25
24
16
1
19
18
25
12
14
25
23
4
23
22
24
23
6
21
26
24
14
8
13
21
1
24
16
25
12
9
20
9
21
20
10
4
17
11
5
19
3
21
13
5
25
9
24
9
16
12
14
21
26
19
25
14
7
8
11
4
10
5
6
2
10
13
20
2
23
26
10
5
3
23
16
20
26
13
12
8
17
18
20
11
21
10
15
1
3
13
16
6
26
1
4
11
1
20
25
23
9
14
24
1
5
11
18
19
12
9
13
9
15
24
17
17
3
1
18
21
21
18
3
20
12
20
13
10
5
18
21
13
25
8
25
16
18
6
25
23
2
14
13
23
9
6
5
11
6
13
4
1
8
5
15
16
9
15
3
6
1
13
16
8
4
14
1
9
16
16
11
22
20
3
11
9
18
15
18
20
1
15
25
20
3
9
11
4
25
13
25
2
9
13
19
22
12
18
18
16
20
20
16
12
12
20
18
12
22
16
23
3
23
25
20
13
13
23
8
22
22
22
13
25
16
23
25
3
16
22
22
3
2
8
20
2
3
13
18
20
8
22
3
22
22
8
22
2
8
8
13
8
3
3
3
2
2
3
18
22
2
3
2
3
18
2
13
18
22
8
3
2
18
2
18
3
13
13
2
2
13
2
2
2
2
2
2
2
2
2
2
2
2
2
2
2
2
2
2
