13
27
1
23
25
31
25
5
3
4
23
11
32
7
17
10
23
30
2
14
14
29
21
29
21
6
31
20
19
5
10
21
12
8
12
20
31
13
32
21
17
16
30
30
11
20
25
24
32
17
27
14
12
25
26
20
6
18
8
2
10
15
24
17
26
25
27
8
28
28
23
32
22
12
26
25
19
20
23
20
25
28
6
15
4
5
31
9
24
19
9
18
24
27
21
24
31
18
3
19
4
22
31
11
21
5
27
29
24
7
10
19
9
32
5
1
29
1
28
6
6
24
18
30
24
21
27
9
9
1
5
14
6
10
1
12
27
8
9
7
27
13
19
17
21
3
2
9
8
30
14
19
16
9
14
4
24
18
15
2
5
2
5
25
30
19
14
26
8
14
8
29
12
10
27
23
10
30
27
31
21
7
28
7
11
16
31
21
11
5
7
16
29
16
14
29
26
28
30
31
17
21
4
7
2
10
9
3
28
18
11
10
11
12
1
3
24
15
14
12
18
7
2
22
15
19
9
5
26
3
24
29
5
9
32
31
15
13
26
2
22
23
9
16
20
32
20
21
12
23
31
8
31
13
7
12
3
29
23
3
22
28
25
28
2
8
4
29
27
13
2
30
6
11
17
25
6
2
14
7
8
32
6
17
11
21
18
5
14
5
15
31
20
10
16
29
16
8
30
15
15
13
19
20
31
31
25
22
18
10
6
18
30
6
1
17
26
20
1
9
19
14
22
16
16
7
31
31
25
7
20
9
21
21
17
12
8
27
30
2
4
16
12
27
13
20
14
24
27
23
26
32
7
28
30
18
29
18
11
30
24
8
19
1
5
23
30
17
1
8
1
15
28
18
10
30
29
16
4
16
24
26
13
2
15
20
3
9
30
17
15
3
32
9
12
9
12
16
32
4
1
24
15
29
15
11
17
5
10
4
15
17
30
11
19
14
6
1
1
2
21
19
19
10
3
9
16
2
15
19
2
22
17
9
12
19
25
2
18
16
30
4
10
29
4
13
26
14
18
16
7
30
11
4
19
3
11
29
32
1
7
22
13
9
17
21
5
14
26
2
6
21
6
4
20
32
8
23
7
10
25
21
23
22
14
3
9
17
6
3
16
5
24
30
20
20
18
21
10
1
24
30
19
22
10
4
24
27
11
10
5
17
23
5
9
26
26
31
5
1
3
6
27
27
21
4
22
12
28
30
32
32
12
11
28
5
9
7
28
29
27
30
27
20
30
25
10
30
16
18
26
10
7
26
3
22
15
28
9
14
24
24
12
10
2
28
29
8
5
12
22
22
15
31
18
23
15
3
21
28
19
1
25
1
25
23
8
27
1
15
20
13
16
21
13
8
15
19
10
25
30
4
17
14
3
27
11
13
17
24
31
12
17
7
10
7
25
13
13
13
22
32
10
13
32
12
2
4
18
19
28
31
3
13
1
20
6
21
28
8
19
28
9
4
11
16
11
25
8
31
26
7
13
6
25
24
23
25
3
7
1
28
31
23
8
21
13
13
17
16
20
29
24
12
11
26
22
9
18
9
18
24
3
6
23
32
25
13
7
4
26
29
21
11
2
8
13
14
11
24
19
26
10
23
14
31
17
13
26
17
23
18
19
2
4
4
32
23
20
25
31
3
25
16
9
29
16
6
22
26
29
32
12
19
3
6
13
26
22
30
29
17
29
7
19
2
32
1
29
32
31
10
8
17
8
23
14
32
25
7
31
14
6
14
2
4
2
6
9
16
2
4
18
9
17
4
31
10
32
29
17
9
16
6
3
14
26
12
9
32
7
18
3
22
6
8
18
21
17
14
29
19
16
8
17
10
3
31
32
7
14
30
26
29
19
6
26
12
9
26
22
12
16
25
10
17
18
32
6
29
6
22
30
22
6
17
31
3
25
7
16
14
14
6
3
29
3
3
25
3
18
14
14
7
31
32
21
32
7
30
12
18
18
9
19
16
18
7
16
7
22
29
21
12
12
22
32
32
21
6
30
12
3
3
22
16
18
32
21
3
3
22
9
18
14
7
22
3
17
17
32
17
14
22
7
18
17
18
30
16
12
14
18
7
32
16
9
9
7
32
7
17
17
16
3
16
12
22
12
22
18
9
31
31
9
18
22
12
14
31
22
9
3
7
17
14
18
12
22
22
12
9
9
9
12
31
14
7
12
12
22
12
31
9
31
14
31
9
31
31
22
12
7
14
22
9
31
31
22
22
31
14
31
22
9
31
31
9
22
14
22
22
22
14
14
14
9
14
31
9
