0 3
0 5
0 6
0 18
0 19
0 27
0 34
0 36
0 41
0 43
0 46
0 48
0 59
0 62
0 76
0 81
0 84
0 88
0 89
0 93
1 2
1 4
1 9
1 11
1 13
1 19
1 39
1 42
1 49
1 51
1 57
1 60
1 63
1 67
1 68
1 76
1 85
1 86
1 93
1 94
2 1
2 7
2 10
2 13
2 14
2 17
2 24
2 26
2 27
2 34
2 38
2 39
2 45
2 51
2 75
2 78
2 79
2 89
2 90
2 96
3 0
3 4
3 12
3 22
3 23
3 26
3 32
3 35
3 40
3 46
3 53
3 54
3 55
3 77
3 83
3 84
3 85
3 86
3 90
3 91
4 1
4 3
4 6
4 14
4 17
4 26
4 32
4 43
4 47
4 53
4 54
4 56
4 58
4 64
4 68
4 79
4 86
4 90
4 91
4 96
5 0
5 6
5 11
5 14
5 23
5 24
5 28
5 31
5 38
5 40
5 48
5 65
5 70
5 79
5 83
5 84
5 90
5 91
5 96
5 97
6 0
6 4
6 5
6 12
6 15
6 19
6 20
6 34
6 36
6 38
6 46
6 55
6 57
6 61
6 70
6 76
6 79
6 82
6 84
6 94
7 2
7 9
7 14
7 15
7 17
7 20
7 30
7 39
7 41
7 42
7 50
7 54
7 57
7 63
7 66
7 79
7 80
7 89
7 95
7 98
8 21
8 25
8 32
8 39
8 41
8 47
8 51
8 55
8 56
8 57
8 63
8 65
8 70
8 73
8 74
8 78
8 85
8 88
8 97
8 99
9 1
9 7
9 18
9 19
9 37
9 43
9 44
9 55
9 56
9 58
9 61
9 64
9 69
9 71
9 72
9 82
9 84
9 94
9 98
9 99
10 2
10 13
10 19
10 20
10 24
10 26
10 27
10 28
10 30
10 32
10 39
10 44
10 56
10 68
10 71
10 87
10 88
10 94
10 95
10 97
11 1
11 5
11 26
11 28
11 29
11 40
11 45
11 46
11 48
11 49
11 51
11 52
11 59
11 60
11 62
11 70
11 76
11 82
11 90
11 96
12 3
12 6
12 19
12 20
12 31
12 41
12 44
12 46
12 50
12 52
12 55
12 61
12 62
12 66
12 69
12 72
12 83
12 84
12 88
12 95
13 1
13 2
13 10
13 15
13 16
13 19
13 21
13 25
13 31
13 46
13 49
13 51
13 60
13 67
13 75
13 79
13 86
13 89
13 90
13 97
14 2
14 4
14 5
14 7
14 22
14 24
14 31
14 32
14 35
14 38
14 49
14 50
14 51
14 65
14 72
14 80
14 85
14 87
14 91
14 97
15 6
15 7
15 13
15 37
15 39
15 40
15 50
15 56
15 57
15 59
15 66
15 67
15 69
15 74
15 75
15 81
15 89
15 96
15 97
15 98
16 13
16 19
16 20
16 23
16 26
16 27
16 33
16 36
16 51
16 56
16 63
16 64
16 67
16 72
16 79
16 80
16 83
16 91
16 94
16 95
17 2
17 4
17 7
17 21
17 22
17 25
17 31
17 33
17 37
17 39
17 42
17 45
17 46
17 47
17 51
17 54
17 71
17 76
17 91
17 95
18 0
18 9
18 25
18 27
18 29
18 34
18 37
18 43
18 44
18 45
18 46
18 53
18 54
18 55
18 58
18 62
18 72
18 75
18 90
18 93
19 0
19 1
19 6
19 9
19 10
19 12
19 13
19 16
19 30
19 36
19 37
19 42
19 44
19 45
19 48
19 54
19 58
19 78
19 86
19 95
20 6
20 7
20 10
20 12
20 16
20 22
20 28
20 45
20 46
20 48
20 56
20 61
20 63
20 67
20 68
20 75
20 79
20 88
20 92
20 94
21 8
21 13
21 17
21 30
21 31
21 39
21 50
21 52
21 54
21 63
21 67
21 68
21 71
21 75
21 78
21 79
21 80
21 81
21 93
21 96
22 3
22 14
22 17
22 20
22 29
22 59
22 65
22 66
22 69
22 70
22 73
22 77
22 78
22 85
22 87
22 89
22 94
22 95
22 98
22 99
23 3
23 5
23 16
23 28
23 29
23 32
23 37
23 59
23 62
23 64
23 66
23 70
23 76
23 80
23 82
23 85
23 86
23 90
23 91
23 98
24 2
24 5
24 10
24 14
24 26
24 35
24 36
24 37
24 40
24 49
24 57
24 61
24 65
24 72
24 79
24 80
24 82
24 88
24 94
24 96
25 8
25 13
25 17
25 18
25 36
25 38
25 42
25 55
25 59
25 62
25 71
25 72
25 73
25 78
25 81
25 82
25 85
25 91
25 93
25 98
26 2
26 3
26 4
26 10
26 11
26 16
26 24
26 32
26 33
26 39
26 45
26 49
26 52
26 53
26 61
26 65
26 71
26 72
26 83
26 98
27 0
27 2
27 10
27 16
27 18
27 33
27 38
27 42
27 45
27 46
27 47
27 48
27 51
27 56
27 61
27 67
27 68
27 70
27 88
27 95
28 5
28 10
28 11
28 20
28 23
28 32
28 40
28 47
28 48
28 52
28 53
28 56
28 63
28 64
28 72
28 81
28 85
28 92
28 93
28 96
29 11
29 18
29 22
29 23
29 35
29 42
29 49
29 52
29 53
29 57
29 58
29 65
29 67
29 70
29 72
29 80
29 84
29 91
29 93
29 99
30 7
30 10
30 19
30 21
30 31
30 40
30 42
30 44
30 45
30 47
30 48
30 51
30 55
30 74
30 76
30 82
30 84
30 86
30 92
30 94
31 5
31 12
31 13
31 14
31 17
31 21
31 30
31 39
31 45
31 47
31 48
31 56
31 63
31 67
31 72
31 74
31 83
31 85
31 92
31 94
32 3
32 4
32 8
32 10
32 14
32 23
32 26
32 28
32 42
32 52
32 60
32 62
32 63
32 68
32 74
32 77
32 90
32 91
32 95
32 99
33 16
33 17
33 26
33 27
33 34
33 35
33 37
33 41
33 42
33 47
33 53
33 56
33 70
33 73
33 77
33 81
33 85
33 89
33 93
33 98
34 0
34 2
34 6
34 18
34 33
34 41
34 47
34 56
34 58
34 64
34 74
34 75
34 76
34 78
34 83
34 85
34 86
34 90
34 92
34 99
35 3
35 14
35 24
35 29
35 33
35 39
35 43
35 45
35 52
35 53
35 60
35 62
35 63
35 64
35 69
35 79
35 84
35 86
35 91
35 97
36 0
36 6
36 16
36 19
36 24
36 25
36 43
36 45
36 52
36 53
36 63
36 65
36 70
36 71
36 76
36 78
36 82
36 88
36 98
36 99
37 9
37 15
37 17
37 18
37 19
37 23
37 24
37 33
37 43
37 50
37 60
37 61
37 64
37 72
37 78
37 83
37 84
37 93
37 97
37 98
38 2
38 5
38 6
38 14
38 25
38 27
38 43
38 44
38 46
38 50
38 67
38 71
38 74
38 76
38 80
38 81
38 82
38 83
38 87
38 94
39 1
39 2
39 7
39 8
39 10
39 15
39 17
39 21
39 26
39 31
39 35
39 41
39 47
39 60
39 63
39 79
39 80
39 83
39 90
39 94
40 3
40 5
40 11
40 15
40 24
40 28
40 30
40 43
40 49
40 51
40 56
40 60
40 62
40 64
40 66
40 69
40 77
40 80
40 86
40 92
41 0
41 7
41 8
41 12
41 33
41 34
41 39
41 49
41 55
41 59
41 63
41 66
41 69
41 72
41 74
41 77
41 87
41 94
41 97
41 98
42 1
42 7
42 17
42 19
42 25
42 27
42 29
42 30
42 32
42 33
42 43
42 54
42 59
42 68
42 79
42 82
42 83
42 94
42 96
42 99
43 0
43 4
43 9
43 18
43 35
43 36
43 37
43 38
43 40
43 42
43 48
43 61
43 62
43 65
43 67
43 71
43 77
43 79
43 83
43 87
44 9
44 10
44 12
44 18
44 19
44 30
44 38
44 49
44 50
44 54
44 62
44 68
44 71
44 74
44 78
44 88
44 89
44 91
44 96
44 98
45 2
45 11
45 17
45 18
45 19
45 20
45 26
45 27
45 30
45 31
45 35
45 36
45 51
45 57
45 62
45 66
45 79
45 87
45 88
45 95
46 0
46 3
46 6
46 11
46 12
46 13
46 17
46 18
46 20
46 27
46 38
46 50
46 52
46 54
46 69
46 71
46 77
46 78
46 88
46 93
47 4
47 8
47 17
47 27
47 28
47 30
47 31
47 33
47 34
47 39
47 54
47 55
47 57
47 58
47 69
47 74
47 85
47 87
47 91
47 99
48 0
48 5
48 11
48 19
48 20
48 27
48 28
48 30
48 31
48 43
48 51
48 53
48 54
48 55
48 61
48 64
48 67
48 68
48 70
48 94
49 1
49 11
49 13
49 14
49 24
49 26
49 29
49 40
49 41
49 44
49 52
49 58
49 59
49 60
49 67
49 68
49 74
49 91
49 96
49 97
50 7
50 12
50 14
50 15
50 21
50 37
50 38
50 44
50 46
50 55
50 58
50 59
50 65
50 67
50 76
50 78
50 82
50 83
50 85
50 95
51 1
51 2
51 8
51 11
51 13
51 14
51 16
51 17
51 27
51 30
51 40
51 45
51 48
51 52
51 54
51 62
51 66
51 75
51 89
51 92
52 11
52 12
52 21
52 26
52 28
52 29
52 32
52 35
52 36
52 46
52 49
52 51
52 68
52 69
52 72
52 77
52 84
52 88
52 90
52 96
53 3
53 4
53 18
53 26
53 28
53 29
53 33
53 35
53 36
53 48
53 62
53 64
53 73
53 77
53 78
53 80
53 81
53 86
53 96
53 97
54 3
54 4
54 7
54 17
54 18
54 19
54 21
54 42
54 44
54 46
54 47
54 48
54 51
54 57
54 60
54 64
54 67
54 68
54 88
54 95
55 3
55 6
55 8
55 9
55 12
55 18
55 25
55 30
55 41
55 47
55 48
55 50
55 66
55 73
55 76
55 79
55 84
55 88
55 98
55 99
56 4
56 8
56 9
56 10
56 15
56 16
56 20
56 27
56 28
56 31
56 33
56 34
56 40
56 57
56 58
56 59
56 69
56 76
56 89
56 92
57 1
57 6
57 7
57 8
57 15
57 24
57 29
57 45
57 47
57 54
57 56
57 66
57 79
57 83
57 85
57 87
57 91
57 92
57 97
57 99
58 4
58 9
58 18
58 19
58 29
58 34
58 47
58 49
58 50
58 56
58 69
58 70
58 71
58 73
58 75
58 77
58 81
58 87
58 91
58 95
59 0
59 11
59 15
59 22
59 23
59 25
59 41
59 42
59 49
59 50
59 56
59 63
59 66
59 75
59 76
59 81
59 87
59 89
59 90
59 99
60 1
60 11
60 13
60 32
60 35
60 37
60 39
60 40
60 49
60 54
60 61
60 65
60 71
60 73
60 80
60 85
60 86
60 90
60 96
60 97
61 6
61 9
61 12
61 20
61 24
61 26
61 27
61 37
61 43
61 48
61 60
61 62
61 65
61 76
61 77
61 82
61 83
61 85
61 98
61 99
62 0
62 11
62 12
62 18
62 23
62 25
62 32
62 35
62 40
62 43
62 44
62 45
62 51
62 53
62 61
62 70
62 76
62 79
62 84
62 93
63 1
63 7
63 8
63 16
63 20
63 21
63 28
63 31
63 32
63 35
63 36
63 39
63 41
63 59
63 68
63 79
63 80
63 81
63 95
63 98
64 4
64 9
64 16
64 23
64 28
64 34
64 35
64 37
64 40
64 48
64 53
64 54
64 66
64 72
64 78
64 80
64 90
64 95
64 96
64 98
65 5
65 8
65 14
65 22
65 24
65 26
65 29
65 36
65 43
65 50
65 60
65 61
65 72
65 74
65 75
65 80
65 86
65 87
65 90
65 94
66 7
66 12
66 15
66 22
66 23
66 40
66 41
66 45
66 51
66 55
66 57
66 59
66 64
66 70
66 76
66 81
66 82
66 92
66 97
66 99
67 1
67 13
67 15
67 16
67 20
67 21
67 27
67 29
67 31
67 38
67 43
67 48
67 49
67 50
67 54
67 74
67 82
67 87
67 94
67 96
68 1
68 4
68 10
68 20
68 21
68 27
68 32
68 42
68 44
68 48
68 49
68 52
68 54
68 63
68 75
68 77
68 81
68 83
68 95
68 99
69 9
69 12
69 15
69 22
69 35
69 40
69 41
69 46
69 47
69 52
69 56
69 58
69 77
69 78
69 81
69 85
69 86
69 88
69 91
69 92
70 5
70 6
70 8
70 11
70 22
70 23
70 27
70 29
70 33
70 36
70 48
70 58
70 62
70 66
70 73
70 75
70 80
70 85
70 89
70 97
71 9
71 10
71 17
71 21
71 25
71 26
71 36
71 38
71 43
71 44
71 46
71 58
71 60
71 76
71 82
71 87
71 90
71 94
71 95
71 98
72 9
72 12
72 14
72 16
72 18
72 24
72 25
72 26
72 28
72 29
72 31
72 37
72 41
72 52
72 64
72 65
72 75
72 80
72 86
72 93
73 8
73 22
73 25
73 33
73 53
73 55
73 58
73 60
73 70
73 74
73 80
73 81
73 84
73 85
73 86
73 87
73 90
73 92
73 93
73 96
74 8
74 15
74 30
74 31
74 32
74 34
74 38
74 41
74 44
74 47
74 49
74 65
74 67
74 73
74 77
74 81
74 87
74 90
74 92
74 96
75 2
75 13
75 15
75 18
75 20
75 21
75 34
75 51
75 58
75 59
75 65
75 68
75 70
75 72
75 85
75 87
75 89
75 92
75 95
75 99
76 0
76 1
76 6
76 11
76 17
76 23
76 30
76 34
76 36
76 38
76 50
76 55
76 56
76 59
76 61
76 62
76 66
76 71
76 83
76 95
77 3
77 22
77 32
77 33
77 40
77 41
77 43
77 46
77 52
77 53
77 58
77 61
77 68
77 69
77 74
77 81
77 89
77 93
77 97
77 99
78 2
78 8
78 19
78 21
78 22
78 25
78 34
78 36
78 37
78 44
78 46
78 50
78 53
78 64
78 69
78 82
78 87
78 88
78 93
78 98
79 2
79 4
79 5
79 6
79 7
79 13
79 16
79 20
79 21
79 24
79 35
79 39
79 42
79 43
79 45
79 55
79 57
79 62
79 63
79 86
80 7
80 14
80 16
80 21
80 23
80 24
80 29
80 38
80 39
80 40
80 53
80 60
80 63
80 64
80 65
80 70
80 72
80 73
80 82
80 89
81 0
81 15
81 21
81 25
81 28
81 33
81 38
81 53
81 58
81 59
81 63
81 66
81 68
81 69
81 73
81 74
81 77
81 82
81 84
81 99
82 6
82 9
82 11
82 23
82 24
82 25
82 30
82 36
82 38
82 42
82 50
82 61
82 66
82 67
82 71
82 78
82 80
82 81
82 89
82 93
83 3
83 5
83 12
83 16
83 26
83 31
83 34
83 37
83 38
83 39
83 42
83 43
83 50
83 57
83 61
83 68
83 76
83 84
83 88
83 93
84 0
84 3
84 5
84 6
84 9
84 12
84 29
84 30
84 35
84 37
84 52
84 55
84 62
84 73
84 81
84 83
84 86
84 88
84 94
84 98
85 1
85 3
85 8
85 14
85 22
85 23
85 25
85 28
85 31
85 33
85 34
85 47
85 50
85 57
85 60
85 61
85 69
85 70
85 73
85 75
86 1
86 3
86 4
86 13
86 19
86 23
86 30
86 34
86 35
86 40
86 53
86 60
86 65
86 69
86 72
86 73
86 79
86 84
86 88
86 91
87 10
87 14
87 22
87 38
87 41
87 43
87 45
87 47
87 57
87 58
87 59
87 65
87 67
87 71
87 73
87 74
87 75
87 78
87 95
87 97
88 0
88 8
88 10
88 12
88 20
88 24
88 27
88 36
88 44
88 45
88 46
88 52
88 54
88 55
88 69
88 78
88 83
88 84
88 86
88 93
89 0
89 2
89 7
89 13
89 15
89 22
89 33
89 44
89 51
89 56
89 59
89 70
89 75
89 77
89 80
89 82
89 92
89 93
89 97
89 98
90 2
90 3
90 4
90 5
90 11
90 13
90 18
90 23
90 32
90 34
90 39
90 52
90 59
90 60
90 64
90 65
90 71
90 73
90 74
90 92
91 3
91 4
91 5
91 14
91 16
91 17
91 23
91 25
91 29
91 32
91 35
91 44
91 47
91 49
91 57
91 58
91 69
91 86
91 92
91 97
92 20
92 28
92 30
92 31
92 34
92 40
92 51
92 56
92 57
92 66
92 69
92 73
92 74
92 75
92 89
92 90
92 91
92 93
92 96
92 97
93 0
93 1
93 18
93 21
93 25
93 28
93 29
93 33
93 37
93 46
93 62
93 72
93 73
93 77
93 78
93 82
93 83
93 88
93 89
93 92
94 1
94 6
94 9
94 10
94 16
94 20
94 22
94 24
94 30
94 31
94 38
94 39
94 41
94 42
94 48
94 65
94 67
94 71
94 84
94 99
95 7
95 10
95 12
95 16
95 17
95 19
95 22
95 27
95 32
95 45
95 50
95 54
95 58
95 63
95 64
95 68
95 71
95 75
95 76
95 87
96 2
96 4
96 5
96 11
96 15
96 21
96 24
96 28
96 42
96 44
96 49
96 52
96 53
96 60
96 64
96 67
96 73
96 74
96 92
96 99
97 5
97 8
97 10
97 13
97 14
97 15
97 35
97 37
97 41
97 49
97 53
97 57
97 60
97 66
97 70
97 77
97 87
97 89
97 91
97 92
98 7
98 9
98 15
98 22
98 23
98 25
98 26
98 33
98 36
98 37
98 41
98 44
98 55
98 61
98 63
98 64
98 71
98 78
98 84
98 89
99 8
99 9
99 22
99 29
99 32
99 34
99 36
99 42
99 47
99 55
99 57
99 59
99 61
99 66
99 68
99 75
99 77
99 81
99 94
99 96
