9 51 0
4 81 0
50 86 0
29 92 0
101 104 0
84 122 0
118 134 0
66 142 0
97 149 0
112 156 0
27 158 0
52 165 0
70 165 0
121 176 0
32 179 0
137 179 0
125 187 0
64 190 0
119 193 0
63 201 0
109 209 0
183 211 0
12 216 0
71 220 0
30 221 0
100 223 0
38 224 0
85 224 0
87 225 0
142 231 0
104 233 0
4 235 0
113 240 0
56 244 0
218 246 0
126 255 0
102 256 0
42 258 0
122 261 0
260 261 0
56 262 0
95 264 0
77 268 0
85 274 0
117 278 0
133 281 0
188 282 0
65 283 0
261 284 0
188 285 0
254 286 0
164 287 0
97 289 1
225 290 0
150 293 0
248 294 0
19 295 0
211 295 0
248 297 0
177 298 0
213 298 1
164 303 0
140 307 0
36 308 0
19 311 0
272 313 0
28 314 0
179 314 0
220 315 0
96 318 0
256 318 0
268 318 0
316 320 0
317 320 0
28 324 0
308 324 0
46 327 0
12 332 0
327 334 0
1 335 0
174 336 0
44 340 0
207 340 0
49 341 0
53 341 0
106 343 0
300 343 0
196 344 0
1 345 0
23 346 0
86 349 0
50 354 0
68 354 0
72 355 0
130 355 0
260 357 0
324 357 0
276 359 0
300 359 0
202 361 0
294 361 0
153 363 0
361 364 0
57 365 0
232 365 0
212 366 0
306 367 0
42 368 0
344 368 1
351 369 0
184 376 0
203 377 0
156 379 0
174 379 0
339 379 0
230 380 0
300 382 0
345 382 1
21 390 0
342 390 0
47 392 0
2 394 0
147 394 0
217 394 0
234 396 0
301 397 0
299 401 0
227 407 0
66 408 0
322 408 0
52 411 0
329 411 1
266 412 0
118 413 0
291 414 0
370 417 0
5 418 1
115 422 0
120 422 0
366 422 0
359 424 0
71 425 0
287 427 0
292 427 0
145 428 0
381 428 0
414 428 0
189 429 0
135 430 0
363 431 0
137 432 0
162 432 1
335 432 0
428 433 1
155 434 0
267 437 0
380 437 0
37 439 0
229 439 0
136 440 0
183 440 0
203 441 0
419 441 0
36 442 0
260 442 0
284 443 0
423 443 0
123 444 1
226 444 0
68 447 0
199 447 0
398 447 0
57 449 0
345 449 0
118 452 0
374 452 0
245 454 0
422 454 0
44 455 0
113 456 0
176 457 0
225 457 0
401 461 0
7 463 0
182 463 0
400 464 0
60 465 0
98 465 0
367 465 0
304 470 0
358 471 0
453 471 1
76 472 0
214 472 0
50 476 0
380 476 0
25 479 0
309 479 0
326 479 0
49 480 0
273 480 0
346 480 0
182 482 0
420 482 1
190 483 0
228 484 0
476 484 0
210 486 0
244 486 0
263 486 0
184 487 0
12 488 0
371 488 1
30 489 0
179 489 0
209 489 0
417 490 1
456 490 0
10 491 0
95 491 0
344 491 0
445 491 0
175 492 1
289 492 0
467 492 0
188 495 0
477 496 0
152 497 0
2 498 0
110 498 0
334 498 0
363 499 0
472 499 0
34 500 0
147 501 0
171 502 0
342 502 0
422 502 0
3 504 0
438 504 0
452 505 0
302 506 1
385 506 0
42 507 0
332 507 1
171 508 0
262 508 0
436 508 0
460 508 0
213 509 0
252 510 0
356 510 0
389 510 0
483 511 0
462 512 0
427 513 0
500 514 0
314 516 0
274 517 0
233 518 0
368 518 1
164 519 0
251 519 0
352 519 0
73 523 0
448 523 0
364 524 0
248 525 0
305 525 0
272 528 0
374 528 0
175 530 0
196 530 0
220 530 0
485 530 1
159 531 0
261 531 0
519 531 0
311 532 0
221 534 0
369 534 0
470 534 0
255 535 0
418 535 0
228 537 0
30 538 0
208 538 1
276 538 0
477 538 0
371 539 0
101 540 0
297 540 0
396 540 0
481 541 0
26 542 0
356 542 0
536 543 0
229 544 0
543 545 0
81 546 0
263 546 1
307 546 0
82 548 0
246 548 0
250 548 0
420 549 0
319 551 0
349 551 0
487 551 0
2 552 0
302 552 0
339 553 0
447 555 0
18 556 0
549 557 0
28 558 0
271 558 0
152 560 0
204 560 0
278 561 0
196 562 0
409 563 0
525 563 0
162 564 1
164 564 0
366 564 0
432 564 1
485 564 0
35 565 1
60 566 0
216 566 0
218 566 0
160 567 0
347 569 0
548 569 1
550 569 1
95 570 0
392 570 0
64 571 0
40 572 0
337 572 0
535 572 0
559 572 0
238 573 1
212 574 0
535 574 0
395 575 0
384 576 0
78 577 0
265 577 0
275 577 0
284 577 0
111 578 0
461 578 0
269 579 0
456 579 1
462 580 0
499 580 0
514 580 0
82 581 0
337 581 0
551 581 0
107 583 0
321 583 0
409 583 1
199 584 0
414 584 1
346 585 0
41 586 0
473 586 0
219 587 1
338 587 0
458 587 1
471 587 0
82 588 0
231 588 0
20 589 1
44 591 0
175 591 0
189 591 0
512 591 1
60 592 0
172 592 0
571 592 0
431 593 0
479 593 0
450 594 0
166 595 0
543 595 0
43 596 0
67 596 0
255 596 0
405 596 0
361 597 0
533 597 0
257 598 1
412 598 1
496 598 0
161 599 0
364 599 0
8 600 0
360 600 0
413 600 0
424 600 0
200 601 1
434 601 0
534 601 0
591 601 1
167 602 0
3 603 0
95 603 0
232 604 0
307 604 0
154 605 0
197 605 0
384 606 0
477 606 1
410 607 1
585 607 0
126 608 0
521 608 1
526 608 1
105 609 0
45 610 1
202 610 0
330 611 0
431 611 0
466 611 0
540 611 0
569 611 0
100 612 0
595 612 0
149 613 0
212 613 0
14 614 0
31 614 0
224 615 0
350 615 0
563 615 1
581 615 0
435 617 0
464 617 0
387 618 0
527 618 0
599 618 1
527 619 0
315 620 0
399 621 0
563 621 0
170 622 0
541 622 1
117 623 0
146 623 0
459 623 0
468 623 0
521 623 0
101 624 0
260 624 0
496 624 0
79 625 0
280 625 0
555 625 0
580 625 1
106 626 0
341 626 0
544 626 0
576 626 0
533 627 0
619 627 0
411 628 0
294 629 0
355 629 0
491 629 0
605 629 0
351 630 0
239 632 0
473 632 0
481 632 0
120 633 0
259 633 0
80 634 0
449 634 1
610 634 0
138 635 0
247 635 0
517 635 0
579 635 0
62 636 0
181 636 0
413 636 0
29 637 1
274 637 0
586 637 1
3 638 0
148 638 0
446 638 0
207 639 0
509 639 0
135 640 0
160 640 0
315 640 0
520 641 0
11 642 0
554 642 0
583 642 0
635 642 0
119 643 0
253 643 0
476 643 0
446 644 1
643 644 0
236 645 0
637 645 0
133 646 0
642 646 0
390 647 0
291 648 0
565 648 0
333 649 0
547 649 0
201 650 0
235 650 0
334 650 0
349 650 0
391 651 0
406 651 0
169 652 0
194 652 0
269 652 1
373 652 0
584 652 1
29 653 0
357 653 0
392 653 0
469 653 0
539 653 0
597 653 0
130 654 0
598 654 0
624 654 0
31 655 0
160 655 0
600 655 0
651 655 1
369 656 0
568 656 0
638 656 0
347 657 0
362 657 0
427 657 1
459 657 0
103 658 0
146 658 0
214 658 0
554 659 0
583 659 0
638 659 0
553 660 1
651 660 0
89 661 0
590 661 0
657 661 0
382 662 0
516 662 1
636 662 0
165 663 0
328 663 0
408 663 0
537 663 0
77 664 0
425 664 0
529 664 0
647 664 0
659 664 0
271 665 0
590 665 0
83 666 0
589 666 0
309 667 0
113 668 0
267 668 0
370 668 0
451 668 0
524 668 0
587 668 0
604 668 0
133 669 0
144 669 0
282 669 0
352 670 0
460 670 0
592 670 0
633 670 0
70 671 0
324 671 0
353 671 0
25 672 0
33 672 0
85 672 0
525 672 0
624 672 0
7 673 0
487 673 0
672 673 0
275 674 0
451 674 0
576 674 0
652 674 0
75 675 0
351 675 0
603 675 1
189 676 0
388 676 0
401 676 0
541 676 0
285 677 1
635 677 0
651 677 0
665 677 0
82 678 0
287 678 0
43 679 0
658 679 1
424 680 0
605 680 0
577 681 0
654 682 0
103 683 1
317 684 0
511 684 1
533 684 0
153 685 0
170 685 0
490 685 0
546 685 0
151 686 0
372 686 0
452 686 0
565 686 1
396 687 0
234 688 0
402 688 0
456 688 0
469 688 0
604 688 0
63 689 0
80 689 0
186 689 0
252 689 0
288 689 0
518 689 0
602 689 0
653 689 0
123 690 0
158 690 0
396 690 1
623 690 0
46 691 0
641 691 0
102 692 0
163 692 0
237 692 1
607 692 0
149 693 0
387 693 0
664 693 1
196 694 0
671 694 1
147 695 0
409 695 0
552 695 0
606 695 0
648 695 1
403 696 0
55 697 0
205 697 0
259 697 0
682 697 0
79 698 0
599 698 1
618 698 1
133 699 0
353 699 0
371 699 0
497 699 0
519 699 0
538 699 0
577 699 0
108 700 0
143 701 0
222 702 0
286 702 0
374 702 0
111 703 0
192 703 0
258 703 0
425 703 0
23 704 0
345 704 0
485 704 0
617 704 1
688 704 2
108 705 1
477 705 0
687 705 1
63 706 0
443 706 0
499 706 0
157 707 1
323 707 0
624 707 0
59 708 1
7 709 0
246 709 1
374 709 0
428 709 0
555 709 0
139 710 0
157 710 0
539 710 0
628 710 2
115 711 0
375 711 0
385 711 0
412 711 1
512 711 0
703 711 1
401 712 0
493 712 0
631 712 0
235 713 0
322 713 0
426 713 0
708 713 0
326 714 0
334 714 0
551 714 0
34 715 0
406 715 0
431 715 1
32 716 0
325 716 0
454 716 0
462 716 0
589 716 0
615 716 0
168 717 0
402 717 0
500 717 1
662 717 0
129 718 0
271 718 0
573 718 0
675 718 1
258 719 0
362 719 0
515 719 1
537 719 1
554 719 0
643 719 0
322 720 0
499 720 0
636 720 0
348 721 0
462 721 0
546 721 0
681 721 1
707 721 0
713 721 0
116 722 1
577 722 0
578 722 1
484 723 0
495 723 0
529 723 0
693 723 0
717 723 0
91 724 0
336 724 0
655 724 0
673 724 0
453 725 0
565 725 0
581 725 0
653 725 0
435 726 1
640 726 0
725 726 1
21 727 0
99 727 0
106 727 0
275 727 0
478 727 0
526 727 0
725 727 0
241 728 0
378 728 0
404 728 0
511 728 1
579 728 0
583 728 0
457 729 0
541 729 0
278 730 0
329 730 0
384 730 0
544 730 1
715 730 0
180 731 1
256 731 0
267 731 0
386 731 0
456 731 0
474 731 0
614 731 0
619 731 0
716 731 0
286 732 0
498 732 0
596 732 1
124 733 0
418 733 0
461 733 0
612 733 0
64 734 0
419 734 0
103 735 1
215 735 0
310 735 0
339 735 0
566 735 0
570 735 0
584 735 0
586 735 0
683 735 1
714 735 0
37 736 0
107 736 1
127 736 0
193 737 0
310 737 0
360 737 1
430 737 1
316 738 0
581 738 0
724 738 1
48 739 0
141 739 1
286 739 0
342 739 1
436 739 0
709 739 1
712 739 0
206 740 1
222 740 0
265 740 0
490 741 0
117 742 0
226 742 0
409 742 0
671 742 1
694 742 2
698 742 0
443 743 1
529 743 2
619 743 0
264 744 0
659 744 0
741 744 3
578 745 0
586 745 1
637 745 1
685 745 0
732 745 0
80 746 0
247 746 0
323 746 0
369 746 0
588 746 0
670 746 0
723 746 0
180 747 0
305 747 0
409 747 0
494 747 0
548 747 0
692 747 0
469 748 0
522 748 1
625 748 0
639 748 0
736 748 0
273 749 0
290 749 0
521 749 0
638 749 1
655 749 0
738 749 2
22 750 0
248 750 0
386 750 0
465 750 1
543 750 0
729 750 0
177 751 0
447 751 1
145 752 0
270 752 0
483 752 0
539 752 0
550 752 1
250 753 0
385 753 0
434 753 0
522 753 0
550 753 0
741 753 2
62 754 1
210 754 0
288 754 0
476 754 0
669 754 0
740 754 1
362 755 0
445 755 0
534 755 0
69 756 0
505 756 0
530 756 0
663 756 2
667 756 1
280 757 1
348 757 1
463 757 0
516 757 0
526 757 0
654 757 0
17 758 0
69 758 0
100 758 0
423 758 0
512 758 0
522 758 1
523 758 0
594 758 0
157 759 0
223 759 0
282 759 0
409 759 1
467 759 0
532 759 0
583 759 1
138 760 0
280 760 0
693 760 2
78 761 1
365 761 0
744 761 1
297 762 0
348 762 1
434 762 0
583 762 0
635 762 0
638 762 0
55 763 0
63 763 0
123 763 0
173 763 0
431 763 0
3 764 0
45 764 0
70 764 0
482 764 0
585 764 1
626 764 0
659 764 0
1 765 0
26 765 0
120 765 0
421 765 0
459 765 0
747 765 1
8 766 0
212 766 0
634 766 2
651 766 2
655 766 2
275 767 0
300 767 1
356 767 0
387 767 0
485 767 0
689 767 0
266 768 0
467 768 0
570 768 0
342 769 0
359 769 0
681 769 0
65 770 0
153 770 0
211 770 0
277 770 0
327 770 1
670 770 1
178 771 1
501 771 1
736 771 1
16 772 0
426 772 0
644 772 1
697 772 0
735 772 0
763 772 0
11 773 0
237 773 0
252 773 0
298 773 0
568 773 0
610 773 0
672 773 0
678 773 0
717 773 0
744 773 0
36 774 0
259 774 0
406 774 0
554 774 0
646 774 2
650 774 0
750 774 0
313 775 0
375 775 0
515 775 1
525 775 0
588 775 0
135 776 0
471 776 0
531 776 0
362 777 0
404 777 1
557 777 0
682 777 0
754 777 0
769 777 0
41 778 0
249 778 0
261 778 0
767 778 1
330 779 0
448 779 0
540 779 0
562 779 0
577 779 0
734 779 0
765 779 2
769 779 0
216 780 0
381 780 0
433 780 0
641 780 0
680 780 0
700 780 2
738 780 0
746 780 1
48 781 0
293 781 1
578 781 0
737 781 0
752 781 0
299 782 1
416 782 0
722 782 1
762 782 0
24 783 0
266 783 0
282 783 0
509 783 0
723 783 0
18 784 0
368 784 0
597 784 2
743 784 3
57 785 0
93 785 0
463 785 0
515 785 1
544 785 0
573 785 0
667 785 0
706 785 0
775 785 2
782 785 0
35 786 1
253 786 1
448 786 0
565 786 1
581 786 0
676 786 0
703 786 1
751 786 1
781 786 0
17 787 0
243 787 0
460 787 1
768 787 1
783 787 0
195 788 1
339 788 0
758 788 0
777 788 0
19 789 1
351 789 0
375 789 0
444 789 0
474 789 0
547 789 1
573 789 0
642 789 0
771 789 0
126 790 0
515 790 1
667 790 0
697 790 1
719 790 1
62 791 0
87 791 0
122 791 0
381 791 0
421 791 0
590 791 0
606 791 0
632 791 0
705 791 0
757 791 0
42 792 0
125 792 1
349 792 0
426 792 0
502 792 0
522 792 0
555 792 0
677 792 0
108 793 1
364 793 0
559 793 0
705 793 1
740 793 0
770 793 0
773 793 1
15 794 0
216 794 0
362 794 0
673 794 1
696 794 0
772 794 0
788 794 2
177 795 0
222 795 0
297 795 0
571 795 0
585 795 0
620 795 1
681 795 0
693 795 0
750 795 0
783 795 0
156 796 0
172 796 0
198 796 0
255 796 0
405 796 0
708 796 0
751 796 0
753 796 1
793 796 0
296 797 0
435 797 1
454 797 0
462 797 0
701 797 0
708 797 1
778 797 1
793 797 0
0 798 0
439 798 0
501 798 2
438 799 0
567 799 0
617 799 0
692 799 0
716 799 0
755 799 2
217 800 1
325 800 1
436 800 1
524 800 1
582 800 0
606 800 0
634 800 0
645 800 0
243 801 1
320 801 0
497 801 0
546 801 0
554 801 0
585 801 1
669 801 2
759 801 0
764 801 1
83 802 0
98 802 0
276 802 0
301 802 1
619 802 2
771 802 2
800 802 0
47 803 0
371 803 1
379 803 0
427 803 2
460 803 0
488 803 1
617 803 0
657 803 1
791 803 0
84 804 0
189 804 0
296 804 0
517 804 0
619 804 0
35 805 0
279 805 1
551 805 0
554 805 0
610 805 0
771 805 0
803 805 2
68 806 0
201 806 0
613 806 0
661 806 0
162 807 0
436 807 0
529 807 2
690 807 0
691 807 0
698 807 0
743 807 2
784 807 3
793 807 0
435 808 1
505 808 0
640 808 1
647 808 1
681 808 1
702 808 1
704 808 0
790 808 1
797 808 3
93 809 0
105 809 0
190 809 0
253 809 0
394 809 0
525 809 0
646 809 1
774 809 1
798 809 0
81 810 0
295 810 1
524 810 1
561 810 0
699 810 0
707 810 1
718 810 0
725 810 0
787 810 0
277 811 1
292 811 0
426 811 0
521 811 1
611 811 0
617 811 0
656 811 0
671 811 0
720 811 3
51 812 0
118 812 0
311 812 1
563 812 1
615 812 1
670 812 0
705 812 0
711 812 1
717 812 0
102 813 0
131 813 0
232 813 0
313 813 0
325 813 0
453 813 0
666 813 2
738 813 1
51 814 0
150 814 1
226 814 0
326 814 0
425 814 0
526 814 0
636 814 0
698 814 0
713 814 0
726 814 0
175 815 1
230 815 0
240 815 0
291 815 0
340 815 0
492 815 1
523 815 0
630 815 0
510 816 0
632 816 0
654 816 1
681 816 0
705 816 0
776 816 1
794 816 0
799 816 1
27 817 0
92 817 1
105 817 0
365 817 0
394 817 0
478 817 0
712 817 1
724 817 0
758 817 0
800 817 0
197 818 0
438 818 0
499 818 0
599 818 0
663 818 0
719 818 0
798 818 4
5 819 0
24 819 0
393 819 1
536 819 1
639 819 0
777 819 1
790 819 0
53 820 0
388 820 0
425 820 0
449 820 0
466 820 0
688 820 0
710 820 0
720 820 2
726 820 0
742 820 1
811 820 2
125 821 1
463 821 0
492 821 0
771 821 3
790 821 0
792 821 2
802 821 2
271 822 0
390 822 0
400 822 0
444 822 0
462 822 0
503 822 2
562 822 1
732 822 2
4 823 0
304 823 1
506 823 0
658 823 0
701 823 0
715 823 0
752 823 2
114 824 0
494 824 0
568 824 0
614 824 2
687 824 2
818 824 3
33 825 0
46 825 1
167 825 1
661 825 2
677 825 0
718 825 0
763 825 0
768 825 2
820 825 0
86 826 0
436 826 0
639 826 0
675 826 1
730 826 1
740 826 1
822 826 3
1 827 0
16 827 0
281 827 0
441 827 0
472 827 0
483 827 0
575 827 0
729 827 0
770 827 0
804 827 1
104 828 0
116 828 0
257 828 1
258 828 0
284 828 0
393 828 0
419 828 0
486 828 0
598 828 2
613 828 0
713 828 0
761 828 0
132 829 0
557 829 1
568 829 0
605 829 0
649 829 2
650 829 0
730 829 0
103 830 0
143 830 0
166 830 0
215 830 0
307 830 0
526 830 0
709 830 0
732 830 2
789 830 0
826 830 2
39 831 1
44 831 0
89 831 0
437 831 0
570 831 1
592 831 0
612 831 1
647 831 0
787 831 1
355 832 0
458 832 0
715 832 0
729 832 1
768 832 1
798 832 0
799 832 0
815 832 0
116 833 2
341 833 0
388 833 0
421 833 0
722 833 1
734 833 0
756 833 0
154 834 0
155 834 1
279 834 0
389 834 0
549 834 1
665 834 0
706 834 0
822 834 0
0 835 1
54 835 1
307 835 0
341 835 0
580 835 1
599 835 0
603 835 0
625 835 1
770 835 0
803 835 0
333 836 0
673 836 0
741 836 0
764 836 0
798 836 5
818 836 5
824 836 3
102 837 0
649 837 0
702 837 1
741 837 3
744 837 2
753 837 1
818 837 0
59 838 0
415 838 0
455 838 1
505 838 1
595 838 0
713 838 0
716 838 1
745 838 0
797 838 1
415 839 0
588 839 0
710 839 1
779 839 1
790 839 0
827 839 2
39 840 2
322 840 0
395 840 0
453 840 0
490 840 0
510 840 0
630 840 0
631 840 0
658 840 1
679 840 1
736 840 1
821 840 0
831 840 1
125 841 0
282 841 0
478 841 0
494 841 0
676 841 1
761 841 1
823 841 3
835 841 0
53 842 0
172 842 1
220 842 0
272 842 1
283 842 0
503 842 0
690 842 0
720 842 0
742 842 0
767 842 2
790 842 0
836 842 0
837 842 0
24 843 0
39 843 1
86 843 0
115 843 0
122 843 0
423 843 1
615 843 0
798 843 0
840 843 1
32 844 0
48 844 0
256 844 0
273 844 0
295 844 0
367 844 0
552 844 0
755 844 0
807 844 1
829 844 0
38 845 0
260 845 0
381 845 0
489 845 0
502 845 0
515 845 0
590 845 1
629 845 1
662 845 1
753 845 1
9 846 0
104 846 0
361 846 0
389 846 0
417 846 0
422 846 0
724 846 0
741 846 0
773 846 1
782 846 0
793 846 1
804 846 0
816 846 0
843 846 0
227 847 0
239 847 0
313 847 0
350 847 0
423 847 1
629 847 1
654 847 0
754 847 0
783 847 0
843 847 2
845 847 1
67 848 0
119 848 0
489 848 0
515 848 0
528 848 0
723 848 1
823 848 0
829 848 0
89 849 0
192 849 0
311 849 0
363 849 0
378 849 0
390 849 0
465 849 0
558 849 0
608 849 0
677 849 1
699 849 0
845 849 0
163 850 0
204 850 0
514 850 0
588 850 0
589 850 1
755 850 0
776 850 1
796 850 0
11 851 0
33 851 0
87 851 0
110 851 0
356 851 0
416 851 0
458 851 0
480 851 0
590 851 2
816 851 1
818 851 0
845 851 1
156 852 0
206 852 0
294 852 0
370 852 1
525 852 0
533 852 1
617 852 1
631 852 0
660 852 2
704 852 2
805 852 0
837 852 0
847 852 0
380 853 1
478 853 0
555 853 0
679 853 1
825 853 0
354 854 1
532 854 2
601 854 0
711 854 0
724 854 1
813 854 1
819 854 0
847 854 1
54 855 1
171 855 0
420 855 0
498 855 0
603 855 0
691 855 0
700 855 0
756 855 3
849 855 0
20 856 0
478 856 0
517 856 0
534 856 1
568 856 1
593 856 1
600 856 0
628 856 0
730 856 1
810 856 1
830 856 3
108 857 0
159 857 0
208 857 0
228 857 1
233 857 0
453 857 0
630 857 0
665 857 0
703 857 0
780 857 0
304 858 0
384 858 1
768 858 1
843 858 0
264 859 0
310 859 0
358 859 1
412 859 0
475 859 1
632 859 0
781 859 2
839 859 0
853 859 2
163 860 0
296 860 0
320 860 0
405 860 0
423 860 0
476 860 0
514 860 2
603 860 0
651 860 1
694 860 0
757 860 0
858 860 3
56 861 0
277 861 0
320 861 0
397 861 0
410 861 1
477 861 1
504 861 0
606 861 2
794 861 0
809 861 0
837 861 1
857 861 1
455 862 0
481 862 0
542 862 2
616 862 0
639 862 0
660 862 2
663 862 0
684 862 1
759 862 0
761 862 0
786 862 0
829 862 0
192 863 0
306 863 0
557 863 1
594 863 1
679 863 0
702 863 0
798 863 0
851 863 0
96 864 0
200 864 0
388 864 0
455 864 0
575 864 2
693 864 1
746 864 1
752 864 1
760 864 2
793 864 0
794 864 0
195 865 0
275 865 0
358 865 0
434 865 0
554 865 0
559 865 0
619 865 2
648 865 0
685 865 1
792 865 0
802 865 2
854 865 2
332 866 0
411 866 0
429 866 0
460 866 0
549 866 1
579 866 0
585 866 0
597 866 1
622 866 0
737 866 1
857 866 1
249 867 0
287 867 0
511 867 2
542 867 2
547 867 0
559 867 0
664 867 0
684 867 2
699 867 0
733 867 0
817 867 2
835 867 0
862 867 3
863 867 0
183 868 0
366 868 0
457 868 0
574 868 2
584 868 0
658 868 0
670 868 1
770 868 1
774 868 0
134 869 0
226 869 0
234 869 0
246 869 1
332 869 1
491 869 0
507 869 1
549 869 0
613 869 0
654 869 0
707 869 0
709 869 2
796 869 0
825 869 0
6 870 2
336 870 0
366 870 0
475 870 1
513 870 0
595 870 1
643 870 0
682 870 0
779 870 0
812 870 1
841 870 1
859 870 2
862 870 0
239 871 0
254 871 0
304 871 1
378 871 0
489 871 0
518 871 1
694 871 2
720 871 2
811 871 2
823 871 1
850 871 0
851 871 0
40 872 0
75 872 1
328 872 0
474 872 0
478 872 0
575 872 0
594 872 0
610 872 0
745 872 0
781 872 0
837 872 0
858 872 5
860 872 2
73 873 0
139 873 0
424 873 0
567 873 0
658 873 0
727 873 1
743 873 1
776 873 1
780 873 0
810 873 0
841 873 2
859 873 0
4 874 0
28 874 0
214 874 0
231 874 0
503 874 2
516 874 0
593 874 1
667 874 2
788 874 0
822 874 4
826 874 4
836 874 1
37 875 0
168 875 0
266 875 0
438 875 0
440 875 0
545 875 2
607 875 0
622 875 2
796 875 0
806 875 0
856 875 0
858 875 3
872 875 2
595 876 0
614 876 0
649 876 3
725 876 0
748 876 4
776 876 0
788 876 0
863 876 4
55 877 0
195 877 0
572 877 0
599 877 0
630 877 0
701 877 3
729 877 0
764 877 0
806 877 4
844 877 3
6 878 0
140 878 0
249 878 0
334 878 0
357 878 0
387 878 0
536 878 0
541 878 0
555 878 0
580 878 0
626 878 0
698 878 1
733 878 0
15 879 0
171 879 0
242 879 1
274 879 0
312 879 0
757 879 0
775 879 2
778 879 2
785 879 1
796 879 0
797 879 1
828 879 1
835 879 0
837 879 1
89 880 0
158 880 0
172 880 1
262 880 0
328 880 0
344 880 1
368 880 2
518 880 2
522 880 0
659 880 0
682 880 0
772 880 0
842 880 2
871 880 2
131 881 0
173 881 1
193 881 0
278 881 1
290 881 0
399 881 0
517 881 0
625 881 0
646 881 1
649 881 0
678 881 0
774 881 1
787 881 0
833 881 1
853 881 1
862 881 0
170 882 1
200 882 0
590 882 0
696 882 3
701 882 3
806 882 3
877 882 5
881 882 0
92 883 0
204 883 0
234 883 0
312 883 0
608 883 1
680 883 0
710 883 0
733 883 1
775 883 0
792 883 0
805 883 0
836 883 0
837 883 0
194 884 1
291 884 1
292 884 0
418 884 1
561 884 2
572 884 0
609 884 1
686 884 3
745 884 0
751 884 1
798 884 0
813 884 1
854 884 2
865 884 2
873 884 1
243 885 1
264 885 0
316 885 0
370 885 0
406 885 1
531 885 0
563 885 0
613 885 0
669 885 2
675 885 0
729 885 0
783 885 0
801 885 3
809 885 0
16 886 0
305 886 1
354 886 0
413 886 0
634 886 2
662 886 2
753 886 2
766 886 3
807 886 0
814 886 2
845 886 2
859 886 0
882 886 1
31 887 0
36 887 0
57 887 0
140 887 0
280 887 1
331 887 0
348 887 1
636 887 0
733 887 2
739 887 0
744 887 2
757 887 2
761 887 1
795 887 0
874 887 0
883 887 1
17 888 1
166 888 1
315 888 1
340 888 0
500 888 0
626 888 0
637 888 1
691 888 3
738 888 2
751 888 0
778 888 0
866 888 0
180 889 0
421 889 0
481 889 0
567 889 0
616 889 0
628 889 1
645 889 0
659 889 0
710 889 1
743 889 1
755 889 0
812 889 0
832 889 1
112 890 0
161 890 0
303 890 0
321 890 1
326 890 0
429 890 0
454 890 0
640 890 1
676 890 0
702 890 1
722 890 0
799 890 0
850 890 1
185 891 0
187 891 0
302 891 0
330 891 0
464 891 0
470 891 0
475 891 0
593 891 1
761 891 0
820 891 0
833 891 2
853 891 4
18 892 0
312 892 1
533 892 1
539 892 0
559 892 1
660 892 3
750 892 1
791 892 0
802 892 0
808 892 1
852 892 3
862 892 2
83 893 0
98 893 0
178 893 0
360 893 0
449 893 0
516 893 1
563 893 0
566 893 0
655 893 1
662 893 2
694 893 0
814 893 1
824 893 1
886 893 3
126 894 0
197 894 0
233 894 0
347 894 0
400 894 0
496 894 0
535 894 0
578 894 1
664 894 0
667 894 0
674 894 1
722 894 1
755 894 0
764 894 0
774 894 0
66 895 0
184 895 0
231 895 0
273 895 0
309 895 0
402 895 0
407 895 1
466 895 0
473 895 1
580 895 1
641 895 2
718 895 1
772 895 0
868 895 1
887 895 1
892 895 0
88 896 0
124 896 0
210 896 0
274 896 0
350 896 0
536 896 0
558 896 0
576 896 0
603 896 1
630 896 0
641 896 1
661 896 0
675 896 2
683 896 0
718 896 2
745 896 0
771 896 1
783 896 0
895 896 2
22 897 0
109 897 0
127 897 0
131 897 1
337 897 1
402 897 0
473 897 0
481 897 0
506 897 0
618 897 0
748 897 3
829 897 3
863 897 4
873 897 0
876 897 5
68 898 0
77 898 0
134 898 0
218 898 0
283 898 0
375 898 0
397 898 0
526 898 0
655 898 2
716 898 0
753 898 1
766 898 2
870 898 0
886 898 3
889 898 0
890 898 0
893 898 2
99 899 0
136 899 0
197 899 0
229 899 0
281 899 1
308 899 1
335 899 0
461 899 0
582 899 3
624 899 0
635 899 0
668 899 0
780 899 0
839 899 1
871 899 1
61 900 0
107 900 1
253 900 0
263 900 1
329 900 0
386 900 0
507 900 1
546 900 1
619 900 2
684 900 0
736 900 3
766 900 0
802 900 3
865 900 3
211 901 0
230 901 0
289 901 0
326 901 0
346 901 0
446 901 0
495 901 0
508 901 0
545 901 0
582 901 1
632 901 0
790 901 3
795 901 0
808 901 1
899 901 1
109 902 0
137 902 1
151 902 0
200 902 1
241 902 0
331 902 0
483 902 0
601 902 1
656 902 1
737 902 1
742 902 1
750 902 0
841 902 1
868 902 2
870 902 2
34 903 0
152 903 0
230 903 0
294 903 0
322 903 0
360 903 1
450 903 0
528 903 2
557 903 1
621 903 2
737 903 2
861 903 2
109 904 0
288 904 0
353 904 1
547 904 1
555 904 0
602 904 1
702 904 1
715 904 0
777 904 1
794 904 2
871 904 1
876 904 0
0 905 1
244 905 0
317 905 0
374 905 0
498 905 0
513 905 1
560 905 1
586 905 0
685 905 0
693 905 1
740 905 1
760 905 2
768 905 0
819 905 0
835 905 1
848 905 3
869 905 1
875 905 0
896 905 0
51 906 0
71 906 1
80 906 0
127 906 0
400 906 0
435 906 0
459 906 0
484 906 0
595 906 0
600 906 0
647 906 0
680 906 0
747 906 2
760 906 1
767 906 1
805 906 1
14 907 0
30 907 0
67 907 0
377 907 1
402 907 0
437 907 0
459 907 1
479 907 0
512 907 0
633 907 0
671 907 0
697 907 2
785 907 0
790 907 3
833 907 1
901 907 2
15 908 1
186 908 1
252 908 0
290 908 0
387 908 0
404 908 2
530 908 0
609 908 0
666 908 0
775 908 1
821 908 1
864 908 0
907 908 1
129 909 1
142 909 0
250 909 1
304 909 0
316 909 0
346 909 0
351 909 0
407 909 2
556 909 0
558 909 0
602 909 0
603 909 0
641 909 1
730 909 0
745 909 0
777 909 1
841 909 0
895 909 2
14 910 0
227 910 0
292 910 1
309 910 0
467 910 1
509 910 0
513 910 0
553 910 0
627 910 0
637 910 0
680 910 0
693 910 0
720 910 0
734 910 1
776 910 0
787 910 1
793 910 0
827 910 2
829 910 0
839 910 2
277 911 0
403 911 1
466 911 0
517 911 0
700 911 0
706 911 0
741 911 0
802 911 0
824 911 2
853 911 4
859 911 4
876 911 0
882 911 1
891 911 5
908 911 4
74 912 0
94 912 0
134 912 0
167 912 0
217 912 0
283 912 0
288 912 0
397 912 0
403 912 0
449 912 1
516 912 0
634 912 3
651 912 1
722 912 0
766 912 3
792 912 0
814 912 1
816 912 0
870 912 0
886 912 3
18 913 0
70 913 0
195 913 1
393 913 0
442 913 1
450 913 1
503 913 0
591 913 1
601 913 2
609 913 0
640 913 0
771 913 3
788 913 1
792 913 1
802 913 3
815 913 1
821 913 4
891 913 0
900 913 3
62 914 1
353 914 1
398 914 0
461 914 0
574 914 0
602 914 2
673 914 1
727 914 0
749 914 0
754 914 1
762 914 1
788 914 2
794 914 3
819 914 0
834 914 1
855 914 0
867 914 0
880 914 0
904 914 4
23 915 0
88 915 0
145 915 0
321 915 0
430 915 1
461 915 0
497 915 0
533 915 0
536 915 2
560 915 0
564 915 0
604 915 1
724 915 1
737 915 1
777 915 2
819 915 2
868 915 0
898 915 0
904 915 3
65 916 0
77 916 0
152 916 0
176 916 0
243 916 0
386 916 0
400 916 0
472 916 0
482 916 0
517 916 0
674 916 0
703 916 0
722 916 1
733 916 0
763 916 0
766 916 0
782 916 2
864 916 0
892 916 0
130 917 0
160 917 0
161 917 0
265 917 0
333 917 1
383 917 0
429 917 0
539 917 0
541 917 1
552 917 0
565 917 0
616 917 1
621 917 1
622 917 1
645 917 2
692 917 0
697 917 0
762 917 0
807 917 1
839 917 0
76 918 0
147 918 0
174 918 1
207 918 0
391 918 1
484 918 0
500 918 1
657 918 1
717 918 2
784 918 2
790 918 2
854 918 1
887 918 0
901 918 2
907 918 4
915 918 0
93 919 0
169 919 0
214 919 0
215 919 1
268 919 0
286 919 0
335 919 0
372 919 0
441 919 0
447 919 1
474 919 0
617 919 0
629 919 0
694 919 0
744 919 0
751 919 4
820 919 0
834 919 2
855 919 3
35 920 0
112 920 0
191 920 1
238 920 1
283 920 0
398 920 0
404 920 1
432 920 0
514 920 0
533 920 0
586 920 0
599 920 0
672 920 0
732 920 0
734 920 2
762 920 0
849 920 1
853 920 2
891 920 4
908 920 4
910 920 1
72 921 0
136 921 0
188 921 0
425 921 0
431 921 1
505 921 0
646 921 1
660 921 0
665 921 1
692 921 1
714 921 3
715 921 3
725 921 0
772 921 2
844 921 1
916 921 1
99 922 0
141 922 1
161 922 0
215 922 1
254 922 0
350 922 0
469 922 0
471 922 1
527 922 1
547 922 1
564 922 0
678 922 1
706 922 0
709 922 0
751 922 2
756 922 2
824 922 0
855 922 3
858 922 0
882 922 1
919 922 4
26 923 1
74 923 0
75 923 0
191 923 1
203 923 0
241 923 0
383 923 0
391 923 0
553 923 2
620 923 2
656 923 2
685 923 0
687 923 2
798 923 4
804 923 0
806 923 0
818 923 4
836 923 4
869 923 0
885 923 0
897 923 0
920 923 1
141 924 1
166 924 1
208 924 1
298 924 0
342 924 1
344 924 0
414 924 0
468 924 0
485 924 1
530 924 1
538 924 1
544 924 0
679 924 1
709 924 2
739 924 3
742 924 0
800 924 0
818 924 0
853 924 1
854 924 1
855 924 0
865 924 1
869 924 1
888 924 1
915 924 0
154 925 0
270 925 1
420 925 1
513 925 1
520 925 1
550 925 0
578 925 0
585 925 0
648 925 0
662 925 0
680 925 0
723 925 1
743 925 1
760 925 2
810 925 1
848 925 4
889 925 1
902 925 1
905 925 4
155 926 2
158 926 0
318 926 0
329 926 0
337 926 1
493 926 0
576 926 2
612 926 1
748 926 3
758 926 1
809 926 0
812 926 0
824 926 1
829 926 3
834 926 1
863 926 4
875 926 0
876 926 5
893 926 1
897 926 7
921 926 0
78 927 1
113 927 0
338 927 1
385 927 1
432 927 0
445 927 1
470 927 0
493 927 1
631 927 0
690 927 2
761 927 1
817 927 2
838 927 1
839 927 0
843 927 1
847 927 1
867 927 3
892 927 1
923 927 0
135 928 0
150 928 0
169 928 0
198 928 0
273 928 0
299 928 1
376 928 0
386 928 0
451 928 0
496 928 0
497 928 0
507 928 0
535 928 1
579 928 0
606 928 0
609 928 0
620 928 0
736 928 0
782 928 1
849 928 1
901 928 1
920 928 1
94 929 0
100 929 0
232 929 0
352 929 0
354 929 1
428 929 1
433 929 1
441 929 0
486 929 0
501 929 1
523 929 0
532 929 2
632 929 0
771 929 1
788 929 1
797 929 0
843 929 0
854 929 2
857 929 0
904 929 2
908 929 0
914 929 2
915 929 1
916 929 1
921 929 2
128 930 0
238 930 1
245 930 0
303 930 0
356 930 0
373 930 0
391 930 1
445 930 1
508 930 1
573 930 3
582 930 2
631 930 0
633 930 0
674 930 0
697 930 1
719 930 0
744 930 0
748 930 0
809 930 1
848 930 0
882 930 0
899 930 3
918 930 5
247 931 1
331 931 0
429 931 0
537 931 2
566 931 0
625 931 0
626 931 0
633 931 1
645 931 1
678 931 1
713 931 1
765 931 0
769 931 3
772 931 1
775 931 0
921 931 4
922 931 2
209 932 0
245 932 1
302 932 0
315 932 1
343 932 0
521 932 1
607 932 2
652 932 0
653 932 0
691 932 3
710 932 1
757 932 0
773 932 0
803 932 3
805 932 2
811 932 2
839 932 1
858 932 1
878 932 0
885 932 0
888 932 4
900 932 0
918 932 1
198 933 1
227 933 0
329 933 1
359 933 0
411 933 1
440 933 0
455 933 0
676 933 1
679 933 1
727 933 1
748 933 1
755 933 1
823 933 2
841 933 4
843 933 0
873 933 2
876 933 1
883 933 0
931 933 0
148 934 0
239 934 0
306 934 0
323 934 1
347 934 0
446 934 2
468 934 1
496 934 0
644 934 3
681 934 0
696 934 3
756 934 1
775 934 0
781 934 0
784 934 1
844 934 3
850 934 0
876 934 0
877 934 5
882 934 5
925 934 0
169 935 0
181 935 0
313 935 0
327 935 0
475 935 1
549 935 3
558 935 0
571 935 0
609 935 0
612 935 0
666 935 0
678 935 2
702 935 1
721 935 0
823 935 0
834 935 2
837 935 1
857 935 1
866 935 5
875 935 0
903 935 3
182 936 1
190 936 0
488 936 0
547 936 1
562 936 0
675 936 0
679 936 1
705 936 0
752 936 3
761 936 1
770 936 1
776 936 2
823 936 4
841 936 4
850 936 2
864 936 1
865 936 0
878 936 0
894 936 0
914 936 0
933 936 4
25 937 1
105 937 0
219 937 1
330 937 0
393 937 1
419 937 0
448 937 0
504 937 0
587 937 1
612 937 2
627 937 0
650 937 0
657 937 0
700 937 0
745 937 0
804 937 1
823 937 0
832 937 1
879 937 1
926 937 1
2 938 0
54 938 1
61 938 0
305 938 1
363 938 0
419 938 0
450 938 0
663 938 2
667 938 1
696 938 0
706 938 0
712 938 0
751 938 2
756 938 4
757 938 0
789 938 2
811 938 0
827 938 0
855 938 4
919 938 3
936 938 1
149 939 0
184 939 0
463 939 0
520 939 1
592 939 0
621 939 0
680 939 0
729 939 2
756 939 0
759 939 0
760 939 0
765 939 2
782 939 0
804 939 1
809 939 1
822 939 0
832 939 2
839 939 1
872 939 0
918 939 1
930 939 2
937 939 4
25 940 1
40 940 0
412 940 0
440 940 0
470 940 0
493 940 1
520 940 1
550 940 0
571 940 1
631 940 0
673 940 0
728 940 1
729 940 1
732 940 1
765 940 3
824 940 1
839 940 3
845 940 0
910 940 3
937 940 3
939 940 6
67 941 0
290 941 0
323 941 0
378 941 0
430 941 0
486 941 0
526 941 1
608 941 1
621 941 3
665 941 2
678 941 2
801 941 0
815 941 1
853 941 2
866 941 3
893 941 1
903 941 4
917 941 1
921 941 2
935 941 5
58 942 0
129 942 0
224 942 0
285 942 2
347 942 0
376 942 0
451 942 0
488 942 0
556 942 1
575 942 0
578 942 0
593 942 0
647 942 0
677 942 2
687 942 1
725 942 0
760 942 0
762 942 1
764 942 0
804 942 0
849 942 1
873 942 0
916 942 2
938 942 0
228 943 1
287 943 0
328 943 1
442 943 2
474 943 0
606 943 1
647 943 1
671 943 0
806 943 0
834 943 1
840 943 1
841 943 0
850 943 0
854 943 1
857 943 3
861 943 4
876 943 0
889 943 0
893 943 1
913 943 1
941 943 3
31 944 0
41 944 0
128 944 1
336 944 0
395 944 0
399 944 1
487 944 0
524 944 1
545 944 0
667 944 2
708 944 1
732 944 3
740 944 2
813 944 0
822 944 4
826 944 5
830 944 4
850 944 1
856 944 3
863 944 0
874 944 5
911 944 0
917 944 0
931 944 0
183 945 0
293 945 2
364 945 0
416 945 2
469 945 0
474 945 0
485 945 0
510 945 0
569 945 0
642 945 0
708 945 0
733 945 0
734 945 0
781 945 3
808 945 1
838 945 0
853 945 4
859 945 5
881 945 2
891 945 4
911 945 5
923 945 0
74 946 1
96 946 0
242 946 1
249 946 0
263 946 0
266 946 0
280 946 0
348 946 1
372 946 1
438 946 0
452 946 0
454 946 0
648 946 1
682 946 2
687 946 1
695 946 1
720 946 0
762 946 3
816 946 0
858 946 3
872 946 2
877 946 0
914 946 1
916 946 1
928 946 1
942 946 3
192 947 0
247 947 1
269 947 1
303 947 0
310 947 0
609 947 1
659 947 0
683 947 1
686 947 2
698 947 0
715 947 2
749 947 1
751 947 1
763 947 1
769 947 3
778 947 0
781 947 0
884 947 4
894 947 1
921 947 5
929 947 1
931 947 4
942 947 0
47 948 0
186 948 1
296 948 0
299 948 0
312 948 1
408 948 2
448 948 0
457 948 1
537 948 0
540 948 0
589 948 1
648 948 0
698 948 1
723 948 0
734 948 1
792 948 0
853 948 4
878 948 2
888 948 0
891 948 5
908 948 5
911 948 5
920 948 6
168 949 0
181 949 1
205 949 1
297 949 0
399 949 0
412 949 2
413 949 0
473 949 0
487 949 0
527 949 0
592 949 0
598 949 2
611 949 0
671 949 0
701 949 0
703 949 2
711 949 3
786 949 2
813 949 0
828 949 1
847 949 0
883 949 1
901 949 0
919 949 0
937 949 1
24 950 0
58 950 0
65 950 0
69 950 0
131 950 1
236 950 1
365 950 0
373 950 1
430 950 0
557 950 2
576 950 2
594 950 2
600 950 0
602 950 1
649 950 4
774 950 0
829 950 5
830 950 0
863 950 7
876 950 6
897 950 6
912 950 1
926 950 6
931 950 0
76 951 0
94 951 0
181 951 1
205 951 2
210 951 0
252 951 0
253 951 1
375 951 0
393 951 2
395 951 0
493 951 0
540 951 0
548 951 1
551 951 0
569 951 2
613 951 0
642 951 0
706 951 0
741 951 0
752 951 1
764 951 0
786 951 2
819 951 1
821 951 1
856 951 0
934 951 0
937 951 2
949 951 4
43 952 0
191 952 0
240 952 0
395 952 0
417 952 1
475 952 0
490 952 1
527 952 1
605 952 0
609 952 0
610 952 0
670 952 0
713 952 1
736 952 0
737 952 2
776 952 0
826 952 1
866 952 2
878 952 1
903 952 3
904 952 0
921 952 3
922 952 2
931 952 3
941 952 4
948 952 1
27 953 1
173 953 0
177 953 0
251 953 0
330 953 0
343 953 1
407 953 1
416 953 0
443 953 2
518 953 0
529 953 1
537 953 2
691 953 0
714 953 2
743 953 2
748 953 0
769 953 4
799 953 0
838 953 0
844 953 1
859 953 0
878 953 0
894 953 1
909 953 2
921 953 5
931 953 5
943 953 0
947 953 5
165 954 0
240 954 0
301 954 0
310 954 0
316 954 0
411 954 0
450 954 2
488 954 0
584 954 1
593 954 0
601 954 1
652 954 1
685 954 1
687 954 0
715 954 0
736 954 2
771 954 3
816 954 1
821 954 3
851 954 1
855 954 0
865 954 2
888 954 0
900 954 4
908 954 1
913 954 5
124 955 0
373 955 0
379 955 0
381 955 0
505 955 1
521 955 1
543 955 1
608 955 3
643 955 0
666 955 2
727 955 0
729 955 0
741 955 3
744 955 2
753 955 2
785 955 0
796 955 1
813 955 2
825 955 0
834 955 0
838 955 1
847 955 0
851 955 0
883 955 1
902 955 0
917 955 0
938 955 0
132 956 1
300 956 1
303 956 0
475 956 1
528 956 2
584 956 1
597 956 1
665 956 1
728 956 2
734 956 0
736 956 2
755 956 0
763 956 0
767 956 1
815 956 1
840 956 2
846 956 1
861 956 2
866 956 4
900 956 1
907 956 2
935 956 6
939 956 0
941 956 6
943 956 4
21 957 0
97 957 0
114 957 0
145 957 0
151 957 0
202 957 0
219 957 1
277 957 1
396 957 1
451 957 0
470 957 0
677 957 0
690 957 1
694 957 3
720 957 3
742 957 2
811 957 5
820 957 3
857 957 1
858 957 2
862 957 0
871 957 4
872 957 1
880 957 2
894 957 0
918 957 1
932 957 4
943 957 2
949 957 0
45 958 1
72 958 0
187 958 0
221 958 1
236 958 1
308 958 0
327 958 1
430 958 0
450 958 1
511 958 1
514 958 2
545 958 2
610 958 1
622 958 2
682 958 2
683 958 0
729 958 0
741 958 0
770 958 2
791 958 0
858 958 4
860 958 3
875 958 4
900 958 1
927 958 1
936 958 2
946 958 3
954 958 2
20 959 1
99 959 0
130 959 0
198 959 1
293 959 2
333 959 0
350 959 0
397 959 0
434 959 0
439 959 1
441 959 0
589 959 3
658 959 0
686 959 2
726 959 2
769 959 0
799 959 2
815 959 0
850 959 3
858 959 0
874 959 2
880 959 0
884 959 3
897 959 0
901 959 0
933 959 3
936 959 4
944 959 3
945 959 2
22 960 0
90 960 1
91 960 2
140 960 0
144 960 0
178 960 1
319 960 1
377 960 1
439 960 0
446 960 1
480 960 0
509 960 2
510 960 0
615 960 0
664 960 1
693 960 1
720 960 0
769 960 1
778 960 0
782 960 1
806 960 3
817 960 0
838 960 0
844 960 3
848 960 1
857 960 0
877 960 6
916 960 1
934 960 5
0 961 0
14 961 0
73 961 0
129 961 1
157 961 1
199 961 1
208 961 0
254 961 0
306 961 1
370 961 1
376 961 0
404 961 2
561 961 0
661 961 2
683 961 1
688 961 2
704 961 3
707 961 2
768 961 2
777 961 2
800 961 1
825 961 4
852 961 2
854 961 0
908 961 1
909 961 2
912 961 0
932 961 1
952 961 1
5 962 1
84 962 0
93 962 0
168 962 0
174 962 1
269 962 0
276 962 0
319 962 0
392 962 0
495 962 0
515 962 0
527 962 0
573 962 1
582 962 2
596 962 1
643 962 0
645 962 2
657 962 1
722 962 0
732 962 1
777 962 0
806 962 0
836 962 0
858 962 1
899 962 3
907 962 2
908 962 3
911 962 2
917 962 1
918 962 4
925 962 0
930 962 4
931 962 1
53 963 0
139 963 1
150 963 1
180 963 1
213 963 0
258 963 0
460 963 1
467 963 1
516 963 0
556 963 1
570 963 1
582 963 0
604 963 0
612 963 2
646 963 0
669 963 1
712 963 0
731 963 1
749 963 0
787 963 3
814 963 1
824 963 2
831 963 4
863 963 0
882 963 1
910 963 4
927 963 0
933 963 0
937 963 3
939 963 3
940 963 5
952 963 0
13 964 1
27 964 1
49 964 0
110 964 0
194 964 0
237 964 1
272 964 1
339 964 0
494 964 0
531 964 1
537 964 3
539 964 0
557 964 1
633 964 2
666 964 0
683 964 1
692 964 2
700 964 0
719 964 1
734 964 1
763 964 0
769 964 4
781 964 0
801 964 0
852 964 0
864 964 0
877 964 1
889 964 0
903 964 1
931 964 4
953 964 5
960 964 2
48 965 0
259 965 1
383 965 0
446 965 0
466 965 1
548 965 0
560 965 0
562 965 1
585 965 0
588 965 1
594 965 2
636 965 0
648 965 0
691 965 0
722 965 0
783 965 2
821 965 0
828 965 1
848 965 3
853 965 1
858 965 1
879 965 3
889 965 0
892 965 1
893 965 1
906 965 3
909 965 0
937 965 1
950 965 2
955 965 0
46 966 1
50 966 0
88 966 0
144 966 1
167 966 1
199 966 1
209 966 0
251 966 1
420 966 1
433 966 1
523 966 0
590 966 1
686 966 0
688 966 2
694 966 1
704 966 3
705 966 0
714 966 2
726 966 0
768 966 3
810 966 1
825 966 5
835 966 0
880 966 1
934 966 0
941 966 1
957 966 2
961 966 7
13 967 0
17 967 1
29 967 1
229 967 0
257 967 1
263 967 0
268 967 1
279 967 2
288 967 0
407 967 0
414 967 1
427 967 1
442 967 0
458 967 0
607 967 2
623 967 0
637 967 2
691 967 3
721 967 1
730 967 0
738 967 3
749 967 3
803 967 4
805 967 3
817 967 0
863 967 0
888 967 6
932 967 7
945 967 1
947 967 1
957 967 1
185 968 0
187 968 0
309 968 0
321 968 1
338 968 1
352 968 0
452 968 0
455 968 1
465 968 1
507 968 0
605 968 0
640 968 2
666 968 0
679 968 0
681 968 2
694 968 1
702 968 3
708 968 1
716 968 1
721 968 2
750 968 1
797 968 3
808 968 4
838 968 4
871 968 2
882 968 1
885 968 0
890 968 4
903 968 1
904 968 2
927 968 3
931 968 0
948 968 1
967 968 2
33 969 0
61 969 0
213 969 1
245 969 1
257 969 1
298 969 1
301 969 0
388 969 0
391 969 0
410 969 1
414 969 2
416 969 1
487 969 0
576 969 0
584 969 2
586 969 0
607 969 3
621 969 0
622 969 0
638 969 1
691 969 3
728 969 3
738 969 4
749 969 3
766 969 0
803 969 2
813 969 1
888 969 4
889 969 0
932 969 7
940 969 1
945 969 2
952 969 1
956 969 3
961 969 3
967 969 11
41 970 0
121 970 1
178 970 2
256 970 0
262 970 1
264 970 0
324 970 0
332 970 0
458 970 1
502 970 0
509 970 2
529 970 0
552 970 0
587 970 2
644 970 2
688 970 0
696 970 3
701 970 3
706 970 0
712 970 1
771 970 2
806 970 4
831 970 0
868 970 1
877 970 6
882 970 7
890 970 1
896 970 1
903 970 1
934 970 6
947 970 0
960 970 7
968 970 4
69 971 0
132 971 0
191 971 0
259 971 1
314 971 0
338 971 0
415 971 2
464 971 0
483 971 0
536 971 0
562 971 2
641 971 0
689 971 0
695 971 2
696 971 0
721 971 0
738 971 0
746 971 1
747 971 3
766 971 0
770 971 0
778 971 3
783 971 2
805 971 1
822 971 1
848 971 4
879 971 2
906 971 5
925 971 4
931 971 0
954 971 0
965 971 9
966 971 0
7 972 0
8 972 0
94 972 0
128 972 0
153 972 0
206 972 1
255 972 0
340 972 0
419 972 0
442 972 1
482 972 0
518 972 0
532 972 1
536 972 1
562 972 0
598 972 0
604 972 1
616 972 1
631 972 0
639 972 0
648 972 0
681 972 0
724 972 2
751 972 1
754 972 1
786 972 1
788 972 1
794 972 2
854 972 3
860 972 0
890 972 1
904 972 3
915 972 4
943 972 2
954 972 1
114 973 0
141 973 1
285 973 1
333 973 1
360 973 0
389 973 1
403 973 1
467 973 0
481 973 0
507 973 1
512 973 1
529 973 1
556 973 2
561 973 0
580 973 1
597 973 2
616 973 1
628 973 2
645 973 1
701 973 1
710 973 1
776 973 0
784 973 4
807 973 3
815 973 1
863 973 1
895 973 1
900 973 2
913 973 2
916 973 1
917 973 4
918 973 1
922 973 1
927 973 0
933 973 0
942 973 3
950 973 2
97 974 1
143 974 0
151 974 0
289 974 2
296 974 0
345 974 1
382 974 1
383 974 0
417 974 0
513 974 0
532 974 1
545 974 0
553 974 0
592 974 0
618 974 0
627 974 0
650 974 1
680 974 0
731 974 0
761 974 0
765 974 3
768 974 2
779 974 3
787 974 1
811 974 0
827 974 2
832 974 3
839 974 3
849 974 0
868 974 1
886 974 0
889 974 1
904 974 0
909 974 0
940 974 3
954 974 1
10 975 0
32 975 0
59 975 1
79 975 0
119 975 0
132 975 1
219 975 1
237 975 0
276 975 0
281 975 0
328 975 1
337 975 0
458 975 0
528 975 2
560 975 0
621 975 2
630 975 0
647 975 2
678 975 2
708 975 1
723 975 0
739 975 0
799 975 0
808 975 1
833 975 0
834 975 4
861 975 3
873 975 0
888 975 0
898 975 0
903 975 6
914 975 1
919 975 1
935 975 5
941 975 7
943 975 7
952 975 2
956 975 6
957 975 2
20 976 0
58 976 0
136 976 0
146 976 0
176 976 0
203 976 0
335 976 0
352 976 0
401 976 0
456 976 1
543 976 1
574 976 2
575 976 2
579 976 1
613 976 0
624 976 0
627 976 0
644 976 1
698 976 0
700 976 3
714 976 0
718 976 0
726 976 2
749 976 0
760 976 1
772 976 1
780 976 2
850 976 1
864 976 3
868 976 3
890 976 2
903 976 0
913 976 0
945 976 0
955 976 1
49 977 0
64 977 0
91 977 1
117 977 0
155 977 1
321 977 0
367 977 0
373 977 1
519 977 0
522 977 2
542 977 0
549 977 1
576 977 2
579 977 0
649 977 3
669 977 2
712 977 1
740 977 0
748 977 4
758 977 2
787 977 0
790 977 0
801 977 2
829 977 4
843 977 0
863 977 4
876 977 7
883 977 0
885 977 2
892 977 0
897 977 6
898 977 0
919 977 0
926 977 9
935 977 1
939 977 0
950 977 8
960 977 2
970 977 2
47 978 0
52 978 0
79 978 0
139 978 1
254 978 0
267 978 0
292 978 1
376 978 0
524 978 0
544 978 1
571 978 1
623 978 0
650 978 1
674 978 1
717 978 0
765 978 3
766 978 0
779 978 3
804 978 1
827 978 3
831 978 1
832 978 1
869 978 1
876 978 1
894 978 1
905 978 1
906 978 0
910 978 4
940 978 6
945 978 0
951 978 1
954 978 2
955 978 0
963 978 4
964 978 0
972 978 1
974 978 7
977 978 1
78 979 0
90 979 0
138 979 1
207 979 0
218 979 0
223 979 0
225 979 0
270 979 1
336 979 0
369 979 0
378 979 0
382 979 0
413 979 0
417 979 0
421 979 0
468 979 0
513 979 0
543 979 0
556 979 1
575 979 1
605 979 0
644 979 0
676 979 0
683 979 1
700 979 1
778 979 0
812 979 1
845 979 0
864 979 2
868 979 2
877 979 0
878 979 0
902 979 2
943 979 1
961 979 3
963 979 1
966 979 1
37 980 0
43 980 0
58 980 0
111 980 1
193 980 0
268 980 1
317 980 1
405 980 0
424 980 1
437 980 1
501 980 2
553 980 2
574 980 0
589 980 0
614 980 2
620 980 2
656 980 3
661 980 0
687 980 4
705 980 1
708 980 0
743 980 1
745 980 0
760 980 0
774 980 0
798 980 5
800 980 0
814 980 0
818 980 5
821 980 1
824 980 6
836 980 5
902 980 1
911 980 2
923 980 8
951 980 2
958 980 0
967 980 1
970 980 0
5 981 2
10 981 0
73 981 0
206 981 2
299 981 0
398 981 0
415 981 1
418 981 1
472 981 0
484 981 0
500 981 0
504 981 0
588 981 1
616 981 2
618 981 0
620 981 2
634 981 0
740 981 3
744 981 0
747 981 3
754 981 2
765 981 2
767 981 1
778 981 2
791 981 0
795 981 1
848 981 3
877 981 0
893 981 1
894 981 0
904 981 1
905 981 2
908 981 1
939 981 2
962 981 2
963 981 2
965 981 4
971 981 5
972 981 4
19 982 1
38 982 0
66 982 0
186 982 0
201 982 0
222 982 0
305 982 2
318 982 0
331 982 1
398 982 0
443 982 1
451 982 0
453 982 1
471 982 2
519 982 0
547 982 4
631 982 0
663 982 2
751 982 3
756 982 5
768 982 1
789 982 3
798 982 1
819 982 0
821 982 0
834 982 1
836 982 2
855 982 4
874 982 2
882 982 3
886 982 4
904 982 1
919 982 5
922 982 7
934 982 2
936 982 4
938 982 8
953 982 2
959 982 2
971 982 0
22 983 0
39 983 0
128 983 1
257 983 0
371 983 0
399 983 1
493 983 2
497 983 0
503 983 2
522 983 0
534 983 1
544 983 2
568 983 2
593 983 3
667 983 2
675 983 1
708 983 1
730 983 3
732 983 4
779 983 1
795 983 0
822 983 5
826 983 7
830 983 4
856 983 6
866 983 0
867 983 1
874 983 6
891 983 1
895 983 0
927 983 2
940 983 3
943 983 2
944 983 11
947 983 1
961 983 1
978 983 4
979 983 2
6 984 2
9 984 0
16 984 0
90 984 0
223 984 0
238 984 1
358 984 1
403 984 2
408 984 2
410 984 1
415 984 0
457 984 1
520 984 1
552 984 0
572 984 0
611 984 0
660 984 1
724 984 1
738 984 1
781 984 2
788 984 0
804 984 0
819 984 1
833 984 2
859 984 6
861 984 2
870 984 3
879 984 1
891 984 6
908 984 4
911 984 8
920 984 5
945 984 6
948 984 7
958 984 0
959 984 2
966 984 1
973 984 1
56 985 0
71 985 1
159 985 0
235 985 0
319 985 0
415 985 1
466 985 1
468 985 0
520 985 1
538 985 0
567 985 0
568 985 1
602 985 1
604 985 0
630 985 0
695 985 3
711 985 2
740 985 1
747 985 2
760 985 2
767 985 2
783 985 2
801 985 0
804 985 0
812 985 1
831 985 0
842 985 2
860 985 0
880 985 1
883 985 1
900 985 0
906 985 7
925 985 4
943 985 1
944 985 3
949 985 2
965 985 5
971 985 8
983 985 4
40 986 0
144 986 1
217 986 1
265 986 1
295 986 1
306 986 1
325 986 1
358 986 0
420 986 3
433 986 1
436 986 1
448 986 0
482 986 1
524 986 3
531 986 1
587 986 1
614 986 0
661 986 2
684 986 0
707 986 2
728 986 2
747 986 1
782 986 0
794 986 0
800 986 5
810 986 6
825 986 3
856 986 2
925 986 2
933 986 0
938 986 0
944 986 2
956 986 2
961 986 7
964 986 1
966 986 6
967 986 1
969 986 4
970 986 1
976 986 1
981 986 1
9 987 0
34 987 0
61 987 0
112 987 0
185 987 1
265 987 1
355 987 0
389 987 1
407 987 0
421 987 0
429 987 0
438 987 0
464 987 0
469 987 0
495 987 0
512 987 2
541 987 0
556 987 1
567 987 0
591 987 2
597 987 2
598 987 0
627 987 0
628 987 2
639 987 0
682 987 0
701 987 1
743 987 2
754 987 0
759 987 0
784 987 4
806 987 0
899 987 0
902 987 1
908 987 0
912 987 1
924 987 0
950 987 2
973 987 8
983 987 1
986 987 2
13 988 2
55 988 0
83 988 0
121 988 0
269 988 2
272 988 2
285 988 0
331 988 1
343 988 1
444 988 0
492 988 0
506 988 0
571 988 0
582 988 0
616 988 0
628 988 0
633 988 1
652 988 1
683 988 2
684 988 0
692 988 2
704 988 1
714 988 3
715 988 2
759 988 0
767 988 1
769 988 3
782 988 1
842 988 2
847 988 1
850 988 0
854 988 2
886 988 1
888 988 0
909 988 1
918 988 2
921 988 5
947 988 6
953 988 8
964 988 7
966 988 3
982 988 3
8 989 0
10 989 0
13 989 1
52 989 0
76 989 0
107 989 0
110 989 0
148 989 1
270 989 1
284 989 0
383 989 0
426 989 0
494 989 0
504 989 0
521 989 0
535 989 1
560 989 1
602 989 3
649 989 2
695 989 2
707 989 1
726 989 0
778 989 1
789 989 1
816 989 0
838 989 0
848 989 4
858 989 0
876 989 2
905 989 3
906 989 2
907 989 2
913 989 0
914 989 1
925 989 5
928 989 2
938 989 1
950 989 3
956 989 2
971 989 6
985 989 5
988 989 1
96 990 0
127 990 0
271 990 0
281 990 1
289 990 1
308 990 1
372 990 0
392 990 0
459 990 1
495 990 0
508 990 1
527 990 0
532 990 2
542 990 0
573 990 1
594 990 0
596 990 0
697 990 2
717 990 1
752 990 0
782 990 1
793 990 0
815 990 0
826 990 1
833 990 1
836 990 0
865 990 1
871 990 1
884 990 1
899 990 4
902 990 0
907 990 4
912 990 0
918 990 4
929 990 1
930 990 5
933 990 0
937 990 0
948 990 0
966 990 1
967 990 0
974 990 2
983 990 1
988 990 3
45 991 0
72 991 0
146 991 0
154 991 0
241 991 0
242 991 1
279 991 0
301 991 1
302 991 1
314 991 0
357 991 0
405 991 0
433 991 0
506 991 1
558 991 0
567 991 0
570 991 0
608 991 1
645 991 0
662 991 0
665 991 0
666 991 2
690 991 1
719 991 0
733 991 1
741 991 3
744 991 4
775 991 1
802 991 1
813 991 2
837 991 4
861 991 3
879 991 4
887 991 2
890 991 0
901 991 1
903 991 1
906 991 0
926 991 0
927 991 1
928 991 1
955 991 5
960 991 0
979 991 0
984 991 2
11 992 0
59 992 0
163 992 0
204 992 0
291 992 1
410 992 0
435 992 1
439 992 1
464 992 0
473 992 1
494 992 0
550 992 1
561 992 2
575 992 1
589 992 2
656 992 0
690 992 1
725 992 1
726 992 5
746 992 0
755 992 3
776 992 1
799 992 3
805 992 0
853 992 2
868 992 3
884 992 4
887 992 1
895 992 3
898 992 0
922 992 0
927 992 2
933 992 2
938 992 0
941 992 2
944 992 2
946 992 0
948 992 3
959 992 8
968 992 2
974 992 1
976 992 4
985 992 2
85 993 0
142 993 0
182 993 1
185 993 1
194 993 1
205 993 1
418 993 1
440 993 0
479 993 0
550 993 3
561 993 2
565 993 1
569 993 2
591 993 1
628 993 1
654 993 1
686 993 4
695 993 1
700 993 1
726 993 3
743 993 4
752 993 4
755 993 2
763 993 1
776 993 4
784 993 2
799 993 4
816 993 3
823 993 3
833 993 0
841 993 3
873 993 4
884 993 8
892 993 0
915 993 0
936 993 6
941 993 1
947 993 4
951 993 5
959 993 6
976 993 4
978 993 2
980 993 2
983 993 4
985 993 3
986 993 2
987 993 7
992 993 11
6 994 2
81 994 0
88 994 0
101 994 0
106 994 0
115 994 0
137 994 1
138 994 1
279 994 1
311 994 1
511 994 1
523 994 0
566 994 0
574 994 2
581 994 0
594 994 1
595 994 1
647 994 0
672 994 0
700 994 3
728 994 1
737 994 1
742 994 1
746 994 3
761 994 0
780 994 3
787 994 0
809 994 0
812 994 3
826 994 1
832 994 0
837 994 0
864 994 3
868 994 5
870 994 5
874 994 1
897 994 0
902 994 8
925 994 2
965 994 2
967 994 2
968 994 2
970 994 2
971 994 3
976 994 5
979 994 6
984 994 2
987 994 1
12 995 0
23 995 0
38 995 0
92 995 1
98 995 0
120 995 0
143 995 0
367 995 0
380 995 1
385 995 1
423 995 0
426 995 0
445 995 2
511 995 2
542 995 2
590 995 2
618 995 0
641 995 0
660 995 4
668 995 0
712 995 1
721 995 0
750 995 1
769 995 0
784 995 1
817 995 4
851 995 1
852 995 2
853 995 3
862 995 4
867 995 5
890 995 2
892 995 6
918 995 2
926 995 0
927 995 6
930 995 2
933 995 0
940 995 0
941 995 2
942 995 0
958 995 2
965 995 3
966 995 3
972 995 1
976 995 1
985 995 1
74 996 1
75 996 1
124 996 0
159 996 0
202 996 0
221 996 1
236 996 2
242 996 1
244 996 0
325 996 0
353 996 0
372 996 1
384 996 1
410 996 0
445 996 0
480 996 0
514 996 2
545 996 2
622 996 2
646 996 1
651 996 1
682 996 2
696 996 0
714 996 2
718 996 0
768 996 3
772 996 1
788 996 0
826 996 1
839 996 1
858 996 9
860 996 5
872 996 5
875 996 5
886 996 1
899 996 2
906 996 1
911 996 1
921 996 4
928 996 1
936 996 2
946 996 8
950 996 2
952 996 2
958 996 11
962 996 3
965 996 3
966 996 2
982 996 3
15 997 1
21 997 0
116 997 1
123 997 1
162 997 0
173 997 1
267 997 0
270 997 1
278 997 1
312 997 2
349 997 0
408 997 2
416 997 1
444 997 1
503 997 0
528 997 2
559 997 1
582 997 0
596 997 0
620 997 0
673 997 0
696 997 0
771 997 0
775 997 1
784 997 0
797 997 1
808 997 3
810 997 0
831 997 0
833 997 4
855 997 0
859 997 3
866 997 2
881 997 4
885 997 0
891 997 6
892 997 3
903 997 2
908 997 6
911 997 6
920 997 4
921 997 0
935 997 3
945 997 7
948 997 7
949 997 0
956 997 3
979 997 1
984 997 9
54 998 1
87 998 0
90 998 1
91 998 1
114 998 0
121 998 1
170 998 1
262 998 1
319 998 1
323 998 1
338 998 0
377 998 2
406 998 1
468 998 1
509 998 2
559 998 0
644 998 2
646 998 0
674 998 0
684 998 0
696 998 3
701 998 3
703 998 0
739 998 0
784 998 2
806 998 4
807 998 2
830 998 1
832 998 0
835 998 1
844 998 4
846 998 1
848 998 3
856 998 1
877 998 7
882 998 7
885 998 1
904 998 0
907 998 3
928 998 1
934 998 10
935 998 1
956 998 4
958 998 0
960 998 11
965 998 1
970 998 11
989 998 4
992 998 0
26 999 1
60 999 0
84 999 0
111 999 1
148 999 1
250 999 1
251 999 1
293 999 1
317 999 1
377 999 0
424 999 1
437 999 1
477 999 0
501 999 2
520 999 1
553 999 3
607 999 0
614 999 2
616 999 1
620 999 3
627 999 0
629 999 0
656 999 2
660 999 3
669 999 1
687 999 3
707 999 1
717 999 0
718 999 0
734 999 1
798 999 5
818 999 5
819 999 1
824 999 7
836 999 5
882 999 2
909 999 1
911 999 4
923 999 9
949 999 0
959 999 2
963 999 4
964 999 1
966 999 3
980 999 16
981 999 3
984 999 6
989 999 2
995 999 2
