5 18 0
21 30 1
18 36 1
24 37 1
20 47 0
34 59 2
23 60 2
25 65 2
31 67 1
55 75 3
58 80 2
48 85 1
64 85 1
82 85 1
38 89 0
75 89 1
78 89 0
77 104 0
4 105 2
65 106 2
103 110 3
32 112 2
5 114 0
21 115 1
80 115 2
66 118 3
104 121 2
62 125 3
47 129 1
63 129 2
104 130 2
10 132 1
48 134 1
11 135 1
58 135 0
141 142 4
0 146 2
59 146 2
115 146 2
64 147 2
82 147 2
143 147 2
140 149 4
147 149 2
12 150 2
128 152 3
142 152 3
63 155 3
106 155 3
38 157 1
60 157 3
78 157 1
135 157 3
9 158 2
12 158 1
94 158 4
1 159 1
27 159 2
48 159 0
99 159 2
156 159 2
154 162 5
156 162 3
125 163 5
142 163 4
132 164 3
102 165 4
138 166 3
95 167 4
137 167 4
53 168 1
130 168 5
165 168 5
46 172 1
113 172 2
140 172 3
145 172 2
141 173 4
24 174 2
82 174 2
143 174 3
156 174 4
22 175 3
107 175 2
122 175 2
126 175 3
113 176 2
156 176 4
172 176 4
160 177 5
170 177 5
173 177 4
14 178 3
92 178 3
112 178 2
150 178 4
158 178 2
85 179 1
99 179 2
149 179 3
176 179 4
47 180 2
67 180 2
69 180 4
129 180 4
132 181 4
155 181 4
9 183 2
49 183 1
58 183 2
78 183 2
92 183 3
115 183 1
178 183 4
113 184 1
143 184 3
145 184 4
154 184 5
162 184 4
179 184 4
50 185 2
113 185 3
134 185 2
140 185 5
149 185 4
172 185 3
174 185 3
53 186 2
133 186 6
8 187 2
50 187 2
99 187 2
134 187 3
143 187 2
145 187 2
113 188 2
154 188 4
159 188 2
162 188 5
185 188 4
187 188 4
51 189 2
64 189 2
154 189 4
156 189 5
174 189 4
176 189 4
184 189 4
1 190 2
46 190 3
134 190 4
149 190 3
172 190 4
176 190 4
187 190 5
188 190 5
51 192 1
140 192 3
143 192 3
145 192 3
154 192 3
172 192 4
174 192 3
176 192 4
179 192 4
184 192 5
70 193 4
118 193 4
163 193 6
173 193 6
31 194 1
122 194 3
126 194 3
155 194 4
181 194 6
36 196 2
73 196 4
83 196 3
166 196 7
186 196 7
90 197 4
102 197 4
111 197 5
121 197 4
138 197 4
186 197 7
11 198 2
14 198 3
58 198 3
80 198 3
89 198 1
146 198 3
150 198 6
178 198 6
183 198 4
7 199 1
19 199 3
76 199 3
81 199 3
83 199 1
123 199 3
138 199 3
165 199 4
37 200 2
134 200 3
145 200 4
147 200 2
162 200 5
172 200 3
179 200 4
184 200 6
188 200 5
189 200 4
190 200 6
139 201 6
144 201 6
148 201 6
195 201 9
21 202 1
59 202 3
92 202 2
94 202 3
112 202 2
135 202 3
146 202 4
150 202 4
157 202 3
158 202 3
198 202 5
44 203 3
66 203 3
136 203 6
160 203 6
169 203 7
177 203 6
193 203 7
72 204 4
161 204 6
10 205 2
71 205 3
79 205 3
86 205 3
129 205 2
137 205 5
164 205 5
175 205 5
194 205 5
73 206 4
83 206 4
104 206 3
114 206 4
121 206 5
166 206 7
196 206 10
197 206 8
199 206 6
6 207 2
25 207 1
31 207 2
67 207 2
71 207 2
79 207 2
126 207 3
132 207 4
164 207 4
167 207 4
181 207 5
2 208 2
69 208 3
103 208 4
107 208 2
110 208 4
122 208 3
129 208 3
132 208 3
180 208 5
181 208 6
194 208 5
207 208 4
0 209 2
45 209 3
49 209 2
55 209 3
60 209 3
75 209 3
94 209 3
112 209 2
135 209 3
150 209 4
157 209 4
158 209 3
198 209 4
62 210 3
84 210 4
128 210 5
160 210 6
170 210 7
173 210 7
193 210 9
203 210 9
124 211 5
148 211 7
191 211 10
201 211 9
204 211 11
131 212 6
161 212 6
182 212 9
191 212 11
211 212 12
6 213 2
10 213 2
26 213 3
35 213 3
42 213 2
110 213 3
155 213 4
164 213 4
167 213 3
175 213 5
194 213 6
205 213 8
208 213 5
42 214 2
68 214 4
86 214 3
95 214 4
103 214 3
107 214 3
132 214 3
164 214 5
167 214 5
180 214 4
181 214 6
194 214 5
148 215 6
171 215 7
182 215 8
191 215 11
195 215 10
204 215 11
211 215 13
212 215 13
29 216 3
44 216 3
105 216 4
136 216 6
151 216 7
152 216 5
169 216 8
173 216 7
177 216 7
203 216 11
210 216 9
2 217 2
65 217 2
68 217 4
69 217 3
71 217 4
137 217 5
164 217 6
167 217 6
175 217 5
180 217 5
194 217 5
205 217 9
207 217 5
213 217 8
214 217 8
15 218 3
57 218 4
120 218 5
151 218 7
152 218 5
160 218 6
169 218 7
170 218 8
177 218 7
193 218 7
210 218 10
216 218 11
100 219 4
161 219 7
171 219 8
191 219 11
195 219 11
204 219 13
211 219 13
212 219 14
215 219 15
139 220 6
144 220 6
191 220 11
195 220 12
201 220 12
204 220 12
211 220 14
212 220 13
215 220 14
219 220 15
98 221 4
117 221 5
127 221 6
182 221 9
191 221 10
195 221 12
201 221 9
204 221 11
212 221 13
215 221 14
219 221 14
220 221 15
20 222 2
31 222 2
79 222 4
95 222 4
106 222 3
107 222 3
110 222 2
122 222 3
126 222 5
137 222 5
164 222 5
167 222 6
181 222 6
194 222 8
205 222 7
207 222 8
214 222 9
9 223 3
14 223 3
23 223 1
30 223 1
32 223 1
34 223 2
45 223 2
59 223 3
78 223 2
92 223 4
94 223 4
135 223 2
150 223 5
158 223 6
178 223 7
183 223 6
198 223 7
202 223 8
209 223 7
84 224 4
105 224 4
120 224 5
125 224 5
151 224 7
152 224 5
163 224 7
169 224 8
170 224 7
173 224 7
193 224 10
203 224 9
210 224 12
216 224 13
218 224 13
108 225 5
124 225 5
153 225 7
161 225 7
171 225 8
191 225 11
195 225 11
204 225 13
211 225 14
212 225 14
215 225 15
219 225 17
220 225 15
221 225 14
97 226 4
109 226 5
119 226 5
127 226 6
153 226 7
171 226 7
182 226 8
195 226 11
201 226 10
204 226 11
211 226 12
212 226 12
219 226 14
220 226 14
221 226 15
225 226 15
19 227 3
76 227 4
77 227 3
88 227 4
90 227 4
96 227 4
114 227 4
133 227 6
165 227 7
166 227 7
168 227 6
186 227 9
196 227 9
197 227 9
199 227 8
206 227 11
8 228 2
27 228 3
37 228 2
99 228 4
140 228 6
149 228 6
154 228 6
156 228 7
159 228 5
162 228 6
172 228 6
174 228 6
176 228 8
179 228 7
185 228 7
187 228 6
188 228 9
189 228 7
190 228 8
192 228 7
200 228 9
7 229 2
40 229 3
53 229 2
76 229 3
83 229 3
90 229 4
102 229 5
111 229 5
114 229 4
121 229 4
123 229 4
165 229 6
166 229 7
186 229 9
196 229 10
197 229 12
206 229 12
227 229 14
5 230 1
19 230 3
53 230 3
77 230 3
81 230 4
88 230 4
111 230 5
123 230 5
130 230 5
133 230 6
165 230 7
166 230 7
168 230 8
186 230 10
196 230 9
197 230 9
199 230 9
206 230 10
227 230 17
229 230 14
0 231 3
11 231 3
12 231 2
23 231 2
30 231 1
32 231 2
34 231 1
45 231 2
49 231 2
55 231 3
60 231 4
75 231 4
80 231 3
89 231 2
112 231 5
115 231 3
135 231 4
146 231 5
150 231 6
157 231 5
178 231 4
198 231 9
202 231 7
209 231 12
7 232 3
41 232 2
73 232 3
76 232 4
88 232 3
96 232 3
104 232 4
114 232 3
121 232 4
123 232 4
130 232 5
133 232 5
138 232 5
166 232 8
168 232 5
186 232 8
196 232 9
197 232 9
199 232 8
206 232 13
227 232 16
229 232 14
230 232 15
28 233 3
29 233 3
52 233 3
57 233 4
61 233 4
120 233 5
128 233 5
136 233 6
141 233 5
151 233 7
160 233 6
163 233 6
169 233 8
170 233 7
173 233 8
193 233 10
203 233 11
210 233 13
216 233 13
218 233 14
224 233 15
5 234 1
7 234 2
36 234 2
40 234 3
41 234 3
77 234 3
81 234 3
83 234 3
90 234 4
96 234 4
102 234 5
111 234 5
123 234 4
130 234 5
133 234 6
138 234 5
165 234 7
166 234 8
168 234 7
186 234 9
196 234 11
197 234 12
206 234 10
227 234 16
229 234 18
230 234 19
232 234 17
18 235 2
36 235 3
40 235 3
41 235 2
73 235 3
77 235 3
81 235 4
88 235 3
96 235 3
102 235 5
111 235 5
114 235 3
121 235 3
123 235 4
130 235 4
133 235 5
138 235 4
165 235 8
168 235 6
186 235 8
196 235 9
197 235 11
199 235 8
206 235 11
227 235 16
229 235 15
230 235 18
234 235 22
18 236 1
19 236 3
40 236 3
41 236 3
73 236 4
76 236 4
81 236 4
88 236 4
90 236 4
96 236 4
102 236 5
104 236 3
111 236 5
130 236 6
133 236 6
138 236 6
165 236 8
166 236 8
168 236 7
186 236 9
196 236 10
197 236 12
199 236 10
206 236 12
227 236 19
229 236 16
230 236 19
232 236 20
234 236 22
235 236 23
2 237 3
6 237 3
22 237 3
26 237 3
35 237 3
47 237 1
63 237 3
67 237 3
68 237 4
69 237 4
86 237 4
95 237 4
103 237 4
106 237 4
126 237 6
137 237 6
155 237 7
167 237 8
175 237 7
180 237 8
181 237 8
194 237 10
205 237 9
207 237 9
208 237 10
213 237 12
214 237 12
217 237 14
222 237 12
74 238 4
87 238 4
100 238 4
101 238 5
116 238 5
117 238 5
124 238 5
131 238 6
139 238 6
144 238 6
148 238 7
153 238 7
171 238 8
182 238 9
191 238 11
195 238 12
201 238 13
204 238 12
211 238 16
212 238 15
215 238 17
219 238 17
220 238 18
221 238 17
225 238 18
226 238 17
13 239 3
74 239 4
91 239 4
93 239 4
101 239 5
108 239 5
109 239 5
116 239 5
119 239 5
127 239 6
131 239 6
153 239 7
161 239 7
182 239 9
191 239 11
195 239 12
201 239 10
204 239 13
211 239 14
212 239 16
215 239 15
219 239 16
220 239 16
221 239 17
225 239 18
226 239 19
238 239 22
1 240 3
24 240 2
27 240 3
46 240 2
50 240 3
51 240 3
64 240 3
82 240 3
99 240 4
134 240 5
140 240 5
143 240 6
145 240 5
147 240 6
149 240 7
154 240 7
156 240 7
159 240 6
162 240 7
174 240 9
176 240 7
179 240 8
184 240 9
185 240 8
187 240 9
188 240 9
189 240 10
190 240 10
192 240 10
200 240 11
228 240 19
1 241 2
8 241 2
24 241 3
27 241 2
37 241 3
46 241 2
48 241 2
50 241 3
51 241 2
64 241 4
82 241 4
85 241 4
113 241 4
134 241 6
140 241 4
143 241 5
145 241 4
147 241 6
149 241 7
154 241 6
156 241 6
162 241 7
174 241 8
176 241 7
179 241 7
184 241 9
185 241 9
187 241 9
188 241 9
189 241 10
190 241 10
200 241 12
228 241 18
240 241 28
20 242 2
22 242 3
25 242 2
26 242 3
35 242 3
42 242 3
63 242 4
65 242 4
67 242 2
68 242 4
71 242 3
79 242 3
86 242 4
103 242 5
106 242 5
107 242 5
110 242 5
122 242 4
126 242 4
129 242 5
137 242 5
155 242 6
164 242 6
175 242 9
180 242 7
181 242 6
205 242 12
208 242 10
213 242 12
214 242 12
217 242 12
222 242 14
237 242 22
15 243 3
16 243 3
28 243 3
29 243 3
52 243 3
56 243 3
61 243 4
62 243 4
70 243 4
84 243 4
105 243 4
118 243 4
120 243 5
125 243 6
128 243 6
136 243 6
141 243 5
142 243 6
151 243 7
152 243 7
160 243 7
163 243 8
169 243 8
170 243 8
177 243 8
193 243 11
203 243 12
210 243 14
216 243 15
218 243 16
224 243 18
233 243 22
0 244 3
9 244 3
11 244 2
12 244 3
14 244 3
21 244 3
23 244 3
30 244 3
32 244 3
34 244 3
38 244 1
45 244 3
49 244 3
55 244 3
58 244 3
59 244 4
60 244 4
75 244 3
78 244 3
80 244 4
92 244 4
94 244 4
112 244 5
115 244 5
146 244 6
150 244 7
157 244 6
158 244 7
178 244 9
183 244 9
198 244 12
202 244 12
209 244 14
223 244 18
231 244 22
4 245 3
15 245 3
16 245 3
56 245 3
57 245 4
61 245 4
62 245 4
66 245 4
70 245 4
84 245 4
105 245 5
118 245 5
120 245 5
125 245 6
128 245 5
136 245 6
141 245 6
142 245 5
151 245 7
160 245 7
163 245 8
169 245 8
170 245 8
173 245 9
177 245 9
193 245 12
203 245 13
210 245 15
216 245 14
218 245 16
224 245 18
233 245 21
243 245 30
4 246 3
15 246 3
16 246 3
28 246 3
44 246 3
52 246 3
56 246 3
57 246 4
61 246 4
66 246 4
70 246 4
105 246 5
118 246 5
120 246 5
125 246 5
128 246 6
136 246 6
141 246 6
142 246 6
151 246 7
152 246 7
163 246 8
169 246 8
170 246 8
173 246 9
177 246 8
193 246 12
203 246 13
210 246 12
216 246 16
218 246 16
224 246 18
233 246 22
243 246 30
245 246 31
4 247 2
16 247 3
28 247 3
29 247 3
44 247 3
52 247 3
56 247 3
57 247 4
61 247 4
62 247 4
66 247 4
70 247 4
84 247 4
118 247 5
125 247 6
128 247 6
136 247 6
141 247 6
142 247 6
151 247 7
152 247 7
160 247 7
163 247 8
169 247 8
170 247 8
173 247 9
177 247 9
193 247 12
203 247 14
210 247 15
216 247 16
218 247 15
224 247 17
233 247 23
243 247 31
245 247 31
246 247 32
2 248 3
6 248 3
10 248 3
20 248 2
22 248 3
25 248 3
26 248 3
35 248 3
42 248 3
63 248 4
65 248 4
68 248 4
69 248 4
71 248 4
79 248 4
86 248 4
95 248 4
103 248 5
106 248 5
107 248 5
110 248 5
122 248 5
126 248 6
129 248 5
132 248 6
137 248 6
155 248 7
164 248 8
167 248 8
175 248 9
180 248 7
181 248 9
194 248 11
205 248 14
207 248 13
208 248 15
213 248 16
214 248 16
217 248 17
222 248 18
237 248 28
242 248 32
3 249 3
13 249 3
17 249 3
33 249 3
39 249 3
43 249 3
54 249 3
72 249 4
87 249 4
91 249 4
93 249 4
97 249 4
98 249 4
101 249 5
108 249 5
109 249 5
116 249 5
117 249 5
119 249 5
127 249 6
131 249 6
139 249 6
144 249 6
148 249 7
153 249 7
171 249 8
182 249 9
191 249 11
195 249 12
201 249 13
204 249 13
211 249 15
212 249 15
215 249 17
219 249 16
220 249 18
221 249 19
225 249 18
226 249 21
238 249 27
239 249 28
3 250 3
17 250 3
33 250 3
39 250 3
43 250 3
54 250 3
72 250 4
74 250 4
87 250 4
91 250 4
93 250 4
97 250 4
98 250 4
100 250 4
101 250 5
108 250 5
109 250 5
116 250 5
117 250 5
119 250 5
124 250 5
127 250 6
131 250 6
139 250 6
144 250 6
148 250 7
153 250 7
161 250 7
171 250 8
182 250 9
195 250 12
201 250 13
204 250 14
211 250 15
212 250 15
215 250 16
219 250 17
220 250 17
221 250 18
225 250 19
226 250 21
238 250 29
239 250 28
249 250 41
3 251 3
13 251 3
17 251 3
33 251 3
39 251 3
43 251 3
54 251 3
72 251 4
74 251 4
87 251 4
91 251 4
93 251 4
97 251 4
98 251 4
100 251 4
101 251 5
108 251 5
109 251 5
116 251 5
117 251 5
119 251 5
124 251 5
127 251 6
131 251 6
139 251 6
144 251 6
148 251 7
153 251 7
161 251 7
171 251 8
182 251 9
191 251 11
195 251 12
201 251 13
204 251 14
211 251 16
212 251 16
215 251 17
219 251 18
220 251 18
221 251 19
225 251 20
226 251 21
238 251 30
239 251 30
249 251 43
250 251 45
3 252 3
13 252 3
17 252 3
33 252 3
39 252 3
43 252 3
54 252 3
72 252 4
74 252 4
87 252 4
91 252 4
93 252 4
97 252 4
98 252 4
100 252 4
101 252 5
108 252 5
109 252 5
116 252 5
117 252 5
119 252 5
124 252 5
127 252 6
131 252 6
139 252 6
144 252 6
148 252 7
153 252 7
161 252 7
171 252 8
182 252 9
191 252 11
195 252 12
201 252 13
204 252 14
211 252 16
212 252 16
215 252 17
219 252 18
220 252 18
221 252 19
225 252 20
226 252 21
238 252 30
239 252 30
249 252 43
250 252 45
251 252 47
