degree distribution (probability density function of the degree in logarithmic bins) 
16	0.205414
17	0.209545
18	0.0876744
19	0.143739
20	0.0876433
21	0.104772
22	0.100199
23	0.0766607
24	0.0733146
25	0.052586

degree distribution (degree-occurrences) 
16	0.15
17	0.16
18	0.07
19	0.12
20	0.08
21	0.1
22	0.1
23	0.08
24	0.08
25	0.06


--------------------------------------
community distribution (size-occurrences)
12	0.166667
14	0.333333
18	0.333333
24	0.166667


--------------------------------------
mixing parameter
0.434783	0.01
0.470588	0.1
0.475077	0.09
0.479006	0.07
0.5	0.47
0.52	0.03
0.523033	0.08
0.527643	0.14
0.541667	0.01

--------------------------------------
