6 
3 
8 
4 
3 
4 
12 
6 
9 
14 
2 
9 
9 
13 
4 
14 
2 
3 
6 
14 
10 
12 
12 
6 
14 
5 
8 
9 
10 
7 
5 
14 
7 
14 
5 
14 
7 
11 
9 
2 
4 
7 
9 
11 
7 
14 
10 
8 
10 
12 
6 
12 
5 
8 
5 
13 
11 
10 
3 
9 
14 
12 
14 
6 
14 
12 
2 
2 
1 
8 
4 
12 
4 
7 
12 
5 
11 
4 
14 
2 
4 
7 
10 
2 
12 
7 
12 
2 
9 
12 
13 
2 
7 
12 
8 
3 
7 
7 
1 
2 
12 
5 
2 
10 
1 
10 
7 
14 
13 
9 
2 
11 
13 
12 
3 
4 
7 
1 
9 
4 
12 
9 
8 
14 
2 
2 
7 
14 
1 
6 
13 
7 
7 
7 
2 
6 
3 
13 
14 
6 
2 
9 
2 
7 
9 
10 
4 
5 
8 
7 
7 
6 
13 
2 
11 
7 
11 
5 
6 
14 
14 
3 
1 
5 
9 
6 
14 
7 
10 
12 
6 
9 
8 
12 
5 
5 
7 
5 
7 
1 
2 
14 
10 
2 
1 
2 
8 
11 
13 
10 
12 
3 
4 
6 
14 
5 
9 
3 
2 
12 
12 
12 
14 
11 
2 
11 
5 
11 
5 
14 
5 
13 
14 
8 
2 
10 
6 
6 
6 
3 
3 
5 
9 
10 
3 
2 
3 
14 
14 
11 
10 
9 
4 
9 
4 
2 
6 
5 
6 
2 
9 
4 
4 
10 
2 
13 
8 
7 
9 
7 
8 
3 
9 
10 
8 
13 
10 
2 
6 
4 
2 
7 
7 
3 
4 
3 
5 
13 
12 
12 
5 
5 
2 
12 
5 
5 
7 
1 
9 
1 
3 
10 
11 
2 
3 
12 
12 
7 
1 
11 
3 
3 
6 
13 
13 
10 
7 
10 
3 
8 
4 
7 
1 
3 
6 
4 
11 
10 
4 
2 
4 
12 
2 
12 
9 
14 
7 
2 
8 
12 
3 
2 
14 
9 
4 
5 
11 
12 
8 
14 
8 
1 
8 
2 
3 
1 
2 
4 
7 
4 
6 
1 
5 
1 
6 
10 
14 
5 
12 
12 
5 
3 
8 
6 
10 
3 
14 
12 
2 
5 
9 
4 
13 
7 
4 
8 
9 
8 
10 
3 
13 
10 
11 
8 
6 
14 
11 
4 
10 
7 
2 
1 
11 
11 
10 
14 
5 
12 
10 
1 
9 
3 
14 
1 
2 
2 
2 
10 
3 
6 
7 
1 
4 
4 
9 
13 
2 
6 
6 
4 
7 
9 
10 
13 
4 
12 
11 
6 
14 
4 
8 
9 
8 
3 
11 
13 
10 
14 
3 
7 
8 
10 
11 
6 
12 
14 
7 
13 
4 
7 
14 
5 
4 
7 
1 
3 
1 
7 
13 
14 
14 
5 
8 
9 
4 
2 
3 
1 
12 
1 
4 
7 
12 
11 
4 
14 
9 
6 
6 
7 
13 
12 
7 
10 
12 
2 
5 
3 
9 
5 
3 
10 
9 
4 
11 
1 
2 
4 
5 
4 
6 
3 
11 
9 
12 
1 
8 
11 
12 
11 
