25
33
38
17
24
19
28
36
29
17
32
26
1
1
24
32
25
2
31
32
12
6
26
27
37
30
25
33
19
22
22
4
21
25
38
12
22
4
10
21
21
19
1
20
21
32
12
33
32
3
24
8
13
21
36
9
8
36
4
1
34
9
14
27
16
23
33
12
12
29
20
20
24
37
25
17
17
22
10
27
15
23
31
27
23
34
38
32
32
14
25
17
21
38
24
9
29
25
30
22
16
15
4
23
15
7
38
31
15
32
27
26
32
18
14
6
14
16
37
30
18
7
2
14
27
12
24
14
14
13
23
5
23
18
3
26
13
13
22
29
14
13
4
26
12
3
32
27
23
17
5
35
30
12
31
32
27
20
22
16
24
37
38
17
14
34
38
19
4
27
13
21
32
12
25
25
38
9
37
31
34
8
36
7
16
31
34
17
19
13
14
15
35
10
21
26
32
22
8
13
3
28
8
13
21
8
1
22
17
6
24
26
32
23
10
17
1
29
3
36
27
34
21
24
34
24
3
38
37
24
5
1
19
22
37
25
23
11
24
17
26
29
29
8
28
31
25
17
28
8
38
27
12
22
11
19
12
22
35
24
32
12
25
15
19
24
22
37
24
30
38
32
31
8
8
21
26
17
25
4
23
24
21
32
2
32
12
4
22
12
30
15
12
22
31
26
33
26
38
22
22
26
12
8
7
1
9
30
38
8
27
12
13
38
15
1
1
14
13
36
14
2
14
36
14
31
13
22
1
12
33
27
14
25
29
31
6
13
32
5
35
24
12
12
1
24
27
17
34
2
32
31
4
34
23
17
38
27
38
9
14
25
10
1
14
30
14
3
22
4
31
22
27
27
4
4
38
31
19
15
38
9
12
32
29
21
35
13
14
14
22
14
30
4
10
37
14
33
37
21
26
35
12
13
11
8
22
25
32
37
25
25
26
33
1
7
31
17
26
11
24
38
20
27
28
33
12
27
31
9
7
32
24
37
7
4
24
27
9
24
2
19
18
25
4
27
35
31
4
27
37
25
12
25
25
1
37
27
14
14
13
6
15
28
30
28
8
25
21
34
12
8
27
15
4
23
37
12
22
14
22
24
14
35
31
7
14
1
5
4
23
17
17
19
35
17
16
29
37
15
4
24
38
6
38
12
15
26
11
14
23
34
24
37
20
12
34
1
19
27
27
27
12
1
28
31
30
29
33
23
14
24
30
12
3
19
5
33
14
38
16
4
27
17
20
27
17
27
14
4
5
38
22
37
30
15
24
10
13
19
18
17
8
22
14
29
33
27
26
4
24
28
22
17
16
9
33
30
24
31
25
9
5
11
13
25
30
24
30
1
32
34
31
19
29
8
1
4
4
22
6
7
4
17
25
21
30
30
19
4
31
27
21
31
22
6
32
14
27
18
8
27
37
18
15
10
9
33
27
14
22
22
22
26
11
35
15
21
31
18
8
34
5
36
25
12
4
37
30
26
31
17
31
12
21
11
1
38
22
25
37
25
30
12
9
30
4
17
14
23
24
28
13
24
21
31
31
21
25
1
25
22
27
36
21
5
15
22
34
24
14
18
34
35
17
31
14
20
12
25
16
23
31
5
26
34
13
19
7
28
20
26
18
14
8
16
19
6
17
7
4
4
27
30
21
23
32
22
17
24
10
31
38
15
24
30
33
4
34
17
34
9
3
2
17
11
12
37
32
8
5
9
5
27
4
21
30
32
25
32
15
25
17
26
14
32
15
12
4
12
8
17
38
18
12
25
1
33
27
22
32
14
24
15
25
31
27
25
6
34
30
22
21
2
22
27
11
4
21
9
14
28
1
22
31
21
31
32
9
32
28
31
14
8
6
8
24
37
34
29
31
15
14
14
34
35
26
14
25
31
25
31
12
4
28
11
21
8
27
28
26
25
17
18
37
22
24
33
25
38
26
34
17
22
29
19
28
27
2
25
15
22
17
6
32
14
10
31
9
38
22
15
23
7
32
30
27
24
9
16
4
25
10
31
1
12
12
19
11
22
25
27
17
14
31
12
32
8
31
23
37
38
14
37
37
20
10
38
1
29
30
25
11
37
25
20
25
31
24
31
17
12
14
2
27
36
29
38
34
19
6
17
37
36
34
26
21
14
38
8
17
1
24
31
33
23
10
8
13
13
3
33
31
24
1
21
8
19
31
13
26
34
24
38
26
24
26
23
13
4
32
4
30
12
15
35
25
17
26
2
3
24
10
29
31
32
1
22
23
22
32
15
30
4
33
31
26
3
31
8
