35
2
31
4
17
37
6
16
30
7
10
16
29
23
12
2
37
11
22
11
11
33
15
32
25
5
46
11
24
13
41
9
7
43
23
7
28
46
44
38
45
45
20
24
22
28
19
32
19
39
28
41
9
16
7
27
31
12
13
42
24
36
27
32
20
40
2
13
18
44
14
7
35
28
4
23
27
18
2
28
4
7
36
35
38
31
38
30
35
39
41
12
10
8
41
28
21
9
9
32
23
41
9
2
29
2
32
9
23
16
18
17
40
12
8
22
31
34
38
18
34
4
6
26
32
12
36
31
24
46
23
26
30
21
12
2
43
14
24
5
20
23
39
14
11
32
3
24
8
5
35
14
17
8
19
7
9
23
43
46
16
15
3
15
2
25
16
5
25
17
36
2
14
35
19
3
22
17
20
7
18
33
43
6
32
15
8
37
10
21
31
41
10
41
7
22
21
21
11
1
24
4
3
15
13
10
31
20
2
44
3
20
22
19
15
32
3
11
15
22
40
21
31
22
7
5
33
29
4
24
43
41
22
28
44
2
15
31
2
8
30
30
34
2
9
30
12
2
14
10
17
22
22
40
26
28
29
27
26
22
19
9
26
20
2
44
28
22
37
27
5
41
5
6
16
6
42
45
12
2
19
20
34
23
28
26
28
45
25
1
9
17
19
20
33
29
36
6
25
24
2
11
11
14
7
29
19
18
12
36
43
8
23
34
14
40
15
35
20
35
25
6
27
19
28
16
7
12
13
42
35
42
38
7
9
43
30
39
41
14
39
15
35
16
27
37
7
46
7
30
27
15
36
34
40
39
10
14
44
37
46
36
27
31
6
30
8
27
6
21
1
20
45
39
10
34
31
18
8
17
27
39
26
3
13
34
33
25
43
6
44
21
22
10
10
4
36
38
40
10
24
38
37
16
19
26
5
5
38
18
3
11
5
22
34
26
36
35
43
8
36
39
45
34
11
3
21
6
19
22
2
26
30
2
1
36
33
39
26
19
18
10
37
13
21
37
11
24
36
20
20
11
1
32
9
13
43
7
37
26
42
46
10
17
24
30
3
25
3
45
11
25
1
1
32
28
10
3
38
5
46
38
3
34
43
36
13
21
37
22
3
1
46
46
31
21
36
42
46
8
39
2
2
35
25
24
29
33
13
25
39
2
9
35
1
19
2
38
22
38
28
38
1
31
34
18
36
30
30
44
4
8
17
36
29
37
39
11
8
44
1
39
13
46
13
34
1
32
45
4
46
21
37
17
21
16
28
39
34
33
34
11
20
39
21
4
13
13
33
40
10
29
34
46
32
17
17
19
2
43
40
5
34
22
2
21
28
2
32
28
1
36
5
11
11
34
11
25
34
39
4
10
16
16
46
44
43
10
17
45
7
36
16
17
9
4
45
40
18
22
25
17
4
35
10
9
46
28
5
35
29
5
3
40
4
33
4
28
18
33
18
45
1
36
40
35
22
43
44
40
39
44
40
16
17
36
25
2
7
42
44
43
3
3
42
44
11
17
21
18
25
10
22
19
2
17
18
4
10
11
33
3
45
21
21
22
45
34
45
1
33
25
1
21
11
3
36
33
25
25
35
33
46
2
7
10
1
1
18
18
17
2
17
44
42
16
42
42
45
17
42
25
43
28
29
7
16
25
40
44
21
3
45
17
44
2
10
36
17
3
11
22
28
22
21
46
36
29
45
36
17
17
29
33
36
45
2
45
36
44
44
42
18
18
44
21
11
42
11
36
44
42
43
10
10
3
2
40
21
10
2
36
3
33
29
33
3
45
18
40
2
34
40
40
25
36
45
44
2
46
17
21
7
17
46
42
7
29
46
29
29
43
43
33
7
46
43
46
40
36
2
3
22
44
7
43
43
46
11
42
22
2
25
7
25
29
40
40
29
42
45
46
3
29
11
45
33
42
45
21
25
21
46
7
29
40
29
33
42
44
17
25
33
3
22
17
22
42
10
44
22
2
17
17
17
42
42
17
46
45
44
29
42
3
42
11
11
33
17
33
22
17
33
44
7
42
17
2
33
7
22
36
21
22
46
25
22
29
17
17
36
29
33
11
11
10
36
22
17
21
10
33
11
46
10
29
21
11
44
44
46
11
29
17
29
36
11
2
46
11
33
36
2
21
29
46
46
29
21
29
10
22
11
46
22
2
21
2
2
46
11
11
2
2
17
17
36
17
11
11
36
11
46
46
46
46
46
36
22
11
2
11
36
46
36
46
22
2
36
36
2
17
11
36
17
2
36
17
22
22
