23
6
9
19
28
6
28
10
32
35
20
15
4
20
39
35
22
10
19
24
17
16
28
20
36
35
6
11
16
39
2
22
21
19
31
27
36
21
14
25
27
33
6
34
24
19
9
19
29
8
28
25
35
37
34
31
1
21
4
25
9
6
22
17
14
34
21
18
15
5
8
14
10
16
2
11
6
6
27
34
4
26
28
8
33
38
19
16
33
10
29
28
20
29
34
30
20
14
8
13
5
1
2
12
4
37
16
34
13
19
35
12
13
26
3
13
1
26
36
17
16
20
22
6
11
20
5
26
38
7
24
13
5
5
24
21
17
17
30
29
12
5
37
11
21
5
37
37
5
36
5
17
19
4
24
30
5
31
16
22
5
33
16
13
2
19
17
7
29
24
24
24
24
34
13
18
24
24
35
28
33
33
27
8
21
5
9
19
28
7
10
29
38
16
28
11
27
17
14
23
3
8
34
33
32
17
20
9
11
7
8
4
20
39
20
19
33
29
32
26
34
32
32
35
33
6
12
24
34
39
31
20
10
5
13
24
23
5
24
12
18
11
2
9
11
33
5
40
16
17
16
5
5
20
19
29
7
31
14
36
27
6
36
25
24
16
35
11
2
30
17
1
29
22
34
21
1
38
28
38
12
33
26
4
29
27
39
33
33
2
3
20
11
19
20
38
3
8
6
26
5
33
11
11
11
24
17
20
34
2
35
36
19
34
5
17
1
4
8
16
28
5
33
13
36
22
5
4
28
21
16
36
17
36
28
12
8
34
35
34
16
6
3
9
31
17
7
23
17
17
17
31
34
20
33
6
32
25
35
33
5
33
31
34
20
28
28
18
34
20
31
18
24
8
10
24
27
9
14
35
30
2
4
14
16
19
35
35
4
5
16
29
32
15
35
22
34
26
29
31
39
31
24
36
21
12
20
38
24
15
36
16
38
36
16
27
4
21
19
21
17
19
6
23
37
39
33
2
24
32
17
19
15
34
22
24
16
34
21
22
26
34
39
17
6
40
40
39
11
35
34
34
9
4
34
6
19
39
40
33
26
34
21
39
17
30
29
1
34
22
37
33
6
28
9
13
10
8
31
37
6
24
32
5
5
20
1
31
13
9
14
5
4
7
28
2
16
9
2
2
17
8
37
16
30
34
26
33
21
11
1
26
25
21
8
22
10
19
39
17
31
26
28
34
9
16
10
4
11
25
33
22
5
4
26
35
9
6
29
14
25
20
23
4
34
20
21
4
40
34
38
24
25
5
6
35
28
12
35
21
28
11
16
24
3
17
28
3
19
32
28
22
4
6
20
33
36
14
8
31
31
13
22
13
16
21
20
10
3
6
6
6
11
33
15
27
23
31
33
2
28
1
20
24
11
28
40
7
17
6
1
33
26
9
14
1
6
37
23
22
20
19
35
31
5
17
9
32
31
4
18
6
11
4
22
10
4
35
29
2
22
4
9
9
22
9
17
10
34
26
21
8
7
37
18
5
21
16
29
20
6
13
6
11
19
20
17
23
35
23
17
20
17
27
21
17
16
31
32
32
26
35
37
6
4
25
2
17
18
30
19
22
9
4
4
14
37
5
20
12
18
22
9
21
20
20
29
27
33
36
12
36
24
9
20
34
32
22
17
24
14
40
30
30
23
4
13
6
19
15
20
5
20
14
4
11
23
24
14
28
15
19
17
20
16
24
40
39
20
17
24
7
22
8
19
9
16
26
25
10
25
30
31
35
7
29
6
26
2
26
5
29
3
6
13
11
2
18
24
2
4
4
22
14
24
9
14
12
36
35
17
9
24
21
20
15
20
20
29
25
28
11
2
22
36
25
10
35
4
8
15
9
5
9
18
9
2
36
39
18
3
11
24
7
34
19
16
28
19
5
19
36
9
9
28
4
5
15
18
11
20
24
34
28
29
34
8
7
6
14
14
34
17
24
5
4
1
22
7
9
40
10
11
28
35
34
6
17
9
40
25
29
31
11
24
9
20
33
11
21
11
22
6
6
14
14
26
27
6
34
20
35
9
17
31
4
34
5
22
18
34
9
38
7
34
33
24
6
22
6
34
20
4
24
17
38
16
2
13
11
29
7
10
6
10
28
22
4
35
5
6
11
21
24
11
20
39
20
28
12
23
22
32
13
34
34
6
8
23
4
11
14
13
3
37
26
13
18
11
24
4
14
17
17
17
11
31
17
16
5
23
25
10
39
19
10
20
5
6
24
25
32
33
29
15
9
24
35
28
34
34
16
17
27
6
22
11
28
19
20
