26
32
1
38
40
15
40
35
13
9
32
9
7
36
9
30
6
11
5
6
23
29
22
35
31
32
38
16
35
33
4
30
38
10
11
26
13
9
7
8
31
15
36
2
38
34
13
28
25
25
2
13
39
14
12
18
11
27
31
27
9
6
38
39
14
15
8
16
36
38
19
32
37
34
14
32
37
10
38
31
18
39
5
34
16
21
12
34
34
30
39
5
7
16
38
3
35
26
33
25
20
39
16
6
18
31
31
1
30
36
12
7
17
26
5
12
31
3
41
27
21
12
27
13
23
38
6
26
29
25
9
3
17
18
26
21
15
11
27
25
8
31
33
31
29
38
39
41
15
39
6
35
8
7
8
23
23
41
13
8
37
26
13
15
38
34
22
24
28
6
22
10
14
20
28
1
40
2
34
19
9
30
23
5
16
16
4
2
30
21
28
29
24
5
30
30
29
4
26
31
20
39
8
11
22
1
5
25
31
1
8
38
4
10
1
34
14
10
31
35
36
38
34
31
13
7
24
1
24
18
7
7
4
38
13
6
10
17
34
4
39
26
34
21
2
39
29
31
26
7
1
33
25
15
14
27
10
1
40
22
39
13
35
32
4
38
8
21
14
33
2
29
38
23
33
28
39
9
6
7
2
37
37
34
39
29
25
22
36
14
23
11
20
6
27
3
32
15
1
32
2
38
7
32
34
19
33
32
24
34
39
34
11
24
15
39
40
5
36
8
28
5
8
31
36
6
40
5
26
38
20
6
14
41
41
7
7
12
1
16
6
8
31
3
7
33
19
34
4
12
14
22
38
5
21
27
28
18
7
37
2
10
21
34
41
35
14
23
19
16
17
34
35
29
1
31
41
27
18
5
30
10
38
10
19
8
38
4
17
2
36
23
10
25
13
7
8
38
14
15
5
19
4
9
36
41
11
6
21
34
38
10
4
34
18
38
31
14
22
36
34
13
20
7
8
36
1
34
28
7
17
18
39
2
22
36
39
1
6
38
5
37
24
40
16
5
18
1
28
23
18
17
41
7
7
37
13
24
15
35
28
40
41
20
19
35
38
19
9
41
3
21
1
8
11
5
35
31
3
12
6
2
27
3
17
25
15
29
3
34
20
39
38
23
29
24
37
21
39
33
7
39
17
24
3
38
6
9
40
34
3
8
20
39
1
3
35
9
11
29
39
15
7
20
11
31
30
9
38
25
15
20
6
21
41
25
11
37
10
2
17
3
6
26
7
40
17
2
3
6
17
13
7
6
25
38
20
7
22
12
10
39
1
13
2
31
40
18
12
35
24
37
9
12
20
34
24
1
37
39
31
10
37
19
40
6
8
39
6
6
38
8
26
27
22
21
20
18
4
8
24
1
31
30
1
22
34
9
37
2
14
9
6
14
14
27
24
2
37
8
12
17
5
6
6
2
24
39
9
25
4
6
10
40
36
33
7
31
36
37
6
1
19
2
39
38
39
8
19
33
27
10
23
18
38
22
33
6
29
18
17
37
4
33
22
38
14
38
24
26
36
37
6
11
29
23
2
38
34
38
17
15
38
3
26
26
7
13
37
1
1
23
14
39
33
1
10
34
14
22
7
34
36
35
35
6
30
17
31
2
37
31
18
13
18
19
37
6
18
2
11
30
35
23
1
38
19
18
29
30
11
30
30
31
15
3
20
24
2
5
1
11
24
33
10
6
25
22
35
1
33
30
9
25
22
14
26
35
20
5
6
25
20
9
39
10
22
22
31
22
22
38
36
13
3
35
39
15
10
1
37
33
6
19
7
24
24
29
36
6
25
19
6
37
37
6
19
18
17
29
5
31
24
30
15
29
6
35
34
14
22
1
38
22
2
1
5
34
6
18
15
15
13
14
7
3
34
34
33
7
6
1
6
34
37
15
30
33
36
19
34
31
35
33
24
6
9
39
7
18
5
10
26
38
34
8
39
14
30
36
25
34
1
13
15
31
31
22
39
34
24
22
34
31
5
38
24
36
36
36
39
8
25
7
14
26
24
30
39
9
1
8
31
35
26
39
25
34
30
18
26
24
37
24
35
10
31
7
25
22
9
8
9
35
10
26
36
31
22
10
1
31
26
2
31
26
35
7
36
25
26
18
31
7
31
15
25
36
7
38
31
24
8
1
34
37
10
7
14
39
39
6
35
6
31
34
22
10
35
35
39
38
35
34
31
31
22
8
1
35
34
39
37
10
38
31
22
1
37
34
34
7
35
8
38
7
7
38
6
34
1
1
38
39
6
8
7
39
1
31
