24
14
13
18
40
15
6
21
35
25
35
13
16
22
10
16
29
25
26
21
36
19
17
3
3
17
24
4
45
8
9
20
35
7
28
20
23
24
13
29
14
3
3
9
37
30
22
13
8
29
37
8
2
20
46
25
20
13
13
18
4
13
5
6
35
3
23
4
9
45
9
12
25
23
39
17
15
25
36
32
10
42
44
34
5
2
6
3
38
31
34
39
16
9
43
3
25
44
15
14
23
19
35
22
17
44
34
16
37
39
13
8
3
18
10
45
11
8
21
22
39
35
41
39
14
10
25
23
28
25
39
3
13
17
25
43
13
46
23
6
18
13
37
19
25
42
35
45
42
31
21
46
39
21
13
39
38
22
27
9
7
22
23
17
46
19
12
40
32
37
33
29
34
24
6
6
25
39
15
40
18
39
46
22
35
39
13
25
21
9
29
18
4
42
23
24
30
2
6
23
11
9
35
27
29
35
12
7
1
12
22
25
29
27
15
7
4
26
21
3
6
4
31
40
3
28
42
16
26
20
7
21
39
41
14
8
13
33
14
17
3
12
27
26
34
6
42
10
7
17
45
8
21
19
7
4
1
35
2
29
29
35
25
3
4
45
38
26
29
18
33
23
37
32
13
45
34
26
12
45
25
13
28
41
9
22
38
25
13
23
29
14
29
25
24
39
36
6
33
30
1
12
45
10
2
20
6
8
37
30
24
10
45
26
38
22
25
36
7
15
8
35
20
39
39
3
4
26
3
8
37
13
44
17
22
46
22
38
4
37
25
17
13
20
39
2
31
24
45
35
37
25
6
24
18
13
12
41
6
13
28
37
1
16
6
18
37
35
23
17
39
1
14
41
46
2
21
34
37
19
21
13
24
40
37
42
3
17
30
43
44
12
32
18
28
35
25
6
42
17
36
11
35
12
13
43
11
17
34
4
3
4
40
42
22
44
9
3
4
33
9
6
13
44
43
22
21
3
3
7
10
17
30
42
24
5
35
36
29
3
30
24
8
39
39
13
23
25
16
20
46
16
24
4
25
9
6
8
5
22
32
37
18
22
3
35
24
21
3
43
22
14
25
26
42
22
36
14
12
10
38
43
26
21
13
15
14
38
43
17
36
21
12
4
32
4
40
32
15
3
3
9
28
14
17
26
13
38
3
21
21
29
6
24
29
6
32
11
35
5
12
41
38
6
35
18
21
21
18
31
24
39
42
46
46
1
29
24
21
13
2
24
34
13
11
38
15
14
39
26
21
24
14
8
30
25
18
2
24
28
3
12
3
3
15
3
15
39
12
4
16
18
36
17
3
1
25
46
35
16
37
39
40
39
25
26
35
27
23
39
4
46
17
40
39
29
20
35
13
31
15
42
30
8
13
24
3
46
33
13
41
42
20
35
17
25
35
29
21
39
27
12
20
29
12
19
15
34
14
28
9
6
34
24
44
42
38
11
37
37
34
13
15
28
34
35
23
24
32
23
24
17
24
39
30
37
28
4
28
2
19
21
46
36
3
13
38
45
45
29
17
8
37
36
27
15
6
17
29
2
33
46
19
17
19
7
3
29
21
3
20
13
34
6
24
20
17
45
46
13
39
4
1
32
9
25
13
27
41
33
34
44
31
39
25
36
45
3
20
37
26
39
20
35
12
22
18
17
24
3
5
46
18
21
4
21
36
12
3
28
32
35
25
10
1
22
32
32
6
24
20
4
46
18
35
38
20
29
18
5
39
25
37
34
4
46
4
35
43
45
46
25
25
3
6
35
12
10
16
17
25
39
37
24
24
14
17
9
21
38
34
15
22
13
22
42
15
13
35
28
1
15
4
6
10
6
13
38
31
16
40
20
6
19
13
14
24
11
29
25
29
22
37
19
13
38
8
32
46
34
5
2
34
17
21
8
29
35
46
23
27
14
29
29
13
4
20
35
12
13
17
2
45
18
35
28
25
18
25
29
25
7
29
23
24
23
24
41
39
9
12
23
36
34
25
34
27
25
10
17
23
14
11
35
37
21
39
5
45
24
40
16
39
40
23
13
42
25
46
29
16
5
20
6
3
25
13
3
24
39
46
2
42
39
21
33
3
46
39
18
12
35
3
33
37
28
21
19
29
42
35
15
35
46
4
13
44
44
14
29
37
46
4
17
28
22
14
31
42
25
44
4
1
41
12
31
11
25
27
35
10
37
39
14
4
13
35
13
17
7
40
27
25
46
29
3
20
36
35
43
31
45
28
31
29
17
15
44
38
21
21
38
23
24
15
44
11
29
23
13
