0 15
0 16
0 17
0 20
0 22
0 24
0 25
0 27
0 28
0 29
0 30
0 32
0 34
0 35
0 58
0 60
1 30
1 31
1 33
1 34
1 36
1 47
1 58
1 59
1 60
2 30
2 31
2 33
2 34
2 36
2 47
2 58
2 59
2 60
3 30
3 31
3 33
3 34
3 36
3 47
3 58
3 59
3 60
4 52
4 58
4 59
4 60
5 20
5 30
5 31
5 32
5 33
5 34
5 36
5 47
5 52
5 58
5 59
5 60
6 7
6 8
6 9
6 10
6 11
6 12
6 14
6 18
6 21
6 59
7 8
7 9
7 10
7 11
7 12
7 14
7 18
7 21
7 26
7 59
8 9
8 10
8 11
8 14
8 18
8 21
8 26
8 59
9 13
9 19
9 20
9 34
9 39
9 40
9 41
9 47
9 49
9 50
9 51
9 54
9 55
9 56
9 57
9 59
10 13
10 19
10 20
10 34
10 39
10 40
10 41
10 47
10 49
10 50
10 51
10 54
10 55
10 56
10 57
10 59
11 13
11 19
11 20
11 34
11 39
11 40
11 41
11 47
11 49
11 50
11 51
11 54
11 55
11 56
11 57
11 59
12 13
12 19
12 20
12 34
12 39
12 40
12 41
12 47
12 49
12 50
12 51
12 54
12 55
12 56
12 57
12 59
13 19
13 39
13 40
13 41
13 47
13 49
13 50
13 51
13 56
13 59
14 13
14 19
14 20
14 26
14 34
14 39
14 40
14 41
14 47
14 49
14 50
14 51
14 56
14 59
15 16
15 17
15 22
15 24
15 25
15 26
15 27
15 28
15 29
15 52
15 60
16 17
16 22
16 24
16 25
16 26
16 27
16 28
16 29
16 52
16 60
17 20
17 22
17 25
17 27
17 33
17 34
17 35
17 40
17 52
17 56
17 58
17 60
18 20
18 39
18 58
18 59
19 20
19 60
20 25
20 43
20 58
20 60
21 20
21 23
21 25
21 33
21 36
21 37
21 38
21 39
21 40
21 43
21 49
21 50
21 58
21 60
22 20
22 23
22 33
22 39
22 40
22 43
22 49
22 50
22 58
22 60
23 39
23 40
23 43
23 58
23 60
24 25
24 33
24 36
24 43
24 44
24 49
24 54
24 55
24 56
24 58
24 60
25 33
25 36
25 43
25 44
25 49
25 54
25 55
25 56
25 58
25 60
26 25
26 36
26 43
26 44
26 49
26 50
26 54
26 55
26 56
26 58
26 60
27 25
27 34
27 39
27 40
27 43
27 49
27 50
27 52
27 56
27 58
27 60
28 19
28 20
28 25
28 34
28 36
28 39
28 40
28 43
28 49
28 50
28 52
28 53
28 54
28 55
28 56
28 58
28 60
29 19
29 20
29 25
29 33
29 36
29 39
29 40
29 41
29 44
29 48
29 49
29 50
29 51
29 52
29 53
29 54
29 55
29 56
29 58
29 60
30 19
30 20
30 25
30 33
30 36
30 39
30 40
30 41
30 44
30 48
30 49
30 50
30 51
30 52
30 53
30 54
30 55
30 56
30 58
30 60
31 19
31 20
31 25
31 39
31 40
31 41
31 50
31 51
31 52
31 53
31 56
31 58
31 60
32 19
32 33
32 37
32 38
32 39
32 40
32 41
32 42
32 43
32 44
32 45
32 46
32 48
32 49
32 50
32 51
32 53
32 56
32 57
32 58
32 59
33 19
33 37
33 38
33 39
33 40
33 41
33 42
33 43
33 44
33 45
33 46
33 49
33 50
33 51
33 53
33 56
33 57
33 58
33 60
34 39
34 40
34 41
34 42
34 43
34 44
34 45
34 46
34 49
34 51
34 53
34 56
34 57
34 58
34 60
35 37
35 38
35 42
35 43
35 44
35 45
35 46
35 49
35 50
35 53
35 60
36 33
36 37
36 38
36 42
36 43
36 44
36 45
36 46
36 49
36 50
36 53
36 56
36 58
36 60
37 42
37 43
37 44
37 45
37 46
37 60
38 42
38 43
38 44
38 45
38 46
38 60
39 48
39 57
39 59
40 48
40 57
40 59
41 42
41 44
41 48
41 57
41 59
42 44
42 59
43 23
43 59
44 42
44 45
44 46
44 60
45 42
45 43
45 56
45 58
45 60
46 43
46 56
46 58
46 60
47 48
47 57
47 59
48 57
48 59
49 19
49 42
49 44
49 45
49 46
49 48
49 57
49 58
49 59
50 44
50 48
50 57
50 59
51 23
51 48
51 57
51 59
52 59
52 60
53 19
53 42
53 45
53 46
53 56
53 58
53 59
54 42
54 44
54 45
54 46
54 56
54 59
54 60
55 19
55 42
55 44
55 45
55 46
55 56
55 59
55 60
56 23
56 42
56 58
56 59
56 60
57 48
57 59
58 42
58 44
58 56
58 59
58 60
59 7
59 8
59 9
59 10
59 11
59 12
59 13
59 14
59 18
59 21
59 26
59 60
60 15
60 16
60 17
60 20
60 22
60 24
60 25
60 27
60 28
60 29
60 30
60 33
60 34
60 35
60 36
60 37
60 38
60 43
60 52
61 0
61 1
61 2
61 3
61 4
61 5
61 13
61 59
