16
28
6
13
10
5
29
29
9
5
24
1
14
14
24
1
25
25
21
23
25
15
24
8
4
28
4
5
10
9
14
27
13
22
8
9
1
16
10
28
22
29
6
18
26
25
18
10
9
18
29
16
17
21
13
17
13
29
15
22
5
12
18
20
22
14
1
4
16
23
13
4
17
16
2
25
1
25
22
13
11
16
3
5
12
27
18
8
1
16
18
17
21
13
25
9
20
4
29
4
14
24
29
28
17
5
29
11
20
6
20
1
17
9
8
18
8
9
25
24
18
13
28
11
11
23
8
10
8
1
28
7
23
18
18
11
25
6
11
7
3
8
12
1
22
8
18
19
13
4
12
6
14
7
1
18
5
2
28
8
20
9
27
17
14
18
17
17
4
29
26
22
8
19
21
24
18
16
9
18
5
18
19
5
25
17
6
2
21
7
18
11
17
2
24
14
6
5
11
28
26
16
4
25
25
5
4
17
17
12
17
15
10
24
21
6
28
23
4
19
13
24
2
5
17
6
25
28
4
11
8
28
2
3
17
4
7
11
20
28
17
14
13
8
4
29
11
7
4
15
6
27
23
19
25
2
3
28
9
19
27
27
16
18
27
24
1
10
14
29
22
22
10
23
14
13
4
3
27
15
16
21
13
8
21
12
25
5
6
13
13
29
21
8
1
2
2
2
28
3
6
7
6
8
13
17
14
26
23
2
2
3
12
5
2
23
22
7
17
8
13
16
7
12
16
5
19
8
24
19
10
5
20
2
29
14
9
22
29
3
5
21
1
25
8
11
4
15
24
18
10
10
1
17
29
5
24
18
27
9
24
20
10
10
4
27
10
8
9
14
13
10
4
2
10
5
7
21
23
18
11
11
26
12
15
10
9
29
21
10
23
3
28
16
21
29
22
28
20
14
29
6
23
5
2
25
6
13
26
1
15
6
4
23
28
9
13
28
8
29
4
1
28
16
26
3
17
24
29
4
6
15
12
5
26
16
24
16
25
17
26
4
8
7
20
21
20
2
1
24
12
12
4
2
26
4
19
17
14
16
15
27
6
20
3
8
2
28
24
19
16
8
17
16
21
27
8
4
10
20
24
1
26
26
9
27
1
16
9
13
17
28
28
12
4
1
19
17
21
6
2
6
29
28
14
20
8
1
27
5
23
13
29
23
9
9
27
29
9
8
7
12
21
1
28
3
13
21
8
26
24
4
10
24
4
24
22
28
22
22
8
10
11
25
28
8
11
24
11
18
1
13
19
13
7
13
27
11
2
15
13
28
29
2
3
29
25
4
23
3
22
6
6
7
3
25
17
10
28
24
2
5
28
27
3
14
21
29
2
3
18
9
8
26
27
16
29
22
28
25
5
29
23
27
28
15
26
23
23
12
16
2
15
18
5
7
22
3
12
3
3
10
26
17
23
14
9
23
1
23
4
6
9
4
1
18
16
16
28
27
16
25
23
24
5
26
26
11
8
9
20
3
13
19
9
6
13
13
27
24
25
10
24
14
15
1
15
21
5
21
14
12
14
10
16
4
9
10
2
11
14
8
5
3
5
2
25
23
5
14
24
10
16
12
14
9
20
19
20
25
4
2
28
29
25
9
10
12
5
22
24
7
17
19
11
22
14
27
4
18
20
1
11
8
8
5
10
14
21
13
13
6
25
1
19
23
6
25
22
15
18
29
29
7
6
24
15
6
1
24
2
16
28
14
13
18
6
23
29
2
10
8
25
13
10
2
11
10
18
18
16
11
1
10
10
10
8
15
2
22
25
25
1
3
29
9
12
15
9
7
17
28
24
25
6
1
7
24
28
18
15
13
14
2
1
19
28
6
13
4
8
19
29
17
7
21
28
29
25
4
25
6
26
2
13
26
20
7
7
9
9
14
24
28
2
11
28
29
5
6
28
13
2
28
2
16
18
9
20
10
29
12
7
15
28
11
8
2
5
4
3
21
21
1
16
12
10
13
2
5
24
5
13
17
9
9
26
4
3
25
18
26
28
18
12
6
8
10
25
9
5
9
5
19
10
22
5
25
16
15
26
28
16
12
24
27
19
24
11
13
18
16
21
25
24
26
10
7
6
13
15
25
20
26
25
29
15
6
5
16
13
26
8
8
1
10
14
27
18
5
29
13
27
20
2
23
22
15
24
13
3
13
23
28
18
2
27
28
24
29
14
10
4
14
17
18
17
26
25
20
19
4
6
14
1
2
8
23
7
2
1
16
2
28
2
4
4
1
23
19
2
10
23
16
21
8
27
1
19
16
