8
4
15
11
8
18
26
15
15
12
24
9
20
24
13
7
23
12
23
21
26
7
1
18
12
3
18
5
19
25
14
17
18
20
18
10
1
13
11
4
22
6
15
2
13
16
19
5
20
23
17
1
24
21
21
5
23
12
21
21
6
25
25
17
18
10
12
21
19
14
18
26
4
4
12
17
24
5
2
19
5
22
9
8
21
22
2
1
9
19
4
12
11
26
6
7
8
6
17
19
6
4
13
14
3
13
10
2
18
6
5
5
9
21
12
18
16
20
17
17
2
16
18
11
17
15
10
14
5
14
12
17
21
9
21
21
24
23
9
25
26
15
9
7
15
15
1
2
14
18
20
22
15
11
4
16
2
17
7
10
1
9
22
23
16
1
11
23
12
22
22
4
21
5
20
6
7
8
19
17
9
6
1
1
4
8
22
7
13
19
3
18
10
22
17
1
26
12
26
18
2
25
9
17
26
24
26
9
16
13
16
8
9
23
22
5
5
15
6
9
21
9
14
20
18
22
17
3
25
13
24
14
4
11
8
13
2
6
17
18
16
19
7
24
18
18
13
5
25
4
15
3
7
2
10
17
14
21
7
5
17
6
13
25
21
6
17
14
12
4
7
26
7
9
7
4
21
7
12
14
13
12
12
12
13
17
10
12
1
20
25
2
14
23
20
18
23
24
23
24
15
18
7
12
2
24
18
9
16
23
15
26
24
22
15
23
4
13
9
3
14
11
26
14
1
22
9
11
12
24
4
20
23
25
11
9
4
14
19
15
3
15
25
2
18
23
20
2
2
16
19
18
20
25
1
7
25
22
7
9
18
9
12
7
2
23
1
5
20
9
25
20
14
1
17
9
5
21
7
16
16
5
16
3
21
26
3
6
8
20
3
20
7
21
24
23
3
12
24
1
11
14
22
2
21
1
1
15
21
23
13
22
19
7
17
14
12
3
24
11
22
17
5
1
9
21
5
2
24
12
15
7
5
2
9
3
24
20
20
12
9
8
10
21
8
24
4
4
9
5
22
22
23
18
26
23
8
17
10
22
25
6
15
18
6
4
8
15
20
22
20
25
17
13
10
20
9
13
11
23
24
22
1
12
9
23
20
6
9
24
3
13
11
22
16
1
7
3
12
11
20
19
13
12
4
8
17
23
20
6
17
12
23
15
15
25
9
26
22
2
4
19
7
5
18
16
8
13
14
19
22
11
12
23
24
25
20
17
26
22
3
7
5
7
14
13
6
7
25
19
15
5
13
26
20
26
18
5
7
17
6
15
26
10
10
19
20
24
26
1
4
18
24
7
13
24
13
4
11
21
21
20
15
26
10
22
3
4
2
12
26
18
14
6
7
18
26
5
13
20
22
21
15
24
22
22
19
3
26
3
25
19
6
21
16
8
13
11
25
12
15
6
7
6
23
16
25
22
19
15
4
8
23
9
12
19
23
21
16
13
11
24
8
2
2
11
10
25
2
13
19
15
17
20
14
1
11
24
15
15
21
1
2
1
24
26
13
3
9
6
11
9
15
26
3
12
1
26
13
22
22
11
18
9
16
26
21
12
9
12
20
18
16
26
11
5
17
7
22
10
4
19
17
26
6
15
24
23
26
21
3
5
3
26
5
25
2
15
3
22
2
22
9
8
4
26
7
26
20
3
16
22
6
7
21
16
24
9
26
6
5
21
5
4
16
7
10
5
11
3
24
24
7
6
1
2
16
4
19
2
3
4
2
13
11
12
20
23
24
25
19
3
4
8
19
17
4
4
23
7
18
23
26
20
2
15
16
3
9
7
14
10
18
9
3
22
6
21
8
19
15
5
10
16
7
24
19
14
13
20
11
10
17
17
6
12
9
23
16
16
11
12
5
5
21
12
8
9
14
25
14
18
13
16
8
3
9
4
10
10
20
20
5
2
17
12
12
11
15
7
16
16
20
10
13
21
24
12
13
17
22
19
24
21
20
11
15
20
6
11
16
15
4
20
9
9
12
5
17
8
3
2
18
15
13
10
14
15
9
10
20
4
17
22
20
6
23
10
8
8
5
26
23
24
4
17
16
16
15
21
1
10
23
21
4
24
18
23
25
21
11
17
16
13
16
9
25
8
2
7
1
4
1
5
7
7
9
6
4
4
23
2
17
15
6
23
7
21
23
6
12
20
7
22
20
9
5
24
5
15
26
22
4
15
17
4
17
26
12
22
5
13
18
5
6
13
13
13
5
4
7
4
4
5
7
22
5
12
15
17
22
20
20
4
9
20
20
9
9
9
