2
3
7
9
2
8
3
14
8
30
8
4
15
31
12
17
17
1
20
7
3
27
26
2
4
5
24
31
30
20
10
25
6
4
20
1
19
21
15
25
15
25
21
28
20
11
2
17
17
26
2
30
5
27
7
31
8
30
3
6
24
20
14
7
26
29
23
12
18
26
21
27
30
2
11
11
4
9
15
29
8
2
13
30
24
4
17
4
3
27
18
18
15
22
14
22
12
5
15
28
5
29
30
25
29
19
29
21
4
14
7
24
6
15
27
4
17
26
3
19
5
31
4
17
30
21
30
12
25
23
4
30
3
22
16
19
12
3
3
5
29
10
23
15
2
14
30
22
8
5
16
3
9
29
19
26
30
2
27
8
20
6
10
28
31
21
1
2
12
1
18
12
27
17
12
19
31
31
18
10
5
13
28
3
23
20
17
6
31
20
28
17
9
19
28
21
8
19
9
2
3
7
11
3
28
13
8
14
10
14
13
29
13
1
4
7
3
2
3
5
27
11
8
22
4
3
10
28
19
12
12
8
14
29
2
6
11
31
17
4
19
3
11
22
8
1
10
31
15
11
24
31
4
13
7
30
18
1
13
8
4
8
18
21
22
20
11
5
7
31
8
23
31
23
23
9
19
27
17
1
30
12
22
16
8
31
7
19
14
12
17
28
5
17
15
2
5
13
1
9
19
21
30
31
27
7
2
29
12
6
31
3
30
30
30
1
22
24
7
18
22
6
19
18
30
2
6
29
19
21
5
31
10
20
29
3
3
26
18
31
14
29
10
31
10
3
23
9
30
17
4
23
3
14
14
4
4
30
17
19
16
4
14
29
4
15
3
15
27
3
15
9
11
26
6
13
9
18
3
30
12
4
3
8
11
15
9
29
3
20
9
12
12
13
22
19
27
16
7
25
9
3
12
17
17
30
22
23
17
22
1
21
13
16
1
8
17
19
8
14
2
20
4
4
24
27
31
1
14
20
19
31
10
2
21
28
2
24
11
28
28
14
19
7
17
15
18
7
2
16
21
9
6
7
6
6
3
17
18
1
5
14
6
30
28
15
8
5
18
20
27
7
4
23
7
19
12
19
28
6
23
20
9
28
8
10
13
13
9
10
19
10
19
15
8
12
9
9
7
29
12
24
4
25
8
6
30
10
12
18
4
15
20
3
11
12
16
9
27
31
8
1
26
2
2
22
16
12
19
20
10
31
14
15
25
9
14
31
10
20
13
20
15
3
25
11
21
7
13
19
28
13
18
24
22
29
20
26
23
15
8
28
8
22
10
28
3
20
25
13
5
5
15
12
3
3
26
9
9
3
29
13
12
22
1
8
23
18
8
28
4
20
5
25
26
3
12
20
13
29
16
21
8
23
14
19
19
1
30
19
11
13
5
13
24
4
20
28
29
5
24
19
11
1
4
29
29
5
20
4
19
15
4
31
16
9
16
23
9
14
6
23
22
12
18
20
22
9
8
26
5
11
1
20
4
16
24
1
28
9
15
2
16
7
9
19
30
25
15
22
3
27
4
14
9
23
3
9
19
28
5
6
11
31
15
21
28
24
2
8
27
1
31
8
27
8
18
12
29
9
3
18
6
13
2
4
7
2
6
10
20
13
15
6
31
31
6
12
23
12
27
6
9
8
14
28
28
28
3
5
25
5
25
30
17
31
21
19
1
10
8
30
27
20
30
23
3
8
26
1
15
7
28
30
14
28
7
30
26
22
8
15
9
31
9
5
16
8
5
31
29
21
31
4
22
30
28
14
8
5
3
17
9
8
20
30
13
5
14
7
12
4
21
4
14
8
30
6
24
28
2
22
21
1
5
1
18
20
6
22
2
27
3
30
16
19
4
15
24
14
27
21
25
28
24
2
25
5
13
26
25
5
5
17
19
29
24
30
6
5
19
28
27
4
18
4
4
4
8
9
28
4
15
17
14
7
25
19
11
17
11
19
15
26
3
21
19
15
3
10
3
27
11
28
25
11
26
18
29
30
27
17
18
30
28
22
16
30
1
20
6
17
15
16
9
23
23
26
16
12
21
12
3
19
14
8
8
12
17
23
5
17
16
21
14
14
9
20
12
7
17
31
7
24
10
8
26
15
9
14
12
31
1
28
18
19
28
5
7
5
5
19
9
19
25
17
11
31
17
13
26
13
19
31
21
30
19
27
11
28
18
2
12
5
31
8
2
1
6
1
18
8
14
20
5
19
3
26
5
3
24
8
7
25
17
8
2
20
31
8
12
30
28
28
3
15
11
17
18
24
