13
6
7
30
13
14
11
2
3
31
12
5
22
18
9
7
27
3
24
15
1
32
5
3
18
27
17
12
22
10
31
10
11
15
14
17
9
19
13
7
32
16
31
22
30
1
24
6
24
29
19
11
9
22
3
23
4
16
32
3
12
4
3
27
2
16
30
23
20
31
29
28
18
5
6
19
21
11
29
27
8
30
13
29
15
1
10
30
14
21
22
3
3
29
14
7
13
10
6
11
16
30
18
12
29
14
22
2
31
23
26
27
20
14
20
19
23
25
24
30
8
13
29
3
9
9
32
12
15
9
14
22
5
13
26
22
30
23
25
31
14
5
19
22
9
18
28
7
5
10
8
18
13
18
25
7
5
9
3
7
21
19
32
12
1
18
31
9
22
10
29
4
4
17
18
6
2
22
16
32
29
14
14
17
18
3
28
24
1
21
27
3
17
1
13
9
18
31
32
25
30
5
20
14
21
18
7
19
6
26
12
28
7
3
10
14
26
30
17
7
31
1
13
2
3
13
9
12
15
18
30
6
9
26
18
16
6
25
22
17
16
19
6
9
15
17
7
30
4
18
1
5
21
1
8
4
8
7
14
9
31
23
32
5
23
17
17
6
5
23
21
23
15
14
32
31
11
6
29
1
28
23
25
21
22
21
28
12
8
14
18
11
25
9
7
16
8
6
26
15
31
14
6
2
14
27
25
3
17
10
26
4
8
12
5
16
16
13
14
17
32
9
17
29
22
16
2
22
3
8
4
8
30
12
21
2
31
7
29
7
14
31
2
9
5
32
30
32
16
3
10
24
17
9
26
31
9
10
7
20
7
19
5
16
20
29
8
6
3
7
11
2
14
31
23
7
27
16
2
3
14
16
2
11
4
6
18
12
30
31
11
4
16
23
25
25
21
31
6
18
21
27
26
24
30
26
4
22
17
17
3
17
22
29
14
25
16
3
28
9
13
8
30
17
30
7
9
17
6
6
28
17
19
14
2
27
4
9
15
28
26
16
21
22
5
10
17
27
23
32
14
12
31
19
29
7
26
32
16
17
9
18
23
8
19
29
14
10
21
20
21
24
4
17
24
2
29
32
32
20
23
12
16
17
10
7
30
24
24
22
9
15
13
31
26
14
19
29
3
7
4
32
25
27
1
25
11
17
10
21
22
7
29
26
9
14
31
18
7
4
24
2
30
32
18
22
32
7
4
11
3
8
28
24
1
31
18
29
25
19
17
21
16
32
9
6
11
21
21
31
11
7
25
25
21
19
12
12
23
13
9
17
12
30
6
31
1
31
6
16
14
18
9
14
1
20
26
32
23
31
23
19
9
1
30
19
16
25
11
12
31
13
31
12
7
19
17
27
29
17
19
32
17
9
8
12
30
24
8
24
10
10
7
25
27
28
1
12
9
26
5
32
18
12
29
31
22
30
12
25
21
12
20
16
9
10
10
4
31
3
9
23
6
4
17
12
12
5
22
18
32
2
19
18
26
26
29
10
13
18
24
14
12
22
17
15
14
2
12
3
12
11
9
18
15
27
17
7
22
2
32
32
9
21
19
31
12
8
18
21
9
6
6
24
13
4
31
20
9
27
10
17
9
3
16
23
32
8
4
18
9
29
1
22
1
21
22
2
24
24
30
12
23
26
20
13
22
11
18
21
28
24
10
20
8
18
13
31
29
16
11
30
19
19
12
16
6
5
7
14
12
18
6
28
30
26
19
31
28
21
22
32
6
15
5
6
15
30
31
22
27
27
3
17
8
17
9
12
16
14
29
31
20
4
16
31
20
18
17
14
9
28
13
20
3
13
32
20
22
4
16
25
22
7
19
19
14
9
28
3
6
2
15
11
31
2
22
16
9
8
6
32
1
20
10
25
10
11
16
13
20
2
32
25
26
16
20
4
17
26
26
7
31
31
22
10
12
8
4
9
7
28
31
26
8
7
28
3
9
9
1
25
11
25
32
28
1
14
19
14
25
9
15
7
22
25
30
12
25
31
29
7
27
3
2
10
3
18
21
17
15
26
9
22
14
3
14
2
29
22
3
21
8
28
16
15
1
7
4
29
22
31
3
8
15
15
30
30
12
1
26
14
13
31
22
8
18
12
24
19
3
27
12
10
7
9
21
3
14
23
32
14
19
31
22
24
5
27
20
18
11
18
22
31
25
24
15
23
16
28
26
29
2
19
22
22
20
21
16
25
10
22
3
14
5
5
7
12
24
9
13
10
24
10
13
6
2
29
12
14
14
32
30
22
31
21
30
14
10
32
