26
16
17
29
11
32
17
9
8
20
19
10
21
22
7
2
22
17
9
16
14
20
5
6
4
2
6
11
24
23
23
4
17
7
22
11
21
13
17
3
18
17
12
28
23
1
25
34
29
28
21
25
22
22
8
15
33
10
33
22
23
25
3
3
18
5
15
30
12
30
3
15
14
21
33
11
25
33
33
11
12
17
23
7
21
18
34
21
2
25
9
16
3
31
5
14
20
10
8
33
11
30
7
19
30
10
7
31
29
10
33
19
3
11
23
23
16
20
22
4
21
28
16
3
3
2
6
14
27
10
20
14
1
9
30
6
6
16
26
20
11
11
24
27
32
32
11
25
21
31
30
32
14
3
22
28
12
20
11
20
9
5
1
25
30
33
4
24
21
29
11
7
13
18
7
31
23
34
5
14
13
3
21
11
7
14
17
9
2
23
33
9
9
21
27
20
25
31
6
11
25
5
18
3
1
34
4
28
17
3
25
4
21
16
2
18
21
9
21
19
22
18
27
15
28
32
32
23
21
15
8
15
33
2
29
20
29
1
16
6
17
13
2
23
26
16
30
33
33
6
10
3
26
11
4
18
27
8
28
28
1
34
24
18
9
34
10
28
19
33
22
12
33
25
32
17
1
34
29
31
16
33
17
33
4
26
15
28
23
7
7
11
28
13
19
28
3
14
32
13
2
24
15
34
30
7
17
21
10
25
8
34
10
33
33
12
16
29
21
3
29
2
7
27
5
27
32
7
19
24
18
8
3
6
18
18
29
2
20
26
7
26
1
28
33
7
29
16
16
7
13
8
22
11
11
17
17
23
15
21
7
11
4
12
32
11
7
8
15
18
9
21
31
18
22
18
14
17
5
7
6
22
14
29
10
9
25
8
5
3
24
16
25
3
34
32
26
32
4
4
17
24
2
10
21
34
21
10
32
27
5
13
29
8
4
27
32
21
19
10
17
33
20
25
17
5
32
16
27
8
29
6
24
16
4
17
4
4
2
3
4
7
2
8
7
1
29
22
19
25
9
19
6
13
12
25
18
2
10
24
5
34
28
12
4
34
34
29
11
9
13
28
15
11
24
1
29
16
22
10
3
10
19
18
2
22
13
33
7
5
1
22
22
25
30
24
19
27
20
2
24
33
22
19
24
26
5
29
18
19
20
14
12
2
11
19
30
16
14
31
10
17
33
22
12
14
24
11
25
20
9
14
28
2
9
3
12
2
2
33
30
8
17
23
19
9
16
30
29
31
34
10
17
16
22
15
27
32
6
17
21
34
25
11
17
11
5
21
14
31
19
33
29
17
25
14
22
9
5
26
11
25
31
22
2
17
17
29
29
26
5
30
26
18
11
4
33
4
11
31
28
3
2
25
3
23
17
2
32
29
20
26
18
18
31
32
1
23
22
5
19
2
12
31
1
21
2
4
34
26
28
25
24
11
4
10
10
12
34
26
4
25
26
13
11
20
30
3
10
17
5
9
31
33
14
21
27
7
13
18
28
24
15
7
23
9
7
34
18
10
16
7
34
21
12
34
27
7
6
22
11
8
28
3
28
9
2
24
6
16
13
34
5
28
10
22
28
28
8
11
11
7
26
24
28
26
3
15
30
5
33
15
5
16
3
7
25
15
2
15
17
19
1
10
2
29
1
14
4
19
22
23
32
27
28
16
13
31
13
22
1
27
30
6
18
8
25
25
19
28
5
11
25
3
8
11
22
6
32
19
8
25
34
9
10
34
29
11
13
29
22
29
12
1
20
17
27
34
12
11
21
31
18
17
17
12
23
18
10
34
8
23
2
18
21
6
27
17
12
13
16
1
25
15
1
20
34
33
17
13
20
2
25
13
17
30
26
20
29
31
25
29
34
33
26
16
15
33
24
20
1
33
8
10
13
8
22
26
3
4
29
31
4
31
7
31
6
31
1
25
30
22
2
32
10
29
3
22
10
25
3
24
19
34
19
17
27
20
27
6
27
23
28
26
2
15
11
33
30
4
29
16
24
21
34
15
6
17
22
32
22
1
2
34
22
24
2
30
14
32
30
7
1
17
30
13
12
1
20
11
5
2
9
19
21
22
32
13
9
31
18
11
29
8
19
33
18
29
5
13
22
1
18
28
10
1
9
30
28
7
17
20
10
10
3
29
22
22
7
1
10
1
33
29
10
10
7
11
17
21
3
3
21
11
21
10
10
17
3
33
7
7
3
21
17
21
2
21
22
21
21
33
17
29
17
22
22
29
11
2
2
11
2
2
11
11
17
22
22
17
