24
17
18
31
3
17
31
19
5
8
26
27
12
1
16
24
21
24
10
6
10
24
30
10
20
11
28
10
18
31
24
8
26
17
17
11
13
2
6
14
23
6
22
25
20
31
6
12
9
25
24
8
23
28
3
29
2
16
18
14
11
31
14
7
23
1
22
1
22
9
28
13
30
5
10
16
28
22
21
27
22
22
25
7
12
30
19
25
26
22
15
19
8
17
25
6
30
30
5
27
26
5
23
6
20
5
3
28
3
8
3
24
1
8
13
20
14
4
30
26
31
7
12
15
32
5
5
24
16
2
10
31
7
29
20
26
2
23
19
23
25
4
19
4
1
6
2
9
26
31
24
7
14
16
8
26
9
15
9
9
32
29
7
6
22
7
8
28
27
32
22
29
2
15
2
3
13
7
16
13
29
24
5
32
18
14
5
15
11
32
31
4
7
6
19
11
31
30
19
1
18
17
9
4
25
3
32
23
27
1
6
19
3
5
30
2
8
12
6
6
1
26
15
2
1
15
24
15
7
8
17
15
14
18
13
17
19
9
2
17
26
8
6
27
7
29
7
20
16
3
29
1
10
15
29
31
8
4
28
5
4
24
14
17
13
24
22
20
7
13
20
13
15
28
7
7
5
25
3
21
1
9
25
6
31
31
22
30
10
25
15
18
11
8
2
23
22
3
28
28
11
17
19
8
17
10
23
26
5
25
13
18
17
24
24
20
4
14
12
29
6
22
11
31
15
29
32
9
19
7
11
1
9
31
14
29
13
18
11
9
22
21
24
7
18
3
2
27
5
24
8
14
30
5
13
4
7
11
12
4
32
31
32
9
27
11
7
31
23
6
27
21
21
9
32
15
20
2
12
30
2
15
1
20
14
29
14
10
6
14
13
7
6
8
18
7
8
25
20
3
22
26
14
22
5
8
3
3
8
19
31
6
29
4
3
26
11
22
14
20
30
26
6
5
7
1
24
25
6
31
2
31
27
3
6
7
24
1
31
1
10
16
32
19
18
6
15
7
31
9
23
18
9
19
32
4
19
26
22
20
31
32
24
7
19
9
17
20
29
21
10
8
23
31
10
3
14
13
17
25
19
30
24
24
8
27
28
2
6
5
14
10
16
10
26
27
24
6
10
2
25
11
22
13
11
10
18
21
5
25
7
6
5
4
1
30
29
32
6
14
7
18
9
24
13
1
19
30
18
26
21
6
30
3
26
12
11
4
8
11
27
26
19
9
25
28
24
13
24
27
29
16
15
10
14
9
30
3
21
20
29
25
13
6
2
26
24
22
11
15
6
2
5
15
13
20
26
31
25
14
18
4
25
15
21
13
6
14
10
9
6
9
7
23
10
25
2
14
30
7
18
10
27
22
23
9
26
12
4
32
10
15
10
21
28
5
18
18
28
6
31
2
14
6
23
20
30
31
10
3
27
23
6
15
12
9
3
14
12
7
8
18
4
31
3
31
8
10
1
1
20
12
21
12
12
6
30
29
4
15
10
2
4
12
26
4
30
17
29
10
27
23
7
1
11
19
17
9
30
10
2
21
15
22
26
3
1
17
26
13
2
13
22
28
29
30
6
24
1
1
2
18
1
24
9
7
4
21
26
10
8
27
25
21
24
22
29
5
7
7
15
20
25
22
31
9
29
30
23
6
6
16
16
28
2
7
1
9
28
16
22
18
12
11
11
25
7
14
18
15
16
14
22
15
14
17
2
5
6
32
1
27
30
30
5
17
13
20
19
5
24
14
10
1
9
7
3
3
25
11
9
2
13
8
26
18
2
11
23
32
25
31
19
1
29
23
22
31
14
6
22
17
1
10
29
19
13
18
14
1
15
18
17
1
10
22
22
31
5
27
21
7
1
7
26
2
25
29
8
26
6
8
10
7
11
26
19
28
15
15
5
29
25
10
16
14
8
6
21
16
7
18
8
1
26
25
6
30
31
31
20
25
30
12
31
30
6
1
13
31
25
23
25
31
1
17
8
24
26
12
10
31
21
15
32
21
22
31
5
21
4
19
16
23
4
26
4
8
31
31
7
18
21
6
20
11
17
13
23
31
3
5
1
3
24
32
15
13
18
18
17
10
18
5
8
8
2
8
13
19
31
14
22
7
22
9
6
1
1
8
16
23
22
31
8
20
6
12
20
2
19
6
20
24
29
29
1
25
30
31
28
17
12
14
19
27
28
22
12
13
16
11
28
17
27
7
23
16
5
4
24
24
32
8
31
32
22
1
27
31
20
20
21
2
2
18
26
7
9
30
