9
29
26
4
12
29
11
7
14
25
2
32
32
14
6
23
12
20
31
14
18
29
4
31
16
17
20
4
26
11
8
7
28
11
14
5
13
10
33
23
28
7
23
24
1
24
20
4
20
8
12
10
27
33
9
10
11
25
21
8
33
24
24
15
7
12
9
33
21
19
18
16
14
31
7
20
31
9
9
12
19
33
29
4
2
4
3
12
20
2
29
14
20
14
18
6
29
23
24
33
10
3
10
17
20
7
33
17
4
13
17
29
25
15
7
22
33
1
25
29
16
13
20
14
23
25
29
29
21
27
7
30
22
26
15
31
32
33
33
27
31
30
19
11
28
3
29
8
24
2
5
9
6
8
8
8
22
19
27
30
24
28
7
14
7
11
27
13
12
1
18
11
23
16
31
14
19
26
22
4
4
31
29
7
4
27
8
17
17
29
14
22
9
20
10
4
31
16
4
24
32
5
10
24
31
2
3
8
24
3
2
27
21
6
29
8
31
31
7
5
25
15
6
12
12
7
1
11
31
7
3
13
16
3
21
21
8
18
17
10
29
1
1
21
30
7
30
14
6
14
24
32
12
15
12
29
6
23
20
21
21
30
17
33
22
17
18
1
23
10
28
26
20
25
22
25
31
24
2
33
24
14
14
12
8
3
12
33
15
6
30
32
17
10
7
31
32
21
23
27
24
14
15
2
1
26
32
11
8
26
7
5
33
8
29
16
8
29
2
23
7
9
13
1
28
20
33
12
24
26
4
19
27
30
9
5
9
5
14
28
25
33
10
19
9
14
28
24
28
23
4
25
1
4
8
26
2
1
7
17
11
17
29
5
26
7
28
8
16
14
33
1
23
27
6
28
30
27
8
7
19
26
31
9
14
7
18
15
33
4
30
1
18
16
11
14
25
20
12
8
27
7
14
24
22
7
8
6
28
2
14
26
27
8
3
2
15
22
7
15
3
15
24
7
21
31
2
27
12
23
32
7
30
8
6
7
10
23
22
4
29
11
20
32
12
33
31
6
30
27
14
10
8
22
5
33
18
7
23
13
32
27
16
31
12
6
3
17
23
19
10
6
8
9
17
12
18
20
28
6
4
13
12
1
31
4
7
10
12
1
14
32
25
31
30
25
18
5
32
13
6
29
9
1
30
33
33
7
13
8
7
30
29
18
14
33
10
7
11
13
31
29
20
10
3
28
30
27
17
11
3
33
1
6
23
9
10
7
5
13
4
6
32
16
11
21
21
5
12
23
19
4
3
22
30
14
9
4
32
2
12
7
27
8
12
7
25
20
22
8
12
10
6
4
14
15
1
27
6
15
10
27
28
18
15
10
23
7
7
26
33
14
31
22
9
28
5
20
32
31
5
32
31
16
7
1
18
3
1
12
24
29
7
31
11
9
10
29
26
14
5
23
14
8
29
3
31
32
6
16
18
15
12
3
16
13
5
8
9
8
26
26
29
21
22
30
29
26
30
22
22
22
14
2
4
6
21
1
29
9
29
32
4
14
3
11
15
25
12
32
9
4
6
1
18
18
9
9
26
13
24
6
33
29
11
31
10
32
27
31
11
33
22
5
6
4
28
23
19
26
4
23
27
28
2
4
31
33
29
12
29
11
24
14
9
21
6
14
19
7
25
1
14
8
24
4
6
5
30
7
27
31
8
28
25
12
29
33
17
26
10
31
33
5
22
12
15
25
21
6
7
18
27
21
21
8
29
2
8
11
8
13
19
4
33
5
33
12
19
10
15
16
29
1
8
30
32
2
4
23
5
32
19
3
28
30
8
20
16
4
23
14
32
2
14
8
4
4
4
31
13
27
28
6
23
18
26
16
14
5
4
31
18
10
26
27
6
16
12
5
3
15
14
7
17
1
32
8
8
29
20
27
26
22
7
16
8
6
18
10
10
7
8
18
23
32
12
23
21
27
7
22
28
27
12
5
21
32
31
30
19
11
27
17
3
33
1
28
27
12
12
27
7
18
28
13
17
26
7
29
31
12
6
31
13
30
26
9
26
6
29
12
25
31
33
20
31
2
15
14
7
6
27
6
22
25
4
28
12
15
30
18
6
19
15
22
11
22
6
15
17
23
3
3
20
29
16
16
24
16
21
12
29
27
12
12
16
6
9
29
19
10
26
30
3
9
29
29
4
6
1
2
9
30
3
5
3
24
12
31
16
5
9
16
18
19
20
2
10
10
21
26
14
11
16
27
1
20
6
5
4
27
10
13
17
26
3
23
13
19
25
8
13
18
21
12
2
18
31
28
