12
2
26
3
19
28
15
24
15
9
27
23
27
10
28
2
1
7
28
14
21
12
6
26
19
20
3
23
7
25
20
17
24
15
28
9
27
20
5
26
22
21
4
7
12
6
11
2
7
9
28
25
27
7
25
20
5
23
25
6
19
21
2
25
4
14
14
19
19
15
3
6
23
28
23
17
27
13
28
6
9
5
14
18
28
14
9
22
8
2
4
26
27
2
13
18
19
18
19
3
22
14
7
16
28
2
11
18
12
19
11
15
7
6
7
27
2
7
22
12
28
22
14
12
3
20
11
12
24
6
4
26
24
2
10
13
24
28
5
17
2
3
26
8
18
1
19
26
26
11
25
15
26
4
28
6
21
16
16
23
1
6
15
3
3
25
15
12
14
5
23
15
8
13
13
17
14
10
1
13
7
16
20
23
23
6
18
22
13
19
19
15
11
18
11
21
20
22
5
12
7
25
9
7
6
26
10
19
11
14
21
7
2
27
16
22
6
8
23
15
6
21
27
22
26
11
25
6
10
11
28
24
7
27
3
1
18
3
1
14
17
23
14
22
12
1
17
26
15
9
14
28
18
26
4
15
13
21
14
27
11
6
6
26
19
20
10
3
27
19
25
1
9
23
20
21
18
11
9
22
12
20
13
7
21
20
23
18
10
24
5
25
17
19
14
23
8
14
19
17
6
11
25
8
15
25
11
20
3
2
16
27
28
2
12
6
9
27
23
10
21
21
19
22
15
9
21
28
25
10
19
8
26
18
1
18
9
24
3
19
11
4
27
27
18
21
13
17
21
19
24
7
17
18
15
18
22
14
19
2
25
24
22
13
24
4
1
26
17
10
16
25
27
12
3
21
20
24
19
22
11
17
23
11
20
12
28
7
15
18
18
28
24
28
1
2
21
9
26
27
5
14
3
19
18
14
20
4
15
13
18
6
6
8
21
19
7
24
26
16
21
14
21
7
21
14
18
27
26
21
24
6
26
25
8
5
6
12
6
14
21
10
15
6
15
12
8
26
20
26
7
22
7
4
14
24
1
4
2
17
11
5
17
7
18
6
7
27
24
9
15
2
17
18
13
7
18
17
16
1
1
1
23
25
15
2
6
8
27
6
28
14
27
7
26
1
11
27
7
7
18
1
1
26
26
14
14
11
12
22
1
7
1
15
20
18
25
25
26
17
8
26
27
19
4
22
1
4
18
9
7
9
4
19
6
16
8
20
11
2
19
24
8
15
15
10
10
9
16
1
23
20
9
25
21
26
22
3
16
12
15
14
12
8
5
23
16
12
12
15
12
27
25
2
15
15
13
26
9
16
22
15
27
14
26
22
4
4
25
23
28
21
6
16
18
28
23
9
6
4
9
7
11
13
12
7
24
12
10
1
18
27
25
26
7
15
7
9
11
6
5
18
1
28
11
22
26
27
25
21
9
6
11
26
9
3
2
22
25
21
3
12
25
16
15
10
18
2
12
6
17
22
7
19
4
17
12
2
18
18
11
23
8
8
23
4
6
6
28
4
23
16
8
13
22
12
20
25
7
28
17
2
28
18
20
18
19
21
15
1
13
9
4
1
15
21
18
7
8
2
20
19
6
5
17
12
25
3
28
22
5
3
8
12
3
25
6
3
27
16
6
17
15
28
13
14
26
19
20
13
9
12
10
16
14
23
22
1
27
21
16
3
3
25
19
14
4
13
6
7
26
13
10
24
1
8
6
14
1
14
8
14
6
25
2
26
18
1
23
11
27
5
13
28
20
18
20
22
10
7
4
28
1
5
18
15
15
23
12
12
18
28
10
12
18
1
21
15
16
16
25
1
21
10
9
19
27
11
4
1
22
1
11
21
16
26
7
10
2
4
25
26
11
23
11
1
22
27
3
19
25
3
11
28
24
12
12
4
2
2
21
21
25
7
28
3
13
5
27
27
1
16
5
23
9
21
1
12
16
19
7
12
21
22
5
14
28
7
21
12
15
24
15
19
19
17
1
24
6
5
17
28
20
7
10
15
7
13
22
11
21
17
8
10
7
20
22
28
17
18
28
20
11
5
25
5
8
12
26
22
3
1
21
12
14
18
4
3
3
27
2
17
3
12
2
7
3
3
28
1
21
6
18
14
12
15
11
14
14
19
18
15
18
25
3
9
2
21
12
11
7
12
6
21
9
14
11
2
28
7
26
22
28
18
27
6
28
11
6
27
14
25
28
21
28
27
14
26
14
26
6
15
14
15
18
25
25
12
15
14
26
21
15
12
14
6
15
12
18
14
