10
32
19
12
25
7
27
33
25
24
26
20
22
27
31
18
15
32
4
28
24
25
3
24
21
5
33
11
25
6
22
8
8
31
2
16
5
32
4
6
29
12
28
24
21
12
10
26
5
33
22
18
7
27
11
7
27
32
16
19
22
17
3
5
8
15
18
29
31
6
22
21
22
12
15
4
5
18
14
10
28
29
16
22
21
25
4
7
16
17
10
17
13
4
20
6
13
5
28
23
28
7
19
29
24
18
29
29
27
4
18
12
16
2
19
30
26
12
19
15
31
17
33
7
5
32
1
17
7
15
8
1
5
27
20
14
29
6
7
7
3
23
27
16
20
4
19
2
24
32
28
33
20
32
18
8
15
27
16
9
15
32
29
13
9
13
15
16
11
32
4
22
9
6
16
8
1
24
7
29
2
13
24
27
13
20
23
19
7
31
15
11
32
5
8
2
9
28
10
32
3
2
18
33
25
30
8
28
17
1
26
11
33
2
27
28
32
2
33
8
29
8
1
9
22
13
3
32
13
26
16
2
14
26
17
9
30
5
29
7
7
19
5
5
32
28
15
19
26
8
24
31
9
12
19
31
20
4
33
9
2
7
4
30
20
3
32
13
7
16
9
27
10
11
29
14
31
16
33
19
31
4
24
25
7
18
7
32
22
15
18
21
3
2
20
22
30
31
22
11
5
22
22
21
21
3
18
24
1
13
28
7
25
27
16
14
32
9
5
33
8
22
17
22
28
29
21
26
22
24
24
13
25
30
26
2
15
27
4
27
21
5
9
7
23
13
8
23
18
22
7
16
20
8
2
28
33
20
1
23
22
8
10
3
33
17
18
13
16
5
13
3
2
14
24
23
5
8
28
7
24
5
15
9
30
27
15
19
22
4
17
13
33
23
4
13
17
24
12
18
5
19
32
31
23
29
2
5
9
5
33
26
20
26
22
26
28
6
28
23
22
33
11
2
8
8
24
29
27
6
1
23
24
7
30
23
29
17
15
27
30
6
23
29
4
15
3
8
28
24
1
1
23
13
3
22
14
20
30
12
27
8
26
31
4
20
24
5
9
27
27
19
6
10
1
1
11
6
12
27
5
19
32
32
11
15
24
10
9
5
22
22
26
5
24
24
30
12
24
11
15
2
6
16
25
7
22
30
18
21
6
30
16
10
32
20
24
19
29
27
24
29
25
3
15
27
1
33
13
27
9
26
11
19
21
17
24
20
7
4
2
4
20
21
26
19
21
22
10
7
29
22
28
20
24
12
17
15
13
29
32
32
12
21
24
4
6
14
5
16
29
5
24
17
16
22
28
25
24
4
13
30
4
24
22
7
33
25
5
22
22
17
29
29
25
2
2
22
4
23
12
13
22
17
12
15
32
8
15
14
33
18
28
28
11
16
13
26
20
33
11
32
16
4
1
24
8
5
16
27
22
10
25
5
19
25
7
21
21
18
19
6
8
28
8
17
12
13
28
19
20
15
32
16
9
32
22
24
32
29
33
7
5
16
5
24
22
1
14
9
22
16
27
12
1
32
3
18
26
4
1
25
23
17
6
11
28
17
13
11
31
14
24
15
20
5
6
1
14
26
9
29
32
29
16
26
27
29
5
28
14
32
29
16
32
30
31
21
9
1
6
33
6
32
33
12
2
15
30
7
27
4
10
13
5
3
25
10
13
3
20
7
8
33
2
29
26
2
13
27
16
3
30
13
29
33
20
29
28
20
18
28
6
24
27
16
23
25
2
31
13
1
5
1
29
29
4
20
25
23
15
20
7
27
33
22
3
17
32
29
31
10
30
16
32
10
15
31
9
10
6
16
8
29
21
13
18
18
30
29
17
31
24
16
27
5
33
4
6
2
26
29
33
10
10
12
5
17
15
9
30
30
5
5
20
2
32
3
32
5
15
23
11
33
33
28
3
24
30
28
18
2
15
9
4
8
13
15
24
31
18
27
15
7
18
15
18
27
22
26
33
11
27
22
33
24
4
28
21
14
6
26
22
12
1
20
8
6
8
29
24
13
9
5
14
13
14
3
14
7
12
25
1
16
21
13
4
12
30
32
15
11
13
32
28
30
24
14
20
12
6
23
29
27
27
27
22
3
29
24
24
28
15
15
1
27
9
4
30
3
5
14
3
32
10
30
5
23
17
16
32
6
31
16
30
20
30
16
5
11
13
22
5
7
5
17
5
14
25
22
21
33
32
16
5
24
18
28
8
25
22
30
29
26
19
28
9
29
8
32
33
10
15
16
13
6
21
6
26
28
