5
7
28
15
20
1
21
6
21
21
18
22
24
28
26
6
10
19
11
23
19
19
4
15
6
15
19
17
10
18
25
12
7
23
23
20
1
7
30
10
19
28
27
22
24
20
3
24
10
26
15
9
9
22
29
5
14
2
6
11
12
9
23
29
24
19
30
26
18
14
10
29
11
17
3
16
3
7
11
6
28
23
6
8
18
10
15
22
4
5
19
16
30
30
21
26
29
18
3
22
28
6
21
24
8
21
27
19
2
5
24
14
22
17
8
15
26
21
25
29
2
15
12
8
30
23
7
19
7
30
21
23
30
29
20
17
10
8
1
13
2
19
17
23
4
1
17
10
21
10
22
24
30
21
27
1
5
17
3
3
13
12
2
9
8
15
25
23
5
23
21
9
6
23
3
5
4
22
22
19
5
28
22
14
18
20
30
18
2
24
24
24
20
9
4
8
15
12
21
14
30
29
10
7
19
14
26
30
3
16
26
15
15
14
23
26
28
23
22
9
6
1
8
20
22
10
8
20
3
2
22
18
4
8
9
3
16
7
20
3
5
1
30
8
23
20
11
27
5
21
6
8
20
8
13
23
18
8
4
30
8
14
6
30
22
22
28
13
1
7
30
19
12
27
29
3
16
4
16
20
23
1
3
12
8
18
1
8
30
26
27
28
2
26
30
24
23
22
11
23
2
7
13
29
9
18
25
4
28
12
8
13
18
30
20
14
26
25
9
19
26
11
3
12
8
27
28
10
12
15
21
30
6
28
20
28
23
23
18
30
27
18
3
30
3
19
10
2
8
3
8
16
4
26
5
9
30
27
3
13
19
27
12
17
7
19
27
4
23
20
1
24
8
24
8
7
21
30
28
10
21
15
26
5
17
12
30
20
18
25
20
12
24
11
5
29
13
19
2
4
26
25
18
15
19
3
20
14
27
7
1
23
19
5
23
3
12
3
16
23
19
22
1
8
16
3
22
3
26
23
4
10
4
21
6
11
24
12
22
14
13
23
3
9
8
5
12
11
4
19
23
27
20
19
20
8
28
20
4
9
23
22
20
6
19
23
19
27
15
19
9
2
12
25
13
10
19
7
2
29
28
21
10
16
19
25
12
8
29
6
3
2
4
21
30
14
11
30
19
3
1
28
23
19
25
26
7
13
26
30
29
17
13
10
21
5
15
20
9
14
5
10
28
1
28
22
22
13
19
1
3
23
12
19
20
20
19
8
18
7
20
23
28
5
6
20
1
30
16
5
6
22
21
12
30
16
26
13
30
21
18
3
20
2
24
12
30
4
12
16
4
6
2
12
7
18
6
6
23
8
4
27
19
25
26
10
3
5
22
11
25
14
19
7
8
24
30
12
7
6
7
17
26
29
5
22
15
23
1
15
4
15
16
13
30
22
20
19
21
12
12
25
12
2
4
22
13
22
8
20
6
2
1
12
13
28
1
6
19
13
12
13
6
21
19
1
1
9
8
21
21
3
22
19
21
2
4
30
15
21
26
6
2
5
4
17
16
2
29
21
27
18
6
9
17
15
29
29
22
19
13
1
6
17
13
13
16
5
10
23
30
26
20
29
1
21
30
27
22
4
27
18
30
8
11
15
28
8
5
20
30
9
12
12
25
23
28
12
5
28
22
16
12
11
8
1
19
14
18
22
13
15
16
15
13
23
17
12
20
30
6
28
3
23
18
28
8
10
6
14
28
29
25
4
3
22
12
21
16
13
19
6
22
17
7
27
3
5
25
3
20
13
19
30
10
8
11
1
27
30
1
30
22
10
5
23
20
8
12
14
25
28
26
5
1
16
6
14
29
19
15
28
6
16
6
20
6
19
16
24
30
7
16
30
18
18
29
5
6
22
20
6
12
5
8
29
19
21
18
23
24
11
24
24
6
26
14
21
9
14
21
23
18
23
20
16
12
17
1
11
11
5
22
9
20
2
8
15
3
2
24
1
11
26
15
25
23
26
17
20
13
18
16
10
9
1
5
4
12
15
10
7
18
17
19
14
20
28
12
12
26
28
5
5
6
9
22
4
23
10
29
7
11
14
28
15
6
18
12
1
12
17
10
27
28
12
13
22
17
3
20
25
11
12
8
26
22
10
19
8
28
2
6
13
3
10
25
22
23
3
20
19
27
22
20
12
1
14
6
28
30
23
23
8
8
15
1
25
28
4
23
15
14
23
3
22
13
20
25
19
27
13
5
15
8
10
20
24
20
30
24
8
5
30
5
6
11
1
8
21
6
17
15
4
5
4
30
12
7
8
