29
12
17
27
28
21
8
22
1
14
8
6
26
11
14
10
10
17
13
7
11
21
1
22
11
3
14
21
24
11
14
22
18
27
16
15
13
4
16
19
7
12
10
3
25
8
5
5
7
29
3
18
25
3
22
29
3
11
22
13
6
7
7
16
3
14
11
18
24
14
8
27
14
21
15
8
7
23
25
24
7
22
5
16
12
18
12
1
16
6
3
3
29
25
5
14
18
15
23
18
19
22
5
4
9
14
23
12
4
27
23
8
27
14
6
7
8
18
29
15
8
25
7
4
23
2
18
2
8
23
1
9
28
15
8
8
20
7
9
9
24
12
9
7
18
23
29
11
8
20
18
21
20
10
11
25
29
21
23
23
2
11
11
3
20
18
3
8
26
3
27
28
18
14
27
22
1
2
18
21
28
14
27
19
15
29
4
12
7
11
12
23
19
19
24
18
27
27
21
4
18
25
3
6
7
28
11
7
18
29
23
10
18
14
20
24
25
3
6
7
27
6
6
22
24
14
12
22
2
4
22
10
2
6
8
19
29
24
10
7
4
16
4
20
13
20
22
14
13
17
16
8
11
11
4
18
3
20
13
3
15
21
11
10
9
26
4
15
15
9
22
14
13
16
5
8
15
18
7
25
29
16
19
16
23
1
22
26
26
20
27
6
7
11
23
29
18
9
2
4
16
15
3
15
21
3
18
28
27
27
11
11
25
25
22
22
14
17
12
28
20
15
15
24
5
5
11
16
20
14
10
13
7
29
29
17
20
28
22
14
6
6
17
7
9
5
17
21
21
22
7
8
22
11
29
4
1
13
28
19
2
3
24
27
8
17
10
20
27
28
11
23
5
13
27
1
11
17
14
14
24
26
16
7
4
3
9
16
17
29
18
26
24
24
19
4
29
7
27
4
14
3
4
22
13
20
29
6
5
18
9
10
29
27
14
17
24
9
23
7
9
6
2
12
13
12
16
20
9
23
26
6
22
16
7
4
13
22
14
9
29
9
20
14
24
19
14
7
24
14
21
6
8
22
7
14
21
7
18
12
13
23
5
4
8
15
14
21
15
6
9
14
19
15
5
8
13
12
22
1
4
9
15
18
24
14
10
5
24
17
23
8
17
6
19
17
14
4
29
1
21
15
15
17
4
10
1
21
12
10
10
11
8
15
15
26
5
10
27
8
11
19
24
22
18
19
27
9
14
2
22
29
18
25
16
9
16
12
8
6
1
21
16
11
24
10
1
23
7
6
23
12
28
29
11
6
1
8
3
10
10
24
8
2
10
17
24
9
17
26
8
29
24
29
22
21
12
16
25
5
5
4
29
18
17
28
8
9
6
24
27
10
28
2
9
25
15
8
18
12
9
5
9
8
12
9
4
12
22
15
14
2
22
29
8
26
28
3
3
1
15
13
5
27
24
12
12
11
19
24
27
14
29
11
8
1
26
11
2
7
10
11
8
12
23
3
5
5
11
12
14
3
2
18
20
6
8
24
16
1
6
11
8
7
21
13
7
21
18
28
15
6
12
18
2
14
3
4
5
6
3
9
11
18
12
20
28
21
12
13
3
18
6
11
22
9
18
2
12
10
13
27
7
11
6
7
9
20
4
14
13
8
27
25
9
24
22
6
25
8
9
24
12
29
12
18
18
19
14
7
28
27
13
21
15
25
26
17
7
12
24
14
9
9
23
21
4
9
18
12
29
21
3
24
18
25
11
6
14
14
5
7
14
28
2
13
3
1
16
14
3
25
29
4
21
6
12
22
12
15
5
3
12
26
19
6
22
10
22
11
16
15
24
3
4
24
7
4
2
20
18
5
29
23
18
12
2
20
26
17
28
1
4
24
8
24
9
29
29
18
21
26
20
1
12
6
18
8
12
23
28
3
26
18
3
18
24
12
17
29
21
7
14
18
27
8
23
20
25
21
6
21
15
9
14
9
1
21
18
28
21
12
24
26
4
24
27
7
21
12
6
5
23
16
18
5
3
18
7
8
15
27
14
3
17
12
8
9
6
23
7
8
11
12
11
4
15
21
16
12
22
11
27
25
29
16
22
26
11
12
27
17
4
13
17
1
8
6
11
29
6
6
19
3
29
7
29
11
9
14
12
22
7
12
22
11
13
8
7
10
14
23
8
29
24
24
9
19
23
6
3
5
15
29
5
27
5
1
26
24
24
6
14
12
19
24
17
13
11
21
28
27
23
20
18
16
5
21
1
1
17
21
2
1
24
24
5
7
23
11
23
24
25
15
23
24
25
19
26
28
