5
4
3
29
30
19
21
9
3
14
18
18
22
1
15
30
25
9
26
19
5
8
31
3
17
23
3
10
5
17
17
12
27
7
29
8
18
5
12
22
3
6
10
1
10
13
12
22
28
25
3
28
28
26
3
15
7
15
9
23
11
29
31
29
19
7
13
23
29
19
22
7
10
20
4
27
7
20
5
21
18
5
31
18
25
15
11
14
11
4
8
5
20
22
14
14
8
3
5
5
17
9
20
31
5
5
31
29
8
16
25
2
30
4
7
14
29
21
8
4
21
25
23
9
30
7
19
17
18
15
6
6
14
8
31
18
7
16
9
8
5
11
7
31
26
29
31
1
3
20
14
21
25
15
31
28
17
18
28
1
9
1
12
17
11
19
25
29
21
8
12
2
25
2
30
28
16
26
8
12
15
2
13
28
16
6
24
17
10
4
2
17
4
18
13
27
11
12
6
19
6
30
20
25
3
11
5
14
15
8
15
8
16
19
18
10
22
5
4
26
19
6
1
18
2
30
5
29
1
11
14
13
25
14
1
6
14
7
17
28
23
3
5
2
30
6
29
20
14
15
11
25
8
23
17
10
5
27
19
7
1
8
3
17
17
18
8
24
14
26
31
19
31
29
17
18
22
28
15
9
6
3
17
13
14
25
11
20
17
8
8
6
14
16
22
23
9
2
19
21
1
12
16
9
8
26
31
24
18
1
2
20
23
11
26
23
22
18
19
22
16
4
5
30
25
2
16
24
7
13
29
3
24
10
27
1
15
24
21
24
4
29
7
15
20
1
17
17
24
29
15
5
12
29
10
21
1
25
17
13
25
7
25
16
18
9
21
8
31
4
20
27
24
15
19
12
16
14
20
25
3
23
9
27
16
30
18
30
24
30
29
13
9
23
25
4
7
5
28
30
8
6
23
10
9
19
5
12
26
30
14
26
28
17
10
17
27
14
4
6
22
18
22
1
16
6
30
4
4
16
17
13
16
15
1
29
17
29
20
29
9
5
16
20
31
22
4
23
30
31
18
12
16
13
3
29
31
19
24
5
29
5
16
31
28
14
14
31
24
15
8
17
5
27
9
5
6
16
19
31
28
31
26
17
2
5
6
2
7
12
13
30
31
17
5
7
15
29
13
2
5
1
12
18
4
9
19
28
8
7
21
14
2
8
16
19
23
14
14
9
20
1
21
10
30
13
10
22
3
10
17
6
20
6
23
22
4
31
28
18
10
20
14
24
4
10
2
12
7
20
9
11
13
24
18
25
16
22
14
14
20
26
6
14
17
17
30
31
6
27
21
24
12
29
9
1
28
16
20
11
17
20
29
22
13
9
30
28
6
8
16
3
13
10
24
29
6
30
8
1
18
12
27
27
30
13
12
14
6
17
30
27
14
12
4
30
2
23
31
19
1
7
13
12
3
21
30
30
5
4
26
20
27
15
24
21
14
28
24
4
6
29
13
8
13
5
6
12
24
17
11
6
17
14
20
22
3
5
13
18
5
14
29
25
10
30
4
27
18
3
17
7
16
6
6
9
30
12
5
5
6
9
17
21
20
24
8
8
13
20
23
3
6
17
11
23
17
24
15
27
18
13
4
3
15
16
11
20
6
25
27
27
25
4
27
7
7
29
26
14
8
6
20
4
14
5
11
1
22
2
15
11
5
29
31
28
9
16
25
18
19
1
25
8
29
21
20
25
20
28
25
24
3
8
19
14
27
27
16
17
6
6
4
25
20
5
31
7
12
30
30
29
17
27
5
8
17
29
14
10
7
26
26
2
1
8
22
12
20
7
12
31
21
13
24
17
24
8
10
3
26
24
29
8
1
18
20
29
9
17
14
1
13
13
28
16
14
11
28
16
5
18
29
16
18
31
15
6
20
25
24
25
29
25
8
1
8
1
2
16
6
8
20
11
6
10
17
20
20
31
18
19
4
14
24
10
19
18
30
24
8
27
30
26
3
24
17
8
25
8
29
15
31
1
18
14
25
8
16
4
14
17
15
30
20
19
2
1
14
3
24
14
7
22
5
6
19
29
20
3
12
13
19
2
30
19
2
22
8
19
27
16
14
14
8
8
24
12
14
15
10
22
25
15
8
9
23
29
14
28
20
29
22
21
18
5
19
20
15
22
4
25
11
2
4
5
10
25
8
23
6
28
1
21
6
21
22
8
26
5
9
29
2
10
13
4
18
14
30
19
9
4
27
19
1
5
6
7
3
15
27
2
1
19
18
18
29
31
5
21
30
2
26
9
21
7
8
7
26
8
