6
23
6
16
16
3
6
19
24
6
27
11
13
23
11
13
30
8
12
15
11
26
24
19
2
22
1
26
17
24
17
24
5
23
5
24
1
3
28
6
31
25
5
21
15
26
9
21
6
9
24
17
13
22
29
4
10
20
14
19
14
7
29
4
3
22
23
23
2
29
2
13
25
7
19
16
24
2
13
31
24
8
23
17
10
24
5
15
23
24
9
18
16
21
19
20
30
7
8
25
14
20
23
14
9
23
23
19
29
2
23
25
6
20
2
14
27
17
31
23
23
21
7
27
15
24
26
13
10
8
10
6
19
26
8
6
29
7
2
23
25
27
16
2
6
8
11
29
31
22
25
22
1
20
16
23
20
19
12
17
15
10
11
1
24
7
9
30
5
20
12
14
21
10
1
23
19
1
24
26
3
13
8
9
27
19
27
16
5
9
31
28
19
22
10
8
25
12
3
2
16
3
2
10
12
23
26
9
13
25
6
20
12
29
29
10
16
24
1
8
5
8
11
31
18
29
12
19
17
13
10
6
18
23
30
22
4
24
5
26
9
28
22
5
16
1
11
21
25
29
10
6
18
22
13
16
30
8
14
14
26
2
27
28
2
25
26
2
16
5
5
26
25
5
24
21
29
19
18
22
31
5
3
25
15
24
30
18
30
13
18
22
13
19
23
18
9
6
9
1
26
3
13
2
20
29
7
19
17
29
8
24
27
31
14
31
28
4
19
21
20
11
15
18
24
6
5
1
8
17
5
24
23
16
23
24
9
17
10
27
12
28
20
17
21
16
25
10
15
28
26
7
19
15
30
31
11
8
14
30
4
31
4
10
31
20
12
23
13
11
8
21
17
12
4
20
21
14
23
16
16
7
8
16
7
17
26
18
6
30
6
25
5
2
22
13
9
30
29
25
15
30
8
12
23
19
21
8
21
18
14
5
26
23
11
6
2
16
1
28
13
8
13
25
10
31
25
27
23
15
20
20
10
13
6
25
22
14
13
14
8
27
6
30
31
4
6
8
13
28
13
7
23
25
8
27
14
22
28
31
1
21
5
10
2
11
8
5
22
12
11
10
27
13
21
19
5
6
12
30
23
26
19
5
17
28
9
20
27
28
24
14
19
9
20
9
9
17
26
13
9
20
2
16
7
6
8
4
7
3
8
5
22
9
24
17
19
17
26
8
25
1
30
26
1
25
11
12
9
25
27
5
13
30
10
22
11
19
28
3
11
20
15
14
26
18
5
15
15
1
8
2
20
14
5
30
19
25
9
7
16
7
19
19
25
15
16
29
18
22
21
18
27
14
5
28
5
8
1
21
13
5
11
11
25
22
31
18
16
4
13
7
14
9
7
15
9
1
25
1
20
31
20
17
12
20
8
17
15
13
27
2
31
17
11
14
16
3
27
25
18
19
29
7
1
4
28
30
7
11
8
5
4
31
10
12
16
20
17
19
17
30
8
2
31
20
9
4
27
24
19
23
17
21
4
14
10
22
3
12
22
20
29
11
4
7
20
10
23
4
12
5
16
31
11
6
8
12
12
24
5
1
25
24
15
31
5
24
25
4
5
15
24
7
29
6
19
4
28
21
14
24
23
5
3
24
25
4
25
17
9
7
4
14
23
8
19
31
28
14
20
14
11
23
26
8
15
2
5
17
24
28
26
13
6
11
27
6
16
16
18
23
31
17
13
11
23
13
18
5
3
7
10
21
14
14
16
31
11
12
8
10
8
23
17
5
11
15
9
22
29
18
12
6
11
5
24
17
8
5
18
10
15
13
13
11
17
13
16
11
3
17
22
6
31
14
10
26
23
6
2
30
24
3
3
30
20
27
2
17
26
23
5
8
10
15
16
9
24
17
31
24
2
30
25
13
22
19
6
14
12
18
13
30
25
17
10
8
13
23
5
19
7
18
8
25
5
31
26
19
24
13
16
15
31
28
29
30
14
9
2
18
13
15
15
17
10
6
13
20
8
12
25
25
20
18
25
15
7
19
20
14
16
23
6
4
15
18
25
28
1
27
22
9
13
8
16
23
17
9
6
13
15
19
26
26
2
7
5
22
16
22
16
3
2
12
1
2
3
17
21
16
3
8
3
29
16
23
22
25
10
17
11
5
13
14
23
9
7
10
10
17
8
13
18
26
20
20
25
13
14
22
25
26
11
16
9
12
19
8
8
26
5
20
5
19
9
12
12
22
15
18
18
14
5
5
11
24
6
14
23
8
23
17
19
22
10
20
9
24
25
9
23
14
23
25
13
9
13
20
