0 8 3
0 14 4
8 14 4
20 25 0
14 31 0
34 35 0
24 39 0
23 41 0
34 66 0
66 69 0
19 74 0
71 74 1
15 80 0
39 82 0
12 84 1
27 84 0
47 87 0
44 88 0
41 94 0
107 108 4
41 115 1
88 116 0
122 124 2
94 126 0
18 127 2
122 127 2
124 127 4
103 128 2
15 129 1
22 129 1
76 131 0
92 136 2
115 138 1
137 138 2
17 146 0
66 149 0
50 150 1
15 152 0
63 153 0
74 154 0
12 155 1
84 155 1
117 155 1
78 157 3
136 159 2
125 160 1
95 161 1
22 163 2
42 163 3
55 163 2
129 163 5
141 163 1
145 163 10
4 170 0
109 171 0
114 171 0
162 173 0
163 174 0
143 180 0
76 181 1
157 181 1
66 183 0
158 184 1
42 188 2
120 188 0
129 188 1
139 188 0
141 188 1
144 188 0
163 188 9
42 189 2
163 189 3
188 189 2
22 191 1
163 191 3
10 192 4
10 193 4
74 193 0
192 193 4
195 196 1
3 197 0
143 201 0
72 202 2
202 204 1
88 208 0
63 210 0
148 210 0
169 212 1
78 214 2
157 214 1
66 215 0
196 216 0
38 219 2
163 219 6
45 220 1
88 225 0
142 227 3
52 228 0
119 228 0
142 230 3
30 231 1
14 232 2
15 234 0
156 236 0
163 237 1
46 238 2
193 238 0
82 239 2
61 240 0
14 242 0
53 243 0
136 244 0
172 245 0
105 248 1
86 249 1
31 250 0
33 250 0
76 250 1
107 250 2
108 250 3
170 250 0
6 251 0
88 251 0
60 252 2
74 252 0
15 253 0
15 254 0
70 255 0
36 257 0
0 258 4
7 258 0
8 258 4
14 258 7
228 259 0
188 262 0
74 263 1
100 265 1
163 266 0
262 266 0
20 267 2
14 268 3
232 268 2
258 268 1
24 269 0
38 273 1
204 274 0
270 276 2
10 280 3
192 280 3
193 280 4
64 284 2
30 285 2
231 285 2
178 286 1
66 288 1
75 288 0
64 289 0
163 290 0
21 294 0
83 294 0
85 294 2
103 294 3
128 294 2
153 294 0
173 294 2
186 294 2
191 294 0
252 294 0
277 294 1
82 295 1
197 295 0
210 295 0
220 295 0
227 296 2
46 301 2
238 301 2
108 304 1
250 304 2
82 305 2
57 306 3
9 308 0
163 309 0
74 310 1
156 314 0
29 319 0
259 320 0
15 322 0
160 322 0
140 323 0
228 323 0
62 324 1
185 324 2
278 324 1
211 325 0
278 326 1
324 326 2
324 327 1
326 327 1
237 329 0
101 331 0
179 331 0
62 332 1
185 332 2
324 332 3
20 334 1
267 334 1
77 337 0
143 337 2
270 339 2
340 341 2
270 342 4
276 342 4
339 342 2
1 344 0
316 344 0
335 344 0
74 345 3
76 345 0
117 345 0
261 345 0
132 346 0
143 346 2
163 346 0
337 346 2
84 347 1
344 348 1
111 350 0
180 350 0
201 350 1
350 351 1
41 352 0
330 354 1
190 356 0
243 357 0
95 358 1
203 359 1
330 359 0
151 360 0
55 361 0
143 363 2
337 363 2
346 363 2
364 365 1
364 366 1
88 371 0
157 371 0
38 372 1
273 372 1
86 373 1
74 377 1
178 378 1
218 378 1
227 378 0
286 378 3
335 378 1
176 379 1
163 380 4
188 380 1
29 382 0
87 383 0
14 384 0
293 387 0
185 389 2
324 389 2
332 389 2
145 390 1
163 390 1
142 391 2
230 391 3
76 392 0
154 392 0
14 393 0
157 393 0
125 394 0
133 394 1
163 395 2
189 395 1
191 395 1
378 396 0
248 398 1
15 399 0
14 400 1
258 400 1
163 402 1
219 402 1
402 403 0
102 404 0
230 406 1
311 406 0
2 410 1
82 410 2
298 410 0
305 410 2
163 415 2
188 415 2
209 415 0
137 416 1
138 416 2
317 417 1
135 418 0
248 419 2
260 419 1
398 419 1
10 420 3
192 420 4
193 420 3
255 421 0
163 422 3
62 423 1
85 425 1
29 426 0
303 426 0
318 426 0
335 426 0
18 427 0
146 427 0
201 427 1
202 427 0
205 427 0
230 427 4
250 427 2
304 427 1
312 427 0
350 427 1
353 427 0
391 427 2
399 427 0
406 427 1
184 428 2
302 428 2
29 429 0
52 430 1
89 430 1
119 430 1
172 430 1
177 430 1
208 430 4
223 430 1
236 430 2
256 430 2
381 430 2
156 431 0
165 432 0
184 432 2
302 432 2
428 432 4
158 433 1
184 433 3
428 433 2
432 433 2
0 435 3
8 435 4
14 435 4
258 435 4
14 437 0
21 438 0
79 438 0
96 438 0
227 438 1
296 438 2
391 438 0
97 439 0
192 439 1
388 439 0
420 439 1
367 440 0
414 440 0
297 441 0
401 442 0
14 443 0
144 444 0
318 445 0
163 448 1
191 448 1
117 452 1
347 452 0
9 453 0
183 454 2
374 455 1
25 456 0
166 457 1
109 459 1
130 459 1
267 459 0
148 460 0
281 460 0
427 461 0
187 462 0
3 463 0
333 463 1
275 464 0
279 464 0
85 465 3
103 465 2
118 465 1
294 465 5
16 466 2
294 466 3
465 466 3
270 467 3
276 467 2
342 467 5
464 467 0
182 468 1
78 469 1
160 469 0
214 469 1
2 471 0
103 471 0
295 471 0
168 475 0
229 477 0
294 477 2
333 477 3
427 477 2
463 477 1
52 478 0
96 478 0
215 478 0
218 478 0
227 478 0
274 478 0
303 478 0
396 478 0
470 478 0
92 479 1
136 479 1
147 479 0
418 479 0
449 479 0
478 479 0
257 480 1
9 481 0
13 482 1
251 482 0
277 483 2
294 483 2
367 483 1
463 483 0
64 486 1
231 486 1
284 486 1
285 486 2
291 487 0
109 488 1
46 489 2
238 489 3
301 489 2
5 490 0
6 490 0
45 490 2
213 490 2
220 490 1
182 491 1
468 491 2
45 492 1
213 492 2
490 492 3
427 493 0
427 494 0
270 495 3
339 495 2
342 495 3
467 495 2
478 497 0
107 498 2
108 498 2
250 498 2
250 499 0
247 500 1
174 501 1
496 501 1
294 502 1
174 503 1
501 503 1
74 505 0
134 505 0
109 507 1
317 508 2
417 508 1
314 509 0
192 510 1
356 510 0
74 511 0
407 512 0
411 512 0
117 513 2
155 513 1
452 513 1
453 514 0
506 514 0
272 516 0
164 517 0
76 518 2
181 518 3
10 519 4
190 519 1
192 519 6
193 519 5
280 519 4
420 519 4
510 519 2
142 520 1
230 520 1
478 520 0
156 521 0
344 521 0
68 522 0
54 523 1
163 523 6
188 523 3
277 523 0
283 523 1
415 523 3
465 523 1
478 523 1
508 523 0
430 524 0
520 524 0
522 525 0
427 526 0
340 529 2
341 529 2
163 530 0
343 530 0
27 532 0
41 533 0
313 534 0
109 535 1
58 536 0
200 536 0
206 536 0
411 536 0
357 537 0
15 538 1
129 538 4
402 538 0
487 538 0
183 539 2
454 539 2
523 540 0
183 541 2
454 541 2
539 541 3
540 543 0
0 544 2
14 544 3
258 544 3
163 546 0
74 547 0
430 547 0
82 548 1
287 549 2
453 549 1
456 549 1
488 549 1
507 549 0
438 550 0
482 551 0
523 551 0
2 552 0
16 552 1
57 552 1
60 552 1
85 552 0
92 552 0
167 552 2
173 552 1
210 552 2
220 552 0
239 552 0
277 552 1
298 552 0
305 552 0
306 552 2
311 552 0
367 552 1
370 552 0
374 552 1
412 552 1
446 552 1
451 552 0
455 552 1
466 552 1
472 552 0
473 552 0
483 552 3
548 552 0
123 553 0
167 554 1
294 554 1
306 554 2
446 554 1
552 554 3
400 555 1
555 556 2
423 557 1
376 558 0
423 558 2
557 558 1
34 559 0
167 559 1
552 559 1
78 560 1
157 560 4
246 560 0
427 561 0
60 562 1
252 562 1
370 562 0
440 562 0
37 563 0
38 563 1
163 563 1
219 563 2
247 563 1
500 563 1
294 564 1
463 564 0
2 565 1
34 565 1
57 565 1
60 565 0
82 565 7
85 565 3
92 565 0
103 565 3
118 565 1
128 565 2
173 565 5
239 565 2
244 565 0
283 565 1
294 565 13
295 565 4
305 565 2
306 565 3
333 565 2
367 565 0
385 565 0
410 565 3
425 565 1
465 565 9
466 565 3
477 565 3
478 565 1
492 565 1
502 565 1
523 565 11
548 565 2
554 565 3
564 565 2
16 566 1
34 566 1
173 566 3
186 566 2
274 566 0
294 566 10
321 566 0
333 566 2
449 566 0
465 566 3
466 566 4
472 566 0
477 566 4
483 566 1
565 566 12
21 567 0
277 567 0
385 567 0
502 567 0
478 568 0
255 569 1
456 569 1
514 569 0
550 569 0
59 570 5
169 570 1
212 570 2
19 571 0
424 571 0
112 572 3
270 573 0
464 573 0
242 574 1
549 574 2
173 575 4
552 575 2
565 575 5
43 576 0
59 576 3
212 576 1
293 576 0
330 576 2
354 576 2
355 576 0
570 576 12
250 577 0
312 577 0
389 577 0
401 577 0
13 578 1
482 578 1
49 581 0
50 581 0
222 581 0
580 581 0
259 582 0
50 583 1
64 583 1
284 583 1
250 584 2
427 584 1
335 585 1
378 585 5
28 586 0
88 587 0
214 587 0
427 587 0
186 588 3
294 588 3
566 588 3
282 589 1
364 590 2
365 590 1
366 590 1
199 591 1
287 591 2
453 591 2
488 591 1
549 591 5
282 592 1
589 592 2
300 593 0
593 594 0
121 595 0
233 595 0
299 596 0
106 597 0
204 597 0
224 597 0
434 597 0
158 598 0
302 598 2
307 598 0
428 598 2
432 598 2
205 600 2
3 601 0
552 601 0
565 601 1
163 602 1
540 603 1
74 604 0
476 605 0
576 605 0
163 606 0
537 606 0
438 607 0
133 608 2
179 608 1
394 608 1
427 610 0
28 611 0
133 611 1
179 611 1
368 611 0
386 611 0
413 611 0
511 611 0
579 611 0
601 611 0
608 611 3
289 612 1
14 613 2
232 613 2
268 613 4
54 615 0
98 615 0
555 615 1
556 615 1
614 615 0
268 616 2
438 616 0
613 616 1
226 617 0
478 618 0
260 619 0
471 621 1
552 621 1
565 621 2
74 622 2
345 622 1
377 622 1
11 624 1
112 624 1
163 624 1
572 624 1
261 626 0
338 627 0
221 629 0
612 629 0
408 630 0
447 630 0
383 631 0
401 632 0
430 632 2
197 633 0
294 633 2
565 633 2
566 633 3
611 633 0
256 634 2
430 634 4
89 635 1
109 635 1
172 635 1
177 635 1
208 635 1
256 635 2
264 635 0
375 635 0
381 635 2
430 635 11
436 635 0
442 635 0
474 635 0
632 635 2
634 635 3
118 636 0
294 636 0
552 636 0
515 637 0
623 637 0
89 638 0
227 638 1
264 638 0
294 638 0
296 638 1
348 638 0
375 638 0
383 638 0
441 638 0
449 638 1
521 638 0
618 638 0
250 639 1
584 639 1
20 640 1
109 640 3
130 640 1
199 640 1
287 640 2
459 640 2
549 640 3
574 640 2
591 640 5
635 640 1
376 641 0
484 641 0
484 642 0
49 643 0
50 643 2
150 643 1
222 643 0
583 643 1
210 644 1
552 644 1
565 644 0
51 645 0
211 645 0
312 645 0
450 646 0
81 647 0
96 649 0
166 649 1
457 649 1
479 649 0
472 650 1
483 650 0
430 651 1
635 651 1
86 652 2
249 652 1
373 652 1
552 653 0
135 654 0
198 655 1
148 656 0
650 656 0
656 657 0
163 658 0
427 658 1
11 659 1
163 659 1
397 659 0
624 659 2
625 659 0
635 660 0
71 661 1
74 661 1
76 661 0
181 662 1
518 662 1
496 663 2
501 663 1
350 664 0
294 665 0
427 665 0
257 667 1
480 667 3
263 668 0
310 668 0
604 668 0
509 669 0
603 670 0
552 671 0
562 671 0
565 671 1
566 671 2
109 672 1
130 672 0
456 672 2
535 672 1
549 672 3
574 672 3
591 672 1
194 673 0
427 674 0
344 675 4
597 675 0
605 676 0
71 677 0
528 678 0
30 679 0
32 679 0
74 680 0
90 680 0
608 680 0
402 681 0
88 682 0
430 683 3
632 683 2
635 683 3
161 684 0
525 684 1
217 685 1
44 686 0
116 686 0
119 686 1
223 686 1
225 686 0
318 686 0
381 686 2
430 686 8
634 686 2
635 686 4
683 686 2
110 687 1
626 687 0
60 688 2
207 688 0
252 688 1
412 688 1
552 688 2
566 688 0
163 689 0
445 690 0
552 691 0
565 691 0
296 692 1
378 692 0
438 692 1
531 693 0
648 693 0
76 694 1
250 694 1
659 695 0
215 696 0
427 696 0
579 696 1
642 697 0
360 698 0
427 698 0
474 698 0
294 699 2
566 699 2
588 699 3
624 700 0
625 700 0
15 701 0
638 701 0
504 702 0
376 704 0
192 705 1
519 705 1
453 706 0
158 707 0
195 707 1
196 707 1
14 708 0
250 708 0
340 709 2
341 709 2
529 709 2
438 710 0
569 710 0
485 711 0
54 712 0
219 712 0
415 712 1
681 712 0
161 713 0
347 713 0
163 714 1
84 715 0
157 716 0
611 716 0
163 717 2
188 717 2
523 717 2
271 718 0
611 718 0
87 719 0
520 719 0
609 719 1
611 719 0
438 720 0
188 721 0
635 722 0
638 722 0
552 723 0
41 725 0
48 725 0
93 725 0
576 726 0
163 727 2
243 728 0
67 729 0
342 729 3
467 729 1
350 730 2
351 730 1
121 731 0
330 731 1
576 731 1
20 732 2
267 732 1
640 732 2
566 733 0
213 734 2
490 734 2
492 734 2
86 735 0
195 735 0
216 735 0
307 735 0
14 736 0
250 736 0
210 738 1
552 738 3
564 738 1
565 738 10
575 738 2
621 738 2
63 739 0
157 740 1
164 740 0
418 740 0
560 740 1
204 741 1
687 741 1
645 742 0
65 743 1
163 743 4
65 744 1
163 744 3
743 744 5
18 745 2
36 745 0
72 745 1
91 745 0
110 745 1
124 745 1
127 745 2
205 745 1
355 745 0
386 745 0
458 745 0
477 745 0
561 745 0
600 745 1
666 745 0
687 745 5
14 746 0
299 746 0
18 747 1
26 747 0
43 747 0
72 747 2
73 747 0
83 747 0
91 747 0
104 747 1
110 747 0
112 747 1
113 747 0
124 747 1
127 747 2
146 747 0
153 747 0
175 747 0
186 747 1
198 747 1
202 747 3
203 747 0
204 747 2
205 747 1
207 747 0
217 747 1
229 747 0
234 747 0
235 747 0
283 747 0
310 747 0
315 747 0
328 747 0
330 747 0
336 747 0
349 747 0
353 747 0
362 747 0
368 747 0
369 747 0
386 747 0
397 747 0
458 747 0
489 747 0
494 747 0
502 747 0
526 747 0
527 747 0
542 747 1
545 747 0
561 747 0
572 747 1
579 747 1
588 747 2
599 747 0
600 747 1
609 747 1
610 747 0
620 747 0
628 747 0
655 747 1
665 747 0
680 747 0
685 747 1
695 747 0
696 747 1
699 747 1
700 747 0
703 747 0
719 747 1
724 747 0
737 747 0
741 747 1
137 748 1
138 748 1
197 749 0
483 749 1
552 749 1
244 750 0
8 751 3
14 751 4
258 751 4
435 751 3
544 751 2
649 752 0
405 753 0
409 753 0
444 753 0
478 754 0
188 755 1
176 756 1
379 756 1
163 757 2
188 757 2
219 757 2
755 757 2
100 758 1
265 758 1
23 759 0
93 759 0
95 759 1
99 759 0
161 759 1
292 759 0
88 760 0
686 760 0
9 761 0
40 761 0
535 761 0
88 762 0
241 763 0
747 763 0
636 764 3
163 765 0
78 766 1
157 766 3
181 766 2
518 766 2
255 767 1
569 767 1
163 769 0
764 769 0
350 770 1
730 770 1
72 771 3
104 771 1
202 771 2
745 771 1
747 771 3
51 772 0
312 772 0
742 772 1
768 772 0
565 773 0
656 773 0
331 774 0
162 775 0
342 776 0
398 776 0
533 777 0
25 778 0
56 778 0
109 778 0
542 779 2
638 779 0
684 779 0
747 779 1
163 781 0
74 787 0
415 789 0
786 791 2
42 793 1
163 793 15
262 793 0
794 795 0
507 798 0
792 798 1
163 800 1
313 801 0
53 803 2
357 803 1
294 807 2
359 808 2
731 808 1
297 809 0
809 812 4
163 813 0
809 814 5
812 814 4
582 818 0
817 818 3
817 819 2
818 819 3
607 821 0
142 823 2
227 823 1
427 823 1
820 829 1
714 833 1
576 834 2
688 835 1
375 836 0
426 836 0
59 839 4
354 839 3
576 839 5
565 842 1
568 843 0
575 843 0
55 844 1
784 845 0
219 846 1
757 846 1
781 846 1
710 847 0
591 848 1
847 848 3
163 856 2
793 856 1
281 858 0
566 858 0
638 862 0
785 862 3
576 863 0
808 863 0
611 864 1
251 865 3
795 865 0
18 866 1
46 867 0
74 867 0
667 867 0
76 869 0
523 870 1
74 871 0
59 872 2
570 872 2
59 874 4
570 874 3
576 874 3
839 874 3
370 875 0
554 875 0
775 875 0
453 876 2
700 879 0
815 880 1
74 881 0
112 881 1
572 881 1
816 881 1
523 882 2
565 882 7
575 882 2
109 884 0
177 885 0
831 885 0
41 888 0
41 889 2
18 890 1
866 890 1
41 892 3
138 892 2
889 892 3
468 896 0
888 896 0
157 897 0
107 898 1
108 898 1
611 899 1
228 900 0
115 904 0
292 904 0
352 904 1
889 904 1
892 904 1
558 905 0
74 906 0
414 908 0
809 908 1
827 909 3
163 910 6
523 910 2
565 910 1
764 910 2
811 910 2
902 910 3
177 911 0
585 911 0
827 913 1
909 913 1
272 914 1
157 916 1
427 916 0
784 917 1
850 917 0
809 919 2
908 919 1
873 920 1
580 922 0
922 923 2
672 924 1
256 928 1
71 929 2
740 929 1
805 930 0
70 931 0
251 932 2
865 932 2
483 933 0
875 933 0
380 934 0
844 934 0
860 934 0
163 935 1
426 937 0
560 938 0
611 938 0
163 940 0
934 940 0
163 942 1
728 943 2
793 943 0
62 945 0
327 945 0
788 945 1
427 946 0
74 949 0
84 950 2
427 954 0
450 954 0
109 955 0
560 955 0
793 959 0
378 960 0
163 961 2
523 961 1
745 962 0
829 962 0
344 963 0
902 964 3
910 964 6
177 965 0
902 965 3
964 965 6
163 966 1
902 966 3
910 966 7
964 966 6
965 966 5
56 967 0
57 967 1
109 967 0
306 967 1
322 967 0
689 967 0
847 967 2
848 967 3
957 967 0
954 969 0
567 970 0
953 972 0
802 973 0
844 974 0
970 974 0
74 975 0
76 975 0
608 975 0
668 975 0
905 976 2
664 978 0
68 979 2
157 979 1
766 979 1
879 979 0
902 981 2
910 981 2
965 981 2
163 982 1
247 982 0
910 982 1
256 983 1
887 983 1
928 983 2
159 985 1
136 986 0
862 986 0
74 987 0
58 990 0
805 990 0
318 991 0
858 991 1
973 993 0
415 995 0
956 995 2
161 996 0
84 998 3
347 998 1
70 999 0
347 999 0
569 1000 0
931 1000 0
983 1002 1
672 1003 2
786 1003 2
791 1003 2
672 1004 2
786 1004 2
791 1004 2
1003 1004 8
242 1006 1
472 1006 1
574 1006 3
650 1006 1
876 1006 1
344 1007 1
837 1007 0
934 1009 0
877 1010 3
1008 1011 1
1010 1011 1
295 1012 1
565 1012 2
882 1012 1
576 1014 0
676 1014 2
852 1015 0
996 1015 0
727 1016 0
728 1016 3
856 1016 0
943 1016 2
74 1017 0
157 1017 0
853 1019 0
862 1019 0
906 1019 0
926 1019 0
927 1019 0
430 1020 0
878 1023 0
74 1024 0
453 1025 3
569 1025 1
876 1025 2
1006 1025 1
56 1027 0
322 1027 0
378 1027 0
638 1027 0
206 1028 1
163 1030 1
258 1031 0
591 1032 1
847 1032 2
848 1032 3
967 1032 2
714 1035 1
538 1036 0
712 1036 0
427 1037 0
1028 1037 2
157 1038 1
916 1038 1
206 1042 1
1028 1042 3
1037 1042 1
1042 1043 1
809 1044 3
812 1044 4
814 1044 3
471 1045 0
612 1046 0
603 1047 0
984 1048 0
600 1052 0
832 1052 0
1051 1052 0
853 1053 0
931 1053 1
1024 1053 0
607 1055 0
476 1056 0
676 1056 1
1014 1056 1
627 1057 0
631 1057 0
1055 1059 0
163 1060 4
237 1060 1
965 1060 0
378 1061 1
426 1061 0
585 1061 1
1010 1061 2
930 1062 1
332 1064 0
623 1064 1
952 1064 0
163 1065 3
1063 1065 1
36 1066 0
1052 1066 0
570 1067 2
576 1067 5
834 1067 2
839 1067 1
359 1068 1
726 1068 0
989 1068 0
163 1069 3
422 1069 2
793 1069 2
163 1070 2
793 1070 1
1016 1070 0
354 1072 2
839 1072 2
314 1073 0
109 1074 0
157 1075 1
1076 1078 2
611 1079 3
864 1079 1
975 1079 0
1009 1079 0
809 1080 3
812 1080 2
814 1080 4
521 1081 2
521 1082 3
1081 1082 2
858 1084 2
991 1084 1
1076 1086 1
1078 1086 1
1023 1090 0
1029 1090 0
476 1091 0
676 1091 1
1014 1091 1
569 1092 0
122 1093 0
355 1093 0
355 1094 0
792 1095 1
798 1095 2
1069 1096 0
163 1098 1
343 1098 0
163 1099 1
843 1101 0
136 1102 3
985 1102 0
74 1103 0
427 1103 0
611 1103 1
1079 1103 1
591 1105 0
798 1105 0
1026 1105 0
163 1106 2
1065 1106 2
163 1110 3
793 1110 1
1016 1110 1
258 1111 0
1101 1111 1
101 1112 0
719 1112 0
926 1112 0
1073 1112 0
163 1113 2
163 1114 2
602 1114 1
820 1115 1
31 1116 0
611 1116 0
708 1116 0
736 1116 0
247 1117 1
562 1117 0
910 1117 0
1114 1117 3
134 1118 0
881 1119 2
540 1121 1
643 1121 0
806 1121 1
1046 1121 1
578 1122 0
594 1122 1
717 1122 0
799 1122 0
75 1123 1
539 1123 1
541 1123 1
453 1124 1
166 1125 0
817 1125 1
818 1125 1
857 1125 1
580 1126 2
583 1126 1
923 1126 0
163 1127 2
728 1127 0
793 1127 1
938 1127 0
76 1128 0
26 1129 0
809 1129 5
814 1129 2
919 1129 1
1080 1129 2
163 1130 1
959 1130 0
910 1131 2
966 1131 1
719 1133 1
163 1136 10
727 1136 1
800 1136 1
935 1136 1
1018 1136 1
1030 1136 1
1060 1136 2
1063 1136 0
558 1137 0
806 1138 1
1121 1138 2
163 1139 2
780 1139 1
793 1139 1
1018 1139 0
811 1140 1
910 1140 5
964 1140 3
965 1140 3
966 1140 3
981 1140 2
1018 1142 1
1136 1142 1
592 1144 1
820 1146 0
161 1147 0
772 1147 2
30 1148 1
285 1148 2
486 1148 2
912 1149 1
912 1150 1
1149 1150 2
163 1153 12
856 1153 1
942 1153 1
1063 1153 1
1065 1153 2
1070 1153 1
1077 1153 0
1113 1153 1
1127 1153 1
819 1154 0
783 1155 3
785 1155 3
862 1155 3
1013 1156 0
687 1157 4
741 1157 1
745 1157 3
163 1159 1
430 1165 0
1160 1166 0
802 1168 0
524 1169 1
517 1170 1
1050 1171 0
623 1172 1
915 1172 0
1141 1172 0
318 1173 0
303 1174 0
414 1174 0
893 1174 0
902 1174 0
1033 1174 0
1074 1174 0
1102 1174 0
1135 1174 0
254 1176 0
1123 1176 1
163 1178 2
854 1178 1
956 1178 2
995 1178 5
1034 1178 0
1099 1178 1
946 1179 0
1177 1180 1
25 1181 0
569 1181 0
1010 1182 2
1073 1182 1
562 1183 0
738 1183 0
120 1184 0
141 1184 0
781 1184 0
844 1184 1
860 1184 0
1000 1185 0
492 1186 0
591 1186 0
426 1187 0
1123 1188 1
638 1189 0
809 1190 1
1129 1190 1
661 1191 0
692 1191 0
1053 1191 0
321 1192 0
875 1192 0
1183 1193 0
594 1194 2
1122 1194 1
840 1196 0
1038 1196 0
1053 1197 0
418 1198 0
517 1198 1
859 1198 0
1170 1198 1
570 1200 2
576 1200 1
325 1201 0
1183 1202 0
542 1203 1
779 1203 1
816 1203 1
881 1203 3
1119 1203 1
1195 1203 1
129 1204 1
537 1204 0
538 1204 1
1153 1204 0
163 1205 2
793 1205 1
1016 1205 0
1153 1205 1
163 1206 1
789 1206 0
163 1207 1
378 1207 0
430 1207 0
900 1207 0
539 1209 0
539 1210 1
883 1210 0
1058 1211 0
580 1212 2
817 1212 2
818 1212 2
819 1212 2
1126 1212 2
565 1213 1
738 1213 1
523 1214 0
583 1214 0
580 1215 0
818 1215 1
819 1215 1
824 1215 1
825 1215 1
1209 1215 0
1035 1216 0
145 1218 2
163 1218 4
714 1218 4
833 1218 2
1035 1218 1
163 1219 1
1153 1219 1
74 1220 0
910 1221 0
809 1222 1
1129 1222 1
848 1223 1
145 1224 1
163 1224 3
163 1225 1
1117 1225 0
809 1229 1
995 1230 2
1178 1230 2
854 1231 1
956 1231 2
995 1231 6
1178 1231 5
1230 1231 2
995 1232 2
1178 1232 2
1231 1232 2
922 1233 1
923 1233 1
13 1234 0
790 1234 1
937 1234 0
977 1234 0
1187 1234 0
1226 1234 0
296 1236 0
382 1236 0
861 1236 0
1227 1236 0
826 1237 2
378 1238 1
1025 1238 1
84 1240 4
742 1240 1
772 1240 3
841 1240 0
897 1240 0
912 1240 1
950 1240 2
987 1240 0
998 1240 2
999 1240 0
1086 1240 1
1141 1240 1
1147 1240 3
1201 1240 0
84 1241 4
772 1241 2
912 1241 1
950 1241 2
998 1241 2
1141 1241 1
1147 1241 3
1240 1241 8
939 1242 0
570 1243 2
314 1244 1
344 1244 1
348 1244 2
1061 1244 0
570 1245 4
576 1245 2
1243 1245 2
570 1246 1
1211 1247 0
66 1248 0
688 1248 1
835 1248 1
793 1249 1
1054 1249 0
399 1250 1
399 1251 1
1250 1251 1
820 1252 2
829 1252 1
830 1252 0
907 1252 0
918 1252 0
1115 1252 1
163 1253 1
811 1253 1
910 1253 4
965 1253 0
1131 1253 1
930 1254 1
1062 1254 1
95 1255 1
99 1255 0
358 1255 1
894 1255 0
881 1256 0
1019 1256 0
163 1257 5
380 1257 1
1153 1257 1
570 1258 2
576 1258 1
92 1259 1
136 1259 1
521 1259 3
893 1259 0
1081 1259 2
1082 1259 3
344 1260 1
654 1260 0
1104 1260 0
247 1261 1
1114 1261 1
1117 1261 3
1104 1262 0
1234 1263 0
1134 1264 0
611 1265 0
921 1265 1
836 1266 0
344 1267 0
788 1268 2
976 1268 0
1186 1268 0
418 1269 1
453 1269 2
569 1269 0
876 1269 1
1260 1269 1
208 1270 1
236 1270 1
430 1270 2
627 1270 0
236 1271 0
997 1271 0
319 1273 0
569 1273 0
686 1273 0
826 1273 1
163 1274 2
343 1274 1
427 1274 0
344 1275 3
378 1275 3
426 1275 0
585 1275 3
1234 1275 0
163 1277 0
289 1278 1
486 1278 0
583 1278 0
1065 1279 0
955 1280 0
948 1281 1
1272 1281 4
948 1282 2
1022 1282 0
1272 1282 1
1281 1282 3
142 1283 5
230 1283 4
391 1283 3
427 1283 6
823 1283 2
230 1284 2
427 1284 2
430 1284 0
1055 1284 0
1169 1284 0
1283 1284 2
405 1285 0
770 1285 0
968 1285 0
1176 1285 0
163 1286 1
1136 1286 1
499 1287 0
787 1287 1
810 1287 0
905 1287 2
945 1287 1
976 1287 1
107 1288 1
108 1288 1
499 1288 0
787 1288 0
1091 1288 0
1128 1288 0
157 1289 1
218 1290 1
378 1290 3
423 1290 0
429 1290 0
893 1290 0
1019 1290 0
1025 1290 2
1191 1290 0
1197 1290 0
1226 1290 0
1238 1290 2
960 1292 0
1049 1292 0
1071 1292 0
1085 1292 0
672 1293 0
915 1294 0
886 1295 0
109 1296 0
456 1296 0
1198 1296 0
1174 1297 0
407 1298 0
409 1298 0
1285 1298 0
714 1299 1
1216 1299 0
1218 1299 1
960 1301 0
1266 1301 0
983 1302 0
163 1303 2
343 1303 1
1274 1303 2
163 1305 5
728 1305 1
1016 1305 1
1065 1305 2
1098 1305 1
1106 1305 2
1274 1305 1
607 1306 0
1050 1306 1
1057 1307 0
924 1309 0
1132 1309 0
1186 1309 0
1306 1310 1
764 1311 1
910 1311 3
1140 1311 1
1253 1311 1
344 1312 2
418 1312 1
638 1312 0
1260 1312 2
1269 1312 2
1005 1313 0
611 1315 1
668 1315 0
1079 1315 1
295 1316 1
565 1316 2
882 1316 1
142 1318 2
227 1318 1
427 1318 1
1283 1318 2
359 1320 1
808 1320 1
1300 1320 0
297 1321 0
814 1321 1
1041 1321 0
1080 1321 1
1190 1321 0
1222 1321 0
323 1322 0
1020 1322 0
1027 1322 0
1062 1323 0
1145 1323 0
1149 1323 1
1150 1323 1
1195 1323 0
260 1324 0
219 1325 0
1175 1325 0
105 1326 2
248 1326 2
419 1326 2
776 1326 0
971 1326 1
638 1327 0
1165 1327 0
783 1328 1
785 1328 2
927 1328 0
947 1328 0
1020 1328 0
1031 1328 0
1101 1328 1
1107 1328 0
1109 1328 0
1111 1328 2
1155 1328 2
1173 1328 0
1020 1329 0
1049 1329 0
1071 1329 0
793 1330 0
1167 1330 0
1167 1331 0
1167 1332 0
163 1333 6
578 1333 0
793 1333 2
1136 1333 1
1207 1333 1
1224 1333 1
1225 1333 1
163 1334 3
793 1334 1
1130 1334 1
885 1335 0
944 1335 1
1024 1335 0
1032 1335 0
1223 1335 1
1267 1335 1
1270 1335 0
1027 1336 0
944 1337 1
1020 1337 0
1335 1337 1
784 1338 1
855 1338 1
917 1338 1
1015 1338 0
434 1339 0
1111 1339 1
1335 1339 0
157 1340 1
427 1340 0
1075 1340 1
812 1341 1
1044 1341 1
359 1342 1
808 1342 1
1300 1342 0
672 1343 3
1003 1343 3
1004 1343 3
1046 1344 2
1047 1344 1
1121 1344 2
1138 1344 1
1046 1345 1
1047 1345 1
1344 1345 2
1272 1346 2
1281 1346 2
84 1347 2
1147 1347 2
1240 1347 3
1241 1347 3
612 1348 0
1047 1348 0
1217 1349 0
1151 1350 0
900 1351 0
611 1352 0
294 1353 0
934 1353 0
75 1354 1
313 1354 0
479 1354 0
806 1354 0
911 1354 0
992 1354 0
994 1354 0
1001 1354 0
1039 1354 0
1040 1354 0
1047 1354 1
1089 1354 0
1123 1354 5
1176 1354 1
1188 1354 1
1304 1354 0
1317 1354 0
1047 1355 0
1148 1355 0
667 1356 0
453 1358 2
591 1358 1
1057 1359 0
1095 1360 0
163 1362 2
1178 1362 1
1184 1362 0
640 1363 1
672 1363 2
786 1363 0
1343 1363 2
1003 1364 3
1004 1364 3
1343 1364 3
1363 1364 1
809 1365 3
812 1365 3
814 1365 3
1044 1365 3
817 1367 0
454 1368 0
991 1368 0
1333 1369 0
136 1370 1
1102 1370 1
1114 1371 0
352 1372 1
896 1372 0
904 1372 1
565 1373 0
1366 1373 0
869 1374 0
157 1375 2
560 1375 2
306 1376 1
565 1376 4
738 1376 2
288 1377 0
313 1377 1
21 1378 0
82 1378 3
173 1378 3
239 1378 2
559 1378 0
565 1378 8
575 1378 4
882 1378 2
970 1378 0
163 1379 1
163 1380 4
793 1380 1
1113 1380 1
570 1381 2
576 1381 2
1285 1382 0
1313 1382 0
152 1383 0
1383 1384 0
672 1386 1
1239 1387 0
848 1388 0
1025 1388 0
1027 1388 0
821 1389 0
1050 1389 0
1079 1389 0
1319 1391 0
1299 1392 0
905 1393 2
976 1393 1
1097 1393 0
1128 1393 0
967 1394 0
970 1396 0
905 1397 2
1287 1397 1
1393 1397 1
1383 1398 0
427 1399 0
848 1400 1
967 1400 1
562 1401 0
565 1401 0
951 1401 2
847 1402 0
1112 1403 0
163 1404 1
219 1404 1
755 1404 0
1143 1404 0
427 1405 0
783 1407 2
862 1407 2
1155 1407 3
1249 1408 0
129 1409 1
789 1409 0
958 1409 0
163 1410 1
1153 1410 1
881 1411 2
1203 1411 1
1111 1412 1
1328 1412 1
136 1413 1
1102 1413 1
788 1414 2
945 1414 2
1268 1414 1
1287 1414 1
1288 1414 0
1393 1414 0
922 1416 1
923 1416 1
726 1418 0
989 1418 0
525 1419 0
1047 1420 1
1138 1420 0
1354 1420 1
821 1421 0
1417 1421 0
550 1422 0
826 1422 2
828 1422 0
1223 1422 0
1237 1422 1
1273 1422 1
1328 1423 0
1218 1424 1
525 1425 1
684 1425 2
1354 1426 0
525 1427 0
1312 1428 1
675 1429 0
1208 1429 0
569 1430 0
1356 1430 0
698 1431 0
861 1431 0
1181 1431 0
1412 1431 0
910 1432 2
964 1432 2
965 1432 1
798 1433 1
1026 1433 0
1095 1433 1
1208 1434 0
1028 1435 1
1042 1435 2
1043 1435 1
895 1436 0
787 1437 1
891 1437 0
1287 1437 1
1393 1437 0
294 1438 2
565 1438 1
807 1438 1
53 1439 1
803 1439 1
82 1440 2
565 1440 2
1378 1440 2
941 1441 1
344 1442 2
414 1442 1
675 1442 2
1135 1442 1
1135 1444 1
1442 1444 1
344 1445 2
414 1445 1
675 1445 2
1442 1445 3
948 1446 1
1282 1446 1
566 1447 0
453 1449 1
1025 1449 1
731 1450 1
808 1450 1
1272 1451 3
1281 1451 3
1346 1451 2
157 1452 3
560 1452 2
1289 1452 1
1375 1452 2
539 1453 1
1152 1453 0
1210 1453 1
524 1454 1
1169 1454 1
793 1455 2
1069 1455 2
1153 1455 0
308 1456 0
1095 1456 0
1343 1456 0
163 1457 0
569 1457 0
826 1457 1
828 1457 0
1237 1457 1
838 1458 0
45 1459 0
57 1459 0
167 1459 0
210 1459 0
473 1459 0
566 1459 3
633 1459 1
671 1459 1
749 1459 0
775 1459 0
804 1459 0
1137 1459 1
638 1460 0
672 1460 1
924 1460 1
304 1461 0
954 1461 0
1288 1461 1
1357 1461 0
1457 1462 0
931 1463 1
999 1463 1
1053 1463 1
1361 1463 0
1399 1463 0
1405 1463 0
1406 1463 0
200 1464 0
1021 1464 0
1100 1464 0
1254 1464 0
1354 1465 0
728 1466 2
943 1466 2
1016 1466 2
163 1467 2
793 1467 2
1333 1467 2
638 1468 0
847 1468 1
848 1468 1
1003 1469 2
1004 1469 2
1364 1469 3
1456 1469 0
411 1470 0
1037 1470 0
1464 1470 0
447 1471 1
693 1471 1
1281 1471 1
1282 1471 1
878 1472 0
380 1473 1
1249 1473 1
380 1474 1
1249 1474 2
1473 1474 2
801 1475 0
1178 1476 0
1277 1476 0
1252 1477 0
1335 1478 0
1336 1478 0
136 1479 2
1102 1479 1
924 1480 0
910 1481 3
964 1481 3
965 1481 2
966 1481 3
857 1483 2
1123 1483 0
1125 1483 1
822 1484 0
931 1484 0
1057 1484 0
1092 1484 0
1197 1484 0
1220 1484 0
1237 1484 1
1430 1484 0
1482 1484 0
1159 1485 0
1252 1485 0
426 1486 0
1008 1486 1
206 1488 1
427 1488 0
611 1488 1
980 1488 0
177 1489 0
837 1489 0
206 1490 1
531 1490 0
1488 1490 1
851 1491 0
903 1491 0
1390 1491 0
1050 1492 0
611 1493 1
774 1493 0
867 1493 0
1282 1494 0
995 1495 1
1231 1495 1
1125 1496 0
580 1497 2
901 1497 0
1126 1497 2
1163 1497 0
1212 1497 2
163 1498 0
289 1498 1
582 1498 0
1049 1498 0
1071 1498 0
1163 1498 1
1351 1498 0
1483 1498 0
611 1499 0
1050 1499 1
1306 1499 2
1310 1499 1
1238 1500 0
1267 1500 0
1484 1500 0
447 1501 1
693 1501 1
1471 1501 2
577 1502 0
772 1502 0
1288 1502 0
1393 1502 0
1108 1503 2
1276 1503 2
1308 1503 2
1108 1504 3
1276 1504 3
1308 1504 3
1415 1504 2
1503 1504 5
251 1505 3
865 1505 3
932 1505 2
1108 1506 2
1276 1506 2
1308 1506 2
1415 1506 2
1504 1506 6
1108 1507 3
1308 1507 3
1503 1507 3
1504 1507 4
1506 1507 3
668 1508 0
589 1509 1
592 1509 2
1144 1509 1
790 1510 2
1234 1510 1
1357 1511 0
949 1512 1
999 1512 1
1087 1512 0
1112 1512 0
1235 1512 0
1267 1512 1
1335 1512 1
1463 1512 1
634 1513 0
785 1513 3
862 1513 2
1328 1513 1
429 1514 0
1333 1514 0
163 1515 1
936 1515 0
961 1515 1
988 1515 0
1447 1515 1
833 1516 1
1136 1516 0
1218 1516 1
963 1519 0
1177 1519 0
59 1520 5
354 1520 2
570 1520 9
834 1520 0
839 1520 6
872 1520 2
873 1520 1
874 1520 3
920 1520 1
1072 1520 2
1200 1520 1
1211 1520 0
1245 1520 2
1246 1520 1
1258 1520 1
70 1521 0
1185 1521 0
1237 1521 1
1484 1521 1
569 1522 0
1484 1522 0
343 1523 0
813 1523 0
815 1523 1
880 1523 1
1060 1523 1
1136 1523 1
570 1524 5
576 1524 4
1243 1524 2
1245 1524 4
1381 1524 2
1520 1524 3
1276 1525 3
1415 1525 2
1503 1525 2
1504 1525 4
1506 1525 3
576 1526 2
839 1526 2
1520 1526 2
1524 1526 2
211 1527 1
260 1527 3
419 1527 2
827 1527 2
909 1527 2
971 1527 1
1086 1527 1
1240 1527 1
151 1528 0
426 1528 0
1487 1528 0
565 1529 1
882 1529 1
1314 1529 0
145 1530 2
163 1530 2
1218 1530 3
1424 1530 1
66 1531 0
887 1531 1
983 1531 1
1154 1531 0
327 1532 0
558 1532 0
577 1532 0
782 1532 0
925 1532 0
1480 1532 0
1487 1532 0
781 1533 1
846 1533 1
900 1533 0
970 1533 0
1277 1533 0
289 1534 2
1122 1534 0
1148 1534 1
1163 1534 1
1278 1534 1
1498 1534 2
289 1535 1
629 1535 1
1348 1535 1
163 1536 1
207 1536 0
1518 1536 0
289 1537 1
629 1537 1
1348 1537 1
1535 1537 3
136 1539 0
378 1539 0
449 1539 1
638 1539 1
924 1539 0
565 1540 2
842 1540 1
1045 1540 0
1118 1540 0
1378 1540 1
1443 1540 0
1459 1540 0
1395 1541 0
801 1542 0
1324 1543 0
1527 1543 0
163 1544 1
566 1544 0
1206 1544 1
1086 1545 1
63 1546 0
565 1546 1
1376 1546 1
142 1547 2
227 1547 1
427 1547 1
1283 1547 2
76 1548 0
1291 1548 0
1374 1548 0
339 1549 1
84 1550 0
157 1550 0
684 1550 1
1158 1550 1
1199 1550 0
1238 1550 0
1419 1550 0
1425 1550 1
1427 1550 0
272 1551 1
914 1551 1
1212 1552 0
82 1553 0
901 1553 1
1552 1553 1
901 1554 1
951 1554 1
1401 1554 1
1552 1554 1
1553 1554 2
558 1555 0
1158 1555 1
1550 1555 1
1534 1556 0
1537 1556 0
650 1557 0
691 1557 1
163 1558 2
1136 1558 1
71 1559 1
740 1559 4
929 1559 3
456 1560 0
535 1560 0
791 1560 0
1161 1560 0
967 1561 0
355 1562 0
627 1562 0
631 1562 0
53 1563 1
357 1563 1
803 1563 2
611 1564 1
687 1564 1
745 1564 1
899 1564 2
899 1565 0
1088 1565 0
453 1566 1
1124 1566 2
1124 1567 1
1358 1567 0
1566 1567 1
430 1568 0
1053 1568 0
1328 1568 0
208 1569 1
430 1569 1
877 1569 1
1008 1569 2
1010 1569 3
1011 1569 2
1073 1569 1
1182 1569 4
1327 1569 0
1486 1569 1
634 1570 0
1109 1570 0
1111 1570 1
1164 1570 0
1339 1570 2
163 1571 2
343 1571 0
1216 1571 0
1218 1571 1
163 1572 1
1139 1572 2
163 1573 1
636 1573 2
764 1573 3
910 1573 5
1432 1573 1
1481 1573 1
484 1574 0
1017 1574 0
163 1575 2
1136 1575 1
1305 1575 1
375 1576 0
426 1576 0
1266 1576 0
343 1577 0
427 1577 1
658 1577 1
877 1578 2
1010 1578 4
1061 1578 2
1182 1578 1
1103 1579 0
689 1580 0
1577 1580 0
657 1581 0
764 1581 0
1447 1581 1
1515 1581 2
632 1582 1
1086 1582 1
1545 1582 2
900 1583 0
1164 1584 1
1328 1584 0
565 1585 1
738 1585 1
804 1585 0
1388 1586 0
1569 1587 0
1114 1588 1
1117 1588 1
910 1589 0
163 1590 1
910 1590 1
965 1590 0
33 1591 1
36 1591 1
871 1591 0
954 1591 0
1050 1591 0
405 1592 0
1161 1592 0
1176 1592 0
1293 1592 0
1298 1592 0
978 1593 0
1116 1593 0
1288 1593 1
1437 1593 0
1461 1593 1
163 1594 1
1136 1594 1
151 1595 0
836 1595 0
1301 1595 1
1576 1595 0
314 1596 1
348 1596 1
1244 1596 2
486 1597 1
1138 1597 0
1148 1597 2
1534 1597 1
780 1598 1
1139 1598 2
1572 1598 1
671 1599 0
411 1600 0
946 1600 0
1293 1600 0
224 1601 0
1155 1601 0
1428 1601 0
1429 1601 0
339 1602 1
971 1602 1
1326 1602 1
1549 1602 1
1114 1603 1
1117 1603 2
1272 1604 2
1281 1604 2
1451 1604 2
1491 1605 0
28 1606 0
409 1606 0
826 1606 0
1293 1606 0
848 1607 1
1053 1607 0
1223 1607 2
1335 1607 1
431 1608 0
949 1608 1
987 1608 0
1220 1608 0
1512 1608 1
1569 1609 0
1028 1610 1
1037 1610 1
100 1611 0
163 1611 3
1153 1611 1
1379 1611 1
1380 1611 1
1517 1612 0
99 1613 1
784 1613 0
1162 1613 0
1613 1614 1
809 1615 2
1229 1615 1
523 1616 2
565 1616 2
882 1616 2
236 1617 1
430 1617 1
1107 1617 0
1112 1618 0
1220 1618 0
99 1619 2
1613 1619 2
1614 1619 1
1177 1620 1
1180 1620 1
300 1621 0
594 1621 1
752 1621 0
824 1621 0
1194 1621 1
1448 1621 0
344 1622 1
1312 1622 2
1322 1622 0
1428 1622 1
1578 1622 0
1313 1623 0
1550 1624 0
1580 1625 0
1164 1626 1
1407 1626 0
1584 1626 1
344 1627 0
479 1627 0
1177 1627 0
1063 1628 0
1175 1628 0
796 1629 0
1150 1630 0
1195 1630 1
1203 1630 1
934 1631 0
68 1632 0
471 1632 0
1471 1633 0
74 1634 0
1252 1634 0
1214 1635 0
245 1636 0
928 1636 1
983 1636 1
1073 1636 0
157 1637 0
430 1637 0
1562 1637 0
1441 1638 0
809 1639 1
1615 1639 1
540 1640 2
603 1640 1
1121 1640 1
1345 1640 0
1355 1640 0
71 1641 0
558 1641 0
1086 1641 0
313 1642 1
986 1642 0
1377 1642 1
1475 1642 0
566 1643 0
649 1643 0
773 1643 0
868 1643 1
1189 1643 0
318 1644 0
322 1644 0
378 1644 1
462 1644 0
701 1644 0
822 1644 0
986 1644 3
1256 1644 0
1290 1644 1
1328 1644 0
1601 1644 1
204 1645 0
477 1645 0
797 1645 0
145 1646 0
943 1646 0
1355 1648 0
148 1649 1
691 1649 1
868 1649 1
1213 1649 0
1228 1649 1
1557 1649 2
1643 1649 1
163 1650 0
1466 1650 0
877 1651 2
1010 1651 3
1061 1651 2
1578 1651 3
1385 1653 0
852 1654 0
855 1654 1
1338 1654 1
1313 1655 0
527 1656 0
731 1656 0
1307 1657 0
1422 1657 0
1462 1657 0
1595 1657 0
884 1658 0
1093 1659 0
1094 1659 0
1652 1659 0
952 1660 0
1083 1660 0
109 1661 0
453 1661 1
791 1661 0
1358 1661 1
1469 1661 0
1036 1662 0
1266 1663 0
740 1664 1
804 1664 1
1559 1664 2
539 1665 0
883 1665 0
719 1666 1
1133 1666 1
740 1667 0
611 1668 2
1488 1668 1
1236 1669 0
1016 1670 0
1218 1670 0
344 1671 0
1512 1671 0
294 1672 1
696 1672 0
807 1672 1
899 1672 1
903 1672 0
1352 1672 0
1564 1672 1
910 1673 3
964 1673 3
965 1673 2
966 1673 3
1573 1673 1
1123 1674 2
1354 1674 2
163 1675 1
1153 1675 1
74 1676 0
207 1676 0
523 1676 1
565 1676 1
1146 1676 0
1120 1677 0
378 1678 0
861 1678 0
1339 1678 1
1570 1678 1
627 1679 0
1569 1679 1
1123 1680 2
1354 1680 2
1674 1680 2
1681 1682 0
740 1683 1
1198 1683 0
1559 1683 2
314 1684 1
1182 1684 2
1569 1684 2
1636 1684 0
1647 1684 0
163 1685 2
422 1685 2
1069 1685 3
1455 1685 1
837 1686 0
54 1687 1
148 1687 1
523 1687 2
773 1687 0
870 1687 1
898 1687 0
1137 1687 1
1189 1687 0
1228 1687 1
1459 1687 1
1557 1687 1
1632 1687 0
1649 1687 3
1178 1688 0
1228 1688 0
38 1689 1
163 1689 1
219 1689 3
538 1689 1
995 1690 1
1178 1690 2
163 1691 2
422 1691 1
793 1691 1
70 1692 0
228 1692 0
1484 1692 0
1228 1693 0
793 1694 1
1455 1694 1
1354 1695 0
163 1696 6
1114 1696 1
1334 1696 1
16 1697 0
804 1697 1
929 1697 1
1559 1697 4
1599 1697 0
1664 1697 2
1667 1697 0
1683 1697 1
66 1698 0
430 1698 1
686 1698 1
1626 1698 0
799 1699 1
1215 1699 0
687 1700 2
745 1700 2
1157 1700 2
33 1701 1
36 1701 1
832 1701 0
1591 1701 2
1161 1702 0
1199 1702 0
740 1703 1
1559 1703 2
1697 1703 1
687 1704 2
745 1704 2
1157 1704 2
459 1705 0
1364 1705 1
1469 1705 1
799 1706 0
1385 1706 0
1635 1706 0
824 1707 1
825 1707 1
1215 1707 2
1333 1708 0
59 1709 3
570 1709 2
839 1709 2
1520 1709 3
576 1710 0
1450 1710 0
1656 1710 0
1515 1711 1
1581 1711 1
453 1712 1
569 1712 1
1025 1712 3
1290 1712 1
41 1713 5
115 1713 3
138 1713 4
416 1713 2
468 1713 0
889 1713 3
892 1713 4
1458 1714 0
163 1715 2
793 1715 2
1386 1715 0
41 1716 3
138 1716 2
892 1716 3
1713 1716 6
163 1717 1
941 1717 1
1380 1717 1
1441 1717 1
28 1718 0
157 1718 0
201 1718 0
810 1718 0
1079 1718 0
1373 1718 0
1216 1719 0
1257 1719 1
849 1720 0
1569 1721 0
99 1722 1
1619 1722 2
1619 1723 1
1722 1723 1
1079 1724 0
1492 1724 0
1508 1724 0
1538 1724 0
921 1725 1
1265 1725 1
314 1726 1
1182 1726 2
1569 1726 3
1679 1726 1
1684 1726 3
565 1727 2
738 1727 2
1376 1727 2
129 1728 1
163 1728 4
168 1728 0
1110 1728 1
1249 1728 1
1474 1728 1
1536 1728 1
163 1729 1
1016 1729 1
1110 1729 2
1034 1730 0
1533 1730 0
888 1731 0
611 1732 1
853 1732 1
1493 1732 1
1644 1732 1
41 1733 0
904 1733 0
163 1734 2
793 1734 3
1249 1734 1
1592 1734 0
1715 1734 2
983 1735 1
1002 1735 1
1626 1735 0
1178 1736 2
1690 1736 1
380 1737 0
415 1737 0
1178 1737 1
1736 1737 1
219 1738 1
538 1738 1
1264 1738 0
1689 1738 2
641 1739 0
848 1739 0
1136 1740 0
1305 1740 0
492 1741 1
565 1741 3
601 1741 1
738 1741 1
419 1747 2
1324 1747 0
1326 1747 2
1527 1747 1
456 1748 0
611 1755 0
168 1756 0
745 1756 0
1663 1756 0
1268 1757 1
427 1760 0
571 1762 2
407 1763 0
611 1763 0
639 1763 0
745 1763 0
427 1766 1
477 1766 1
500 1767 0
1696 1769 1
1764 1770 1
1765 1770 1
1696 1771 1
990 1774 0
163 1775 2
1728 1775 1
1771 1775 0
136 1776 1
1595 1776 0
731 1778 0
134 1782 0
295 1782 1
565 1782 2
566 1782 1
48 1783 0
55 1784 2
163 1784 2
380 1784 1
844 1784 2
1184 1784 2
359 1787 1
22 1790 0
415 1790 1
523 1790 2
565 1790 1
682 1791 0
1559 1791 0
163 1792 0
430 1792 0
582 1792 0
1775 1793 2
1775 1795 2
1788 1795 2
1793 1795 4
1794 1795 2
833 1796 1
1030 1796 0
1221 1797 0
1409 1797 0
163 1799 1
727 1799 1
1424 1799 0
342 1800 1
576 1801 2
1067 1801 2
1777 1802 1
84 1803 0
99 1803 0
1804 1805 1
163 1807 0
638 1808 0
1766 1810 0
204 1811 1
427 1811 0
783 1812 2
785 1812 3
862 1812 5
1155 1812 4
1407 1812 3
1513 1812 2
503 1813 0
570 1814 2
576 1814 4
834 1814 2
1067 1814 4
1801 1814 2
238 1815 1
253 1815 1
489 1815 2
558 1816 1
559 1816 0
566 1816 1
1813 1818 0
224 1819 0
1781 1819 0
834 1821 0
1801 1821 0
1656 1822 0
102 1824 0
1595 1824 1
68 1825 1
121 1825 0
978 1825 0
979 1825 1
689 1826 0
299 1827 2
574 1827 1
567 1828 0
163 1831 0
55 1832 0
415 1832 1
1831 1832 1
415 1836 1
1831 1836 1
1832 1836 3
382 1837 1
485 1838 2
719 1838 0
290 1839 0
564 1841 0
1741 1841 0
1268 1842 1
1757 1842 2
68 1845 2
979 1845 1
1844 1845 1
1846 1847 1
163 1850 1
503 1851 0
99 1852 1
75 1854 3
75 1855 3
1854 1855 5
125 1857 1
160 1857 3
471 1859 1
548 1859 1
554 1859 1
565 1859 3
621 1859 2
1791 1859 0
548 1860 0
683 1860 0
906 1860 0
1853 1861 0
1595 1862 3
1644 1862 2
1595 1863 2
1644 1863 2
1862 1863 3
1854 1864 2
1855 1864 2
1718 1867 0
1754 1867 0
1754 1869 0
1713 1870 0
359 1871 1
163 1872 2
1257 1872 1
1696 1872 2
1771 1872 1
407 1875 1
251 1877 0
414 1877 0
578 1877 0
717 1877 0
763 1879 1
1760 1879 0
344 1881 0
745 1884 2
745 1885 2
1884 1885 3
745 1886 2
1884 1886 3
1885 1886 3
109 1888 1
507 1888 2
562 1889 0
730 1889 0
163 1890 2
1060 1890 2
58 1891 0
200 1891 0
206 1891 0
411 1891 0
1149 1891 0
1774 1891 0
1875 1891 0
102 1893 1
827 1894 2
909 1894 2
1527 1894 3
102 1895 1
638 1895 0
1893 1895 1
496 1896 1
1851 1896 0
25 1897 0
640 1897 1
732 1897 1
1003 1897 2
278 1898 0
1268 1898 1
327 1899 0
1800 1901 0
1884 1902 2
1885 1902 2
1886 1902 2
1887 1902 0
643 1904 0
55 1905 1
163 1905 1
1834 1905 0
1800 1907 1
442 1908 0
1582 1908 0
1647 1908 0
1838 1908 1
1893 1908 0
632 1909 1
1545 1909 1
1582 1909 3
705 1910 0
1668 1910 0
290 1911 0
860 1911 0
1098 1911 0
1719 1911 0
304 1912 0
416 1913 0
1803 1913 0
427 1914 0
1796 1917 0
1290 1918 1
638 1919 1
1007 1919 1
1874 1920 0
523 1921 1
1408 1921 1
570 1922 2
576 1922 2
71 1923 0
345 1924 0
748 1926 1
1846 1927 2
1847 1927 1
74 1928 1
667 1928 1
1923 1928 1
523 1931 1
1408 1931 1
1921 1931 3
18 1932 1
576 1932 0
745 1932 1
1912 1932 0
36 1933 0
748 1933 0
76 1934 0
423 1934 1
558 1934 3
1816 1934 1
611 1935 1
107 1937 0
389 1937 0
623 1937 1
1064 1937 1
1764 1938 1
1765 1938 1
1770 1938 2
860 1940 0
748 1941 1
1926 1941 1
163 1943 1
1696 1943 1
1936 1943 0
1259 1944 0
342 1945 2
729 1945 2
1030 1946 0
1746 1948 0
503 1952 2
98 1954 0
321 1954 0
978 1954 0
735 1956 2
565 1957 0
120 1959 0
177 1959 0
1949 1960 0
574 1962 1
1827 1962 1
286 1963 2
378 1963 2
102 1964 0
1595 1964 3
1644 1964 2
1862 1964 4
1863 1964 3
712 1965 0
757 1965 0
1825 1966 0
695 1967 0
527 1968 0
1774 1968 1
163 1971 1
995 1971 0
1696 1971 1
129 1973 1
247 1973 0
36 1974 0
667 1974 1
427 1975 0
565 1975 0
1854 1976 0
1713 1978 1
68 1979 1
1844 1979 1
1845 1979 2
262 1980 0
758 1980 0
1915 1981 0
41 1982 2
1713 1982 3
1716 1982 3
995 1985 1
1231 1985 1
70 1986 0
569 1986 0
1329 1986 0
1882 1989 0
121 1990 0
201 1990 0
233 1990 0
1713 1991 2
1716 1991 1
1713 1992 1
276 1993 2
342 1993 4
729 1993 2
1945 1993 2
1800 1994 1
1800 1995 2
1907 1995 1
1994 1995 2
1996 1997 0
1873 1998 0
427 1999 0
467 2000 0
833 2001 1
1796 2001 1
1713 2002 2
1999 2003 1
672 2004 2
1824 2006 0
68 2007 0
1779 2007 0
1780 2007 0
1835 2011 1
102 2012 0
378 2012 0
74 2013 0
562 2014 1
1828 2014 1
342 2016 2
467 2016 1
1800 2016 1
1479 2017 0
1582 2017 1
562 2018 1
1828 2018 1
2014 2018 2
157 2019 0
1857 2020 0
87 2021 0
157 2021 0
2008 2022 2
427 2024 0
737 2024 0
1778 2024 0
1932 2024 0
570 2026 2
576 2026 3
1922 2026 2
465 2027 1
565 2027 1
636 2027 0
308 2028 0
1003 2028 0
503 2029 1
1818 2029 0
1952 2029 2
743 2030 4
744 2030 3
344 2032 1
430 2033 0
453 2034 0
558 2034 0
577 2034 0
2015 2034 1
858 2035 2
1084 2035 1
288 2037 0
1584 2037 1
985 2038 0
163 2039 2
1060 2039 2
1890 2039 2
574 2040 3
672 2040 3
1006 2040 2
1924 2040 0
2004 2040 2
1744 2041 0
378 2042 0
80 2044 0
427 2044 1
1149 2044 0
638 2045 0
268 2046 1
616 2046 1
1854 2048 0
611 2050 1
1969 2051 0
1483 2052 0
109 2053 2
488 2053 1
109 2054 2
591 2054 1
640 2054 2
2053 2054 2
271 2056 0
790 2057 1
1510 2057 1
755 2058 1
757 2058 1
453 2059 0
857 2060 1
1483 2060 1
96 2061 0
215 2061 0
2052 2062 0
2060 2062 0
2061 2062 0
1777 2064 1
1802 2064 1
1985 2065 0
159 2066 2
985 2066 1
2062 2066 0
1792 2067 0
355 2068 0
260 2069 0
1809 2071 0
36 2072 0
667 2072 1
1818 2073 0
1636 2074 0
1647 2074 1
1855 2075 0
211 2076 1
772 2076 0
1324 2076 0
1527 2076 1
163 2077 2
743 2077 3
744 2077 3
2030 2077 2
295 2078 0
1459 2078 0
1983 2078 0
1428 2079 0
1290 2080 1
1910 2081 2
1775 2082 2
1793 2082 3
1795 2082 4
299 2083 1
1827 2083 1
1093 2085 1
1094 2085 1
1231 2086 0
2065 2086 0
1257 2087 1
1911 2087 0
248 2088 0
776 2088 0
1527 2088 2
357 2089 0
714 2089 0
1117 2089 2
1261 2089 1
1530 2089 0
1603 2089 1
1965 2089 0
1260 2090 0
303 2091 0
585 2091 0
1539 2091 0
1944 2091 0
453 2092 0
2015 2092 0
283 2093 0
1990 2093 0
157 2095 1
2056 2095 0
1994 2097 1
1995 2097 1
453 2098 2
453 2099 1
456 2099 1
569 2099 1
2098 2099 1
1961 2100 1
144 2102 0
189 2102 1
415 2103 0
403 2104 1
735 2106 1
1750 2106 0
613 2107 2
1865 2107 0
1953 2107 0
2046 2107 0
1172 2108 0
1898 2108 1
299 2110 1
1827 2110 1
2047 2111 0
365 2112 1
1923 2114 1
1928 2114 2
276 2115 0
2000 2115 0
163 2116 1
1775 2116 1
565 2118 1
1798 2120 0
66 2122 0
75 2122 2
1854 2122 3
1855 2122 3
1864 2122 2
649 2123 0
74 2124 1
1928 2124 2
2114 2124 1
2116 2125 0
426 2126 0
1329 2127 0
2030 2128 0
2030 2130 0
1892 2131 0
2030 2131 0
382 2132 1
1837 2132 1
1925 2133 1
134 2135 0
2012 2135 0
2023 2135 0
430 2137 0
431 2137 0
1718 2138 0
995 2139 0
623 2140 0
1268 2140 1
1898 2140 2
2108 2140 1
2096 2142 0
1326 2144 0
1894 2144 0
638 2146 0
1003 2146 3
1004 2146 1
1897 2146 2
2019 2147 0
2136 2148 0
1955 2149 2
1192 2150 0
1954 2150 2
1109 2151 0
1584 2151 1
2037 2151 1
1277 2152 0
115 2153 1
889 2153 1
1713 2153 6
1716 2153 2
1977 2153 2
1982 2153 2
1992 2153 1
2002 2153 1
2008 2153 2
2022 2153 2
2025 2153 0
2119 2154 0
591 2155 0
453 2156 1
2098 2156 1
66 2157 1
288 2157 1
1498 2158 0
1910 2159 2
2081 2159 1
1747 2160 1
1326 2161 0
745 2162 0
1849 2163 0
5 2164 0
515 2164 0
1749 2164 0
2094 2164 0
129 2165 3
538 2165 2
745 2165 0
1143 2165 0
260 2166 2
772 2166 1
776 2166 0
971 2166 1
1527 2166 3
772 2167 1
2088 2167 0
2161 2167 0
2166 2167 1
1363 2168 0
1290 2169 0
1325 2170 0
344 2171 1
638 2171 0
2031 2171 0
2032 2171 1
136 2172 1
159 2172 1
163 2173 1
636 2173 1
846 2173 1
636 2174 3
764 2174 3
1573 2174 2
120 2175 0
163 2175 5
1009 2175 0
1257 2175 4
1362 2175 1
1696 2175 2
1719 2175 1
1745 2175 0
1940 2175 1
2087 2175 1
1914 2176 0
163 2177 0
1883 2177 0
1788 2178 2
1793 2178 3
1794 2178 2
1795 2178 6
2082 2178 3
321 2179 0
2150 2179 1
1500 2180 0
1788 2181 2
1793 2181 2
1795 2181 3
2143 2181 0
2178 2181 3
591 2182 0
1003 2182 2
1748 2182 0
1835 2182 1
1897 2182 2
2011 2182 2
2146 2182 2
1954 2183 1
2150 2183 3
2179 2183 1
2109 2185 0
531 2187 0
2149 2188 2
2188 2189 2
1955 2190 2
2149 2190 3
2188 2190 3
2189 2190 3
362 2191 0
177 2192 0
1743 2192 0
129 2193 2
538 2193 2
2165 2193 2
1955 2194 2
2149 2194 3
2188 2194 3
2189 2194 2
2190 2194 4
286 2195 2
378 2195 2
1963 2195 2
163 2196 1
380 2196 1
938 2196 0
430 2197 0
1560 2198 0
1184 2199 1
1784 2199 1
2133 2199 0
163 2200 0
1797 2200 0
1969 2200 0
163 2202 3
1303 2202 1
1571 2202 1
1980 2202 0
881 2203 2
1411 2203 1
163 2204 1
636 2204 1
846 2204 1
2173 2204 3
1799 2205 0
1911 2206 0
1925 2206 1
1984 2206 1
2133 2206 1
2175 2206 0
79 2207 0
1786 2207 0
126 2208 0
1761 2208 0
1808 2210 0
854 2211 0
1232 2211 0
1971 2211 0
2121 2212 0
1259 2213 0
2126 2213 0
420 2214 0
344 2215 1
551 2215 0
675 2215 1
1877 2215 0
2057 2215 0
1007 2217 0
2021 2218 0
2049 2218 0
1977 2219 1
2008 2219 2
2022 2219 2
2153 2219 3
129 2220 1
290 2220 0
1409 2220 2
1940 2220 0
1950 2220 1
1958 2220 1
2139 2220 1
566 2221 1
1459 2221 2
1527 2221 0
1757 2221 0
1954 2222 1
2150 2222 1
190 2223 1
510 2223 1
519 2223 2
2214 2223 0
1827 2224 0
256 2225 0
1608 2225 0
1732 2225 1
1950 2226 1
1958 2226 1
2139 2226 1
2220 2226 4
667 2227 2
1923 2227 0
1974 2227 1
2072 2227 1
127 2228 0
1093 2228 1
1094 2228 1
2068 2228 0
2085 2228 2
344 2229 0
1428 2229 0
157 2230 1
608 2230 1
611 2230 1
2095 2230 1
136 2231 1
163 2232 0
411 2232 0
2058 2232 0
636 2233 0
703 2233 0
2201 2233 0
2208 2234 0
2208 2235 0
2170 2237 0
587 2239 0
1366 2239 3
1994 2241 0
1910 2242 1
831 2243 0
2243 2244 0
87 2245 0
2243 2245 0
145 2248 2
163 2248 2
2175 2249 0
1696 2250 1
1940 2250 1
2175 2250 2
145 2251 2
163 2251 2
2220 2252 0
2213 2253 0
2039 2254 0
427 2255 1
22 2257 0
247 2257 0
1767 2257 0
1768 2257 0
427 2258 0
1887 2258 0
163 2259 2
1257 2259 2
1959 2259 0
2175 2259 2
611 2260 1
1719 2261 0
2087 2261 0
2206 2261 0
2259 2261 0
2236 2262 2
2247 2263 1
163 2265 0
74 2266 2
345 2266 2
2196 2267 0
1753 2268 0
480 2270 1
667 2270 1
2043 2270 0
2238 2271 0
2249 2271 0
2250 2271 0
2252 2271 0
2259 2271 0
1176 2272 0
1866 2272 0
163 2274 0
2237 2274 0
1120 2275 0
2191 2275 0
2268 2275 1
30 2276 0
486 2276 0
1864 2276 0
1277 2277 0
1931 2277 1
2252 2277 0
2269 2277 0
1806 2279 0
145 2280 2
163 2280 2
1134 2281 0
1686 2282 1
2217 2282 0
74 2284 0
1293 2284 0
2278 2284 0
2283 2284 0
2138 2285 0
145 2286 2
163 2286 2
2280 2286 2
560 2287 0
1759 2288 1
1804 2289 1
1805 2289 1
344 2290 2
378 2290 3
585 2290 3
1275 2290 4
2213 2290 0
344 2291 2
378 2291 3
585 2291 3
1275 2291 4
2290 2291 4
1111 2292 0
1899 2292 0
2140 2292 0
1937 2293 0
66 2294 0
649 2294 0
1140 2294 0
163 2295 1
427 2295 0
881 2295 0
145 2296 3
163 2296 3
2248 2296 2
2251 2296 2
163 2298 1
75 2299 2
1854 2299 2
1855 2299 2
479 2300 1
1337 2300 0
1901 2301 0
1907 2301 0
403 2302 1
1353 2302 0
1880 2302 0
2104 2302 1
2111 2302 0
858 2303 1
1951 2303 0
2035 2303 1
908 2304 0
2297 2304 0
321 2305 0
2150 2305 1
2183 2305 1
427 2306 0
2049 2306 0
406 2307 0
1772 2307 0
1939 2307 0
240 2308 1
403 2309 0
538 2309 0
681 2309 0
1325 2309 0
1969 2309 0
66 2310 0
318 2310 0
161 2311 0
2285 2311 0
521 2312 2
1082 2312 2
1259 2312 2
2208 2313 0
2187 2314 0
109 2315 0
2287 2315 0
163 2316 3
743 2316 4
744 2316 3
2030 2316 3
1353 2317 0
491 2318 0
1977 2318 1
2153 2318 1
227 2319 0
2131 2319 0
1853 2320 0
2186 2321 0
2187 2321 0
359 2322 2
492 2323 1
788 2323 1
1268 2323 2
1161 2324 0
611 2325 0
745 2325 0
317 2326 1
508 2326 1
2324 2326 0
76 2327 0
1924 2327 0
2015 2327 1
2034 2327 1
1782 2328 0
672 2329 0
1290 2329 2
1428 2329 0
1918 2329 1
2080 2329 1
1631 2330 2
1696 2330 1
1769 2330 1
571 2331 1
1117 2332 0
102 2333 1
318 2333 0
2135 2333 1
54 2334 0
209 2334 0
602 2334 0
1588 2334 0
1790 2334 0
1832 2334 1
1836 2334 1
1917 2334 0
2103 2334 0
2332 2334 0
74 2335 0
745 2336 0
2218 2337 0
1024 2338 0
1478 2338 0
1986 2338 0
2127 2338 0
344 2339 1
675 2339 1
2126 2339 0
611 2340 1
1935 2340 1
559 2341 0
623 2341 1
788 2341 1
1172 2341 1
1757 2341 1
1842 2341 1
381 2342 0
497 2342 0
1270 2342 0
2151 2342 0
2197 2342 0
208 2343 1
430 2343 1
1337 2343 0
1618 2343 0
2005 2345 0
397 2346 0
1301 2346 1
1595 2346 1
1967 2346 0
1303 2347 0
2254 2347 0
2265 2347 0
1783 2348 0
1929 2349 0
1004 2350 0
2168 2350 0
1772 2351 0
611 2352 0
2055 2352 0
415 2353 0
2334 2353 0
400 2354 2
453 2354 1
555 2354 2
556 2354 2
217 2355 0
763 2355 1
1879 2355 1
1105 2356 0
1705 2356 0
2246 2356 0
1656 2357 0
66 2359 1
400 2360 1
556 2360 1
574 2360 3
672 2360 4
1006 2360 2
1386 2360 1
2004 2360 2
2040 2360 4
2273 2360 0
2354 2360 2
139 2361 0
163 2361 1
2175 2361 1
2216 2361 0
1870 2362 0
129 2363 2
163 2363 1
1719 2363 0
1969 2363 0
2165 2363 1
862 2364 1
1644 2364 0
1812 2364 1
2189 2365 1
2190 2365 1
1910 2366 3
2081 2366 1
1833 2367 0
85 2368 1
465 2368 1
256 2369 0
426 2369 0
2321 2370 0
583 2371 1
1126 2371 2
1126 2372 1
916 2373 1
1366 2373 3
916 2374 1
1366 2374 2
2373 2374 3
1910 2375 2
359 2376 2
468 2377 1
491 2377 1
2025 2377 0
611 2378 2
1668 2378 1
2050 2378 1
2335 2378 0
1984 2379 1
2206 2379 1
215 2380 0
288 2380 0
485 2380 3
1838 2380 2
2294 2380 0
687 2381 0
1606 2381 0
2013 2382 0
427 2383 0
1820 2383 0
611 2385 1
2386 2387 0
427 2388 0
345 2389 1
36 2390 0
74 2390 0
76 2390 0
2227 2390 0
507 2391 2
1925 2392 0
496 2393 2
663 2393 1
1813 2393 0
1896 2393 1
1952 2393 1
2029 2393 1
163 2396 1
503 2396 1
1583 2396 1
1952 2396 1
2203 2397 1
583 2398 0
1498 2398 0
2184 2398 0
2372 2398 0
136 2399 0
2398 2399 0
122 2400 2
124 2400 2
127 2400 2
1916 2400 0
1988 2401 0
1921 2402 1
1931 2402 1
649 2403 1
1459 2404 1
2221 2404 1
881 2405 2
1119 2405 1
2203 2405 2
2397 2405 1
2078 2406 0
1631 2407 0
523 2408 0
1975 2408 0
2145 2408 0
174 2409 0
477 2409 0
638 2409 0
1644 2409 0
1869 2409 0
2027 2409 0
204 2410 1
1811 2410 1
2049 2410 0
427 2412 1
1758 2412 0
2255 2412 1
668 2413 0
1366 2413 2
1718 2413 0
2239 2413 1
2373 2413 1
668 2414 0
1366 2414 2
1718 2414 0
2239 2414 1
2373 2414 1
1112 2415 0
1910 2416 2
2375 2416 1
157 2417 0
2141 2418 1
2345 2418 1
492 2419 1
1268 2419 1
2323 2419 2
1527 2420 0
2169 2420 0
74 2421 4
115 2421 0
263 2421 1
345 2421 3
1829 2421 0
1856 2421 0
1868 2421 0
1906 2421 0
2266 2421 2
2389 2421 1
359 2422 2
2376 2422 3
550 2423 0
853 2423 1
862 2423 0
881 2423 0
1161 2423 1
1191 2423 0
1601 2423 1
1644 2423 2
1732 2423 3
2225 2423 1
1428 2424 0
62 2425 2
423 2425 1
788 2425 1
2341 2425 1
344 2426 1
638 2426 1
1007 2426 2
1686 2426 1
1919 2426 3
2126 2426 0
2282 2426 1
318 2427 0
507 2427 3
1888 2427 1
2391 2427 2
2394 2427 0
44 2428 0
116 2428 0
225 2428 0
760 2428 0
1860 2428 0
2021 2428 0
2042 2428 0
1143 2429 0
2152 2429 0
2281 2429 0
2317 2429 1
294 2430 0
682 2430 0
1860 2430 0
426 2431 0
1919 2431 1
2426 2431 1
1755 2432 0
105 2434 1
1326 2434 2
1747 2434 2
2069 2434 0
2160 2434 1
2236 2435 1
2262 2435 1
427 2437 0
745 2437 0
2433 2437 0
92 2438 0
2091 2438 0
407 2439 1
1875 2439 1
66 2441 0
344 2441 0
71 2442 1
523 2442 1
565 2442 2
929 2442 1
2118 2442 1
1339 2443 0
2338 2443 0
2343 2443 0
500 2444 0
2257 2444 0
2268 2445 1
2275 2445 1
129 2446 1
247 2446 0
378 2447 0
2010 2447 0
427 2448 0
519 2448 0
2311 2448 0
1881 2449 1
2158 2449 0
1498 2450 0
1881 2450 1
2449 2450 1
129 2451 3
163 2451 1
1973 2451 1
2446 2451 1
1315 2452 1
427 2453 0
881 2454 0
1058 2454 0
1342 2454 0
2129 2454 0
453 2455 1
456 2455 0
2354 2455 1
41 2456 0
48 2456 0
1029 2456 0
1742 2456 0
690 2457 0
1980 2457 0
2242 2458 0
2366 2458 1
553 2459 0
2384 2460 0
1076 2461 1
1078 2461 1
401 2462 0
1986 2462 0
558 2463 1
1934 2463 1
1817 2464 0
228 2465 0
638 2465 0
2057 2465 0
831 2466 0
1830 2466 0
2240 2466 0
323 2467 0
2155 2467 0
2467 2468 0
1789 2469 0
1230 2470 0
1277 2470 0
2101 2470 0
2245 2471 0
565 2472 0
434 2473 0
551 2473 0
1192 2473 0
62 2474 1
2078 2474 0
2425 2474 1
574 2475 1
591 2475 1
640 2475 3
1363 2475 1
2246 2475 0
294 2476 0
2472 2476 0
2220 2478 1
2226 2478 1
2128 2479 0
2319 2479 0
523 2480 1
565 2480 3
566 2480 2
653 2480 0
1858 2481 0
1854 2482 2
1855 2482 1
2123 2482 0
1003 2483 1
1004 2483 1
1848 2483 0
986 2484 3
1644 2484 3
173 2485 4
565 2485 5
566 2485 4
575 2485 3
749 2485 0
1378 2485 3
1816 2485 1
2480 2485 2
1970 2486 0
52 2487 1
136 2487 0
430 2487 1
1823 2487 0
1910 2488 0
643 2489 0
1126 2489 2
2371 2489 1
2372 2489 1
1807 2490 0
1981 2491 0
577 2492 0
1900 2492 0
2461 2492 0
1428 2493 0
2426 2493 0
2063 2494 0
58 2495 0
571 2495 2
1762 2495 2
613 2496 2
2107 2496 2
1915 2497 0
359 2498 3
2147 2498 1
2322 2498 3
203 2499 1
359 2499 9
863 2499 0
1068 2499 2
1418 2499 0
1787 2499 1
1871 2499 1
1935 2499 0
2147 2499 1
2322 2499 3
2357 2499 0
2376 2499 3
2385 2499 0
2422 2499 3
2498 2499 4
1068 2500 1
2322 2500 2
2376 2500 2
2422 2500 2
2498 2500 2
2499 2500 5
611 2501 1
2260 2501 1
717 2502 0
2358 2503 0
1536 2504 0
1663 2504 0
359 2505 1
611 2505 0
2499 2505 1
1910 2506 4
2366 2506 3
2416 2506 1
2458 2506 1
371 2507 0
2239 2507 0
2373 2507 1
2374 2507 1
322 2508 0
632 2508 0
1235 2508 0
2137 2508 0
517 2509 0
1962 2509 0
416 2510 1
1713 2510 4
1977 2510 0
1978 2510 1
1991 2510 1
2002 2510 1
2362 2510 0
2083 2511 0
2141 2511 1
2320 2511 0
2345 2511 1
2418 2511 2
1930 2512 0
74 2513 1
310 2513 1
1366 2513 2
2239 2513 1
2374 2513 1
485 2514 2
1838 2514 3
1908 2514 1
2380 2514 2
1999 2515 1
2003 2515 1
1946 2516 0
163 2518 1
2298 2518 1
2264 2519 0
66 2520 1
2359 2520 1
145 2521 1
163 2521 1
2164 2521 0
2275 2522 0
260 2524 2
1527 2524 4
1894 2524 1
2088 2524 1
2166 2524 2
1527 2525 1
2088 2525 1
2448 2526 0
735 2527 1
1956 2527 1
1961 2527 1
2100 2527 1
1858 2528 0
2294 2529 0
2521 2529 0
2090 2530 0
2415 2530 0
76 2532 1
518 2532 2
766 2532 1
2417 2532 0
2517 2533 0
2009 2534 0
1668 2535 0
2176 2535 0
502 2536 0
1957 2536 0
451 2537 0
1846 2537 1
1927 2537 1
2198 2537 0
2325 2538 0
1322 2539 0
1428 2539 0
2213 2539 0
157 2540 0
160 2540 1
611 2540 0
1857 2540 1
638 2541 1
686 2541 0
2236 2542 1
2262 2542 1
136 2543 3
159 2543 2
1479 2543 1
1776 2543 1
2409 2543 0
2440 2543 0
1773 2545 0
1794 2545 2
1795 2545 3
2082 2545 2
2178 2545 3
276 2546 2
342 2546 2
1993 2546 2
2492 2547 0
507 2548 2
2391 2548 2
2427 2548 2
193 2549 2
280 2549 2
519 2549 3
2045 2550 0
523 2551 0
2473 2551 0
576 2552 1
2026 2552 1
1875 2553 0
163 2554 1
1850 2554 1
858 2556 0
1904 2556 0
163 2557 0
430 2557 1
686 2557 1
1947 2557 0
450 2558 0
2514 2558 0
51 2559 0
260 2559 0
841 2559 0
1241 2559 0
1747 2559 0
2076 2559 0
251 2560 2
323 2560 0
649 2560 0
865 2560 2
1505 2560 2
2555 2560 0
485 2561 1
719 2561 0
1527 2561 0
1908 2561 0
2380 2561 1
668 2562 0
1366 2562 0
163 2563 2
219 2563 1
1583 2563 1
2220 2563 0
2396 2563 2
163 2564 2
1159 2564 1
1558 2564 1
1785 2564 0
2157 2565 0
62 2566 0
2531 2566 0
359 2567 1
2498 2567 1
289 2568 1
583 2568 0
612 2568 1
717 2568 0
2544 2568 0
1820 2569 0
480 2570 1
667 2570 2
1806 2570 0
1928 2570 1
268 2571 1
613 2571 3
1878 2571 0
2107 2571 2
2496 2571 2
365 2572 1
2112 2572 1
1942 2573 0
427 2574 0
2107 2574 0
1910 2575 2
2366 2575 2
2388 2575 0
2506 2575 2
1051 2576 0
1020 2577 0
2180 2577 0
2342 2577 0
2367 2577 0
2508 2577 0
99 2578 1
2279 2579 0
2336 2579 0
52 2580 0
136 2580 0
1819 2580 0
1823 2580 0
649 2581 1
2403 2581 1
409 2582 0
411 2582 0
462 2582 0
1718 2582 0
2178 2582 0
102 2583 1
378 2583 0
1173 2583 0
1423 2583 0
2135 2583 1
2310 2583 0
2333 2583 2
1263 2585 0
1809 2585 0
1830 2585 0
2441 2585 0
1647 2586 0
1889 2586 0
2113 2586 0
2162 2586 0
2486 2586 0
2312 2587 0
2301 2588 0
344 2589 0
2329 2589 0
2424 2589 0
388 2590 0
420 2590 1
519 2590 1
2421 2590 0
2126 2591 0
2253 2591 0
2427 2591 0
2431 2591 0
99 2592 1
1852 2592 1
430 2593 1
634 2593 1
2342 2593 0
411 2594 0
2306 2594 0
1315 2595 1
2452 2595 1
2562 2595 0
1698 2597 0
2256 2597 0
854 2598 0
956 2598 0
1230 2598 0
1232 2598 0
1631 2598 1
2330 2598 1
2162 2599 0
163 2600 1
523 2600 1
1409 2600 1
2220 2600 1
2070 2602 0
1756 2603 0
163 2604 0
168 2604 0
1631 2604 1
2330 2604 1
951 2605 1
986 2605 0
1401 2605 1
2502 2605 0
527 2606 1
2337 2606 0
2459 2606 0
1987 2607 0
2074 2607 0
2310 2607 0
2369 2607 0
519 2608 1
2549 2608 1
344 2609 0
2079 2609 0
2080 2609 0
2337 2610 0
1763 2611 0
2606 2611 0
26 2612 0
724 2612 0
1903 2612 0
1756 2613 0
986 2614 3
1644 2614 3
2484 2614 3
1647 2615 1
2074 2615 1
2084 2615 0
986 2616 3
1644 2616 3
2484 2616 3
2614 2616 3
228 2617 0
344 2617 1
1275 2617 1
1428 2617 0
2091 2617 0
453 2618 1
1269 2618 1
2509 2618 0
328 2619 0
1774 2619 1
1968 2619 1
1972 2620 0
2105 2621 0
2033 2622 0
2113 2623 0
1204 2624 0
1878 2624 0
1931 2624 1
2277 2624 1
2317 2624 1
2429 2624 1
2612 2625 0
1843 2626 0
2399 2626 0
2423 2627 0
565 2628 2
738 2628 2
565 2629 2
738 2629 2
2536 2629 0
2628 2629 2
1826 2630 0
2601 2631 0
2584 2632 0
2011 2633 1
2182 2633 1
1197 2634 0
1876 2634 0
136 2635 1
2231 2635 1
479 2636 1
2300 2636 1
163 2638 1
2202 2638 1
2117 2639 0
2070 2640 0
380 2641 0
1745 2641 0
523 2642 1
565 2642 1
2368 2642 0
2470 2643 1
2134 2644 0
1854 2645 1
2482 2645 1
2470 2646 1
2643 2646 1
2430 2647 0
1889 2648 0
249 2649 0
735 2649 2
1956 2649 1
2106 2649 1
2436 2649 0
204 2650 0
2215 2650 0
1062 2651 0
2059 2651 0
240 2652 1
2308 2652 1
2637 2652 0
456 2653 1
672 2653 2
1363 2653 1
2028 2653 0
74 2654 1
2421 2654 1
1975 2655 0
799 2656 1
1699 2656 1
2626 2656 0
1161 2657 1
2423 2657 1
427 2658 1
477 2658 2
566 2658 1
691 2658 0
843 2658 0
1559 2658 0
1860 2658 0
2647 2658 0
163 2659 2
743 2659 3
2030 2659 2
2316 2659 3
558 2660 0
577 2660 0
1933 2660 0
1910 2661 4
2159 2661 1
2242 2661 1
2375 2661 1
2506 2661 1
527 2662 1
1822 2662 0
2606 2662 1
1781 2663 0
2229 2663 0
189 2664 1
415 2664 1
712 2664 1
2102 2664 1
2395 2665 0
451 2666 0
2411 2666 0
2453 2666 0
163 2667 1
2295 2667 1
2381 2667 0
2429 2667 0
2504 2667 0
2365 2668 0
2596 2669 0
253 2670 1
489 2670 1
1815 2670 2
1815 2671 0
465 2672 1
565 2672 1
636 2672 0
2409 2672 0
163 2673 1
638 2673 1
995 2673 0
1224 2673 1
2541 2673 1
159 2674 2
1352 2674 0
2066 2674 1
2543 2674 1
1256 2675 0
1595 2675 3
1824 2675 1
1862 2675 2
1964 2675 2
611 2676 1
1787 2676 0
2385 2676 1
1339 2677 0
1582 2677 2
1909 2677 1
2017 2677 1
2338 2677 0
2477 2678 0
2576 2678 0
99 2679 1
2578 2679 1
101 2680 0
157 2680 0
2596 2680 0
78 2681 0
160 2681 1
1857 2681 1
48 2682 0
2348 2682 0
427 2683 1
668 2683 0
687 2683 0
2044 2683 1
2523 2684 0
2053 2685 1
2054 2685 1
101 2686 0
916 2686 0
2596 2686 0
636 2687 2
764 2687 2
2174 2687 2
1784 2688 0
1839 2688 0
1840 2688 0
2216 2688 0
1975 2689 0
2209 2689 0
591 2690 0
2053 2690 0
1751 2691 0
1370 2692 0
2038 2692 0
2172 2692 0
2025 2693 0
571 2694 3
1762 2694 2
2331 2694 1
2495 2694 2
2057 2695 0
2198 2695 0
98 2696 0
672 2696 0
2036 2696 0
2695 2696 0
1759 2697 2
2288 2697 1
1759 2698 1
2697 2698 2
2153 2699 0
2697 2700 1
2698 2700 1
2247 2701 1
2263 2701 1
881 2702 0
2624 2702 0
1221 2703 0
1409 2703 0
2200 2703 0
209 2704 0
2407 2704 0
1784 2705 0
1839 2705 0
1840 2705 0
2216 2705 0
1046 2706 0
1138 2706 0
1640 2706 0
1752 2706 0
774 2707 0
1389 2707 0
2344 2707 0
