3 8 1
5 9 2
6 9 3
0 10 2
2 10 1
5 13 2
6 13 4
9 13 6
0 14 1
3 14 0
0 15 1
14 16 4
1 17 1
6 17 3
9 17 3
13 17 3
15 18 2
1 19 1
7 19 2
8 20 1
16 20 2
18 20 0
18 21 3
17 22 0
14 24 0
15 24 2
18 24 4
17 25 1
1 26 1
25 26 1
1 27 2
7 27 0
17 27 2
25 27 2
26 27 2
1 28 0
8 28 1
20 28 2
10 29 0
18 29 4
21 29 3
24 29 3
7 30 1
19 30 1
28 30 1
17 31 0
9 32 1
13 32 1
12 33 0
14 33 7
16 33 4
21 33 1
14 34 2
33 34 2
29 35 0
1 36 0
20 36 0
23 36 0
8 37 1
14 37 5
16 37 2
21 37 2
33 37 6
34 37 2
36 37 1
14 38 4
16 38 3
20 38 2
33 38 3
36 39 0
0 40 2
7 40 0
14 40 4
15 40 1
33 40 2
36 40 1
37 40 3
1 41 1
9 41 2
13 41 3
0 42 2
2 42 1
10 42 3
30 42 1
14 43 3
29 43 0
33 43 3
37 43 2
38 43 2
2 44 0
20 44 1
34 44 0
38 44 1
8 45 2
15 45 3
18 45 5
21 45 4
23 45 1
24 45 4
29 45 4
37 45 2
43 46 0
0 47 2
10 47 2
20 47 1
28 47 2
30 47 2
42 47 3
34 49 0
46 49 0
14 50 2
16 50 3
20 50 1
33 50 2
42 50 0
45 50 1
4 51 0
11 51 0
18 51 4
21 51 3
23 51 1
24 51 3
29 51 4
45 51 6
50 51 1
14 52 2
29 52 0
38 52 1
40 52 1
43 53 0
1 54 2
6 54 2
7 54 1
13 54 3
19 54 2
41 54 3
15 55 0
51 55 0
5 56 0
6 56 0
5 57 2
6 57 4
9 57 5
13 57 6
17 57 3
39 57 0
41 57 3
48 57 0
54 57 3
38 58 0
3 59 1
8 59 2
15 59 1
36 59 0
45 59 2
32 60 0
2 61 0
37 61 0
53 61 0
