0 1 15
0 2 18
1 2 14
0 3 4
1 3 4
2 3 5
0 4 2
0 5 11
1 5 9
2 5 11
4 5 2
0 6 11
1 6 9
2 6 9
5 6 7
0 7 5
1 7 4
2 7 5
5 7 5
0 8 10
1 8 8
2 8 8
6 8 7
0 9 6
1 9 6
6 9 4
8 9 6
0 10 9
1 10 7
2 10 9
3 10 4
0 11 1
2 11 1
0 12 12
1 12 9
2 12 10
4 12 3
5 12 9
6 12 9
8 12 8
0 13 4
12 13 3
0 14 3
6 14 3
13 14 5
0 15 10
1 15 10
2 15 8
5 15 6
6 15 7
8 15 9
9 15 11
12 15 8
13 15 6
0 16 1
0 17 12
1 17 8
2 17 11
5 17 6
10 17 7
12 17 5
0 18 7
1 18 7
2 18 8
6 18 3
10 18 7
17 18 6
0 19 5
1 19 5
2 19 8
10 19 5
18 19 6
0 20 5
2 20 12
8 20 7
17 20 5
0 21 12
1 21 13
2 21 12
3 21 4
5 21 8
6 21 6
7 21 4
8 21 5
10 21 7
12 21 7
17 21 8
19 21 4
0 22 5
2 22 11
14 22 1
17 22 7
20 22 10
0 23 8
1 23 7
8 23 6
9 23 17
12 23 5
13 23 13
15 23 10
16 23 3
0 24 5
10 24 2
17 24 7
20 24 4
22 24 6
0 25 2
17 25 2
24 25 2
0 26 6
2 26 6
5 26 5
10 26 5
17 26 7
18 26 12
21 26 6
0 27 5
2 27 6
5 27 6
6 27 4
7 27 3
12 27 4
0 28 0
0 29 4
8 29 4
9 29 5
15 29 11
23 29 5
0 30 0
1 31 1
21 31 1
1 32 3
13 32 5
14 32 2
15 32 4
23 32 5
1 33 6
2 33 5
5 33 4
9 33 6
13 33 5
14 33 2
15 33 9
16 33 1
23 33 10
27 33 4
29 33 3
32 33 5
1 34 0
1 35 0
1 36 0
1 37 3
17 37 5
18 37 6
21 37 3
22 37 3
26 37 4
2 38 10
17 38 5
20 38 12
22 38 13
24 38 5
2 39 8
20 39 7
2 40 11
8 40 4
18 40 4
19 40 4
20 40 14
38 40 11
2 41 6
22 41 7
38 41 11
39 41 5
2 42 4
19 42 1
22 42 7
38 42 4
2 43 3
22 43 3
41 43 5
2 44 7
10 44 3
12 44 1
22 44 6
30 44 4
38 44 6
41 44 7
2 45 9
3 45 11
20 45 7
22 45 6
38 45 8
39 45 4
40 45 8
42 45 4
2 46 3
20 46 4
39 46 2
40 46 2
2 47 2
40 47 3
45 47 2
2 48 4
29 48 7
39 48 8
2 49 8
19 49 5
20 49 6
22 49 6
38 49 10
40 49 8
41 49 11
44 49 7
2 50 3
37 50 1
40 50 5
2 51 4
38 51 3
43 51 3
45 51 5
49 51 7
2 52 0
2 53 7
20 53 4
22 53 4
30 53 4
39 53 5
40 53 7
44 53 5
48 53 4
50 53 3
2 54 5
20 54 4
33 54 1
39 54 6
48 54 7
2 55 5
15 55 12
39 55 7
48 55 12
50 55 2
54 55 7
3 56 9
45 56 11
3 57 9
23 57 3
39 57 1
45 57 13
56 57 11
3 58 9
20 58 2
45 58 13
56 58 10
57 58 10
3 59 0
24 59 0
3 60 2
3 61 10
24 61 0
40 61 3
45 61 10
56 61 9
57 61 9
58 61 8
3 62 2
61 62 4
3 63 10
45 63 9
56 63 11
57 63 8
58 63 8
60 63 3
61 63 6
3 64 3
56 64 9
63 64 8
3 65 8
45 65 10
56 65 9
57 65 9
58 65 10
61 65 7
3 66 2
57 66 6
61 66 2
3 67 5
45 67 6
60 67 5
63 67 9
64 67 8
3 68 8
12 68 0
45 68 10
56 68 8
57 68 8
58 68 8
63 68 9
65 68 7
67 68 5
3 69 0
9 69 4
18 69 4
23 69 4
26 69 1
33 69 4
3 70 5
45 70 6
58 70 4
61 70 5
62 70 4
65 70 4
3 71 8
45 71 12
52 71 0
56 71 11
57 71 12
58 71 10
61 71 9
63 71 9
65 71 9
68 71 9
4 72 0
10 72 2
44 72 4
4 73 0
4 74 0
4 75 1
6 75 2
12 75 2
14 75 8
48 75 4
53 75 10
4 76 0
15 76 2
55 76 2
4 77 0
4 78 0
48 78 4
5 79 1
13 79 2
22 79 2
75 79 2
5 80 0
19 80 4
45 80 2
49 80 5
51 80 8
5 81 0
18 81 4
69 81 3
5 82 0
5 83 0
11 83 7
41 83 2
75 83 2
5 84 1
79 84 2
5 85 1
18 85 2
26 85 3
5 86 0
40 86 2
53 86 2
6 87 1
6 88 1
72 88 0
6 89 0
63 89 6
64 89 6
67 89 7
68 89 3
6 90 0
20 90 1
6 91 1
48 91 1
87 91 2
6 92 2
14 92 3
88 92 4
6 93 1
40 93 1
80 93 1
81 93 2
85 93 3
6 94 0
26 94 1
85 94 2
6 95 1
6 96 0
22 96 0
6 97 0
6 98 1
93 98 1
6 99 1
95 99 1
7 100 0
73 100 3
7 101 0
8 102 2
20 102 3
40 102 3
8 103 2
20 103 3
30 103 1
41 103 3
46 103 1
8 104 3
15 104 18
20 104 10
38 104 3
39 104 7
41 104 8
48 104 17
50 104 2
54 104 8
55 104 17
75 104 3
78 104 4
79 104 6
103 104 7
8 105 2
12 105 1
19 105 1
40 105 4
8 106 1
13 106 1
20 106 4
38 106 1
57 106 1
9 107 5
15 107 3
23 107 6
33 107 4
69 107 3
9 108 1
23 108 1
9 109 4
13 109 3
23 109 5
9 110 0
9 111 3
13 111 8
23 111 6
57 111 1
9 112 2
77 112 4
81 112 1
9 113 2
111 113 2
9 114 1
16 114 3
23 114 3
9 115 3
23 115 2
48 115 11
79 115 5
104 115 19
9 116 6
69 116 2
75 116 4
109 116 5
113 116 2
9 117 0
92 117 1
9 118 4
23 118 3
75 118 3
109 118 6
116 118 5
9 119 5
18 119 1
23 119 9
32 119 2
77 119 4
79 119 2
107 119 2
111 119 8
112 119 7
116 119 4
9 120 1
23 120 3
77 120 0
9 121 0
9 122 1
13 122 1
15 122 2
9 123 5
13 123 4
14 123 3
23 123 6
53 123 2
57 123 1
75 123 6
109 123 6
112 123 2
116 123 5
118 123 6
9 124 0
9 125 0
24 125 0
9 126 2
15 126 4
79 126 2
115 126 5
9 127 1
48 127 14
51 127 1
54 127 5
55 127 9
73 127 4
78 127 3
84 127 0
100 127 2
103 127 2
104 127 13
106 127 4
115 127 12
9 128 1
15 128 3
104 128 4
9 129 0
84 129 3
10 130 3
93 130 1
10 131 0
60 131 3
100 131 1
10 132 3
44 132 2
51 132 0
55 132 1
72 132 2
78 132 0
116 132 0
10 133 3
22 133 4
40 133 6
41 133 4
70 133 0
73 133 1
80 133 3
86 133 1
105 133 2
112 133 0
130 133 5
132 133 1
10 134 2
22 134 4
40 134 2
43 134 3
51 134 4
98 134 0
103 134 0
116 134 0
130 134 3
133 134 7
10 135 0
13 135 0
78 135 1
10 136 3
18 136 5
93 136 3
105 136 3
124 136 1
127 136 3
130 136 3
10 137 1
136 137 2
11 138 2
11 139 10
61 139 6
71 139 2
83 139 8
133 139 1
11 140 4
83 140 4
11 141 8
139 141 12
140 141 5
11 142 5
22 142 1
82 142 2
83 142 5
139 142 9
141 142 8
11 143 0
11 144 4
61 144 5
139 144 8
11 145 12
51 145 2
83 145 9
138 145 2
139 145 14
140 145 5
141 145 10
142 145 7
144 145 8
11 146 7
28 146 1
75 146 4
76 146 0
138 146 2
139 146 11
141 146 7
142 146 6
145 146 10
11 147 4
74 147 1
134 147 0
139 147 6
141 147 4
145 147 5
11 148 4
139 148 8
145 148 9
11 149 8
61 149 3
62 149 1
75 149 4
83 149 7
139 149 11
141 149 8
144 149 8
145 149 10
146 149 9
148 149 5
11 150 0
11 151 10
74 151 4
83 151 6
139 151 12
140 151 5
141 151 8
144 151 9
145 151 14
146 151 7
147 151 6
148 151 9
149 151 10
11 152 1
12 152 0
83 152 2
12 153 0
103 153 1
12 154 0
80 154 3
130 154 4
133 154 8
134 154 3
12 155 0
12 156 0
20 156 2
30 156 3
39 156 2
41 156 4
51 156 2
91 156 0
12 157 0
12 158 0
12 159 0
13 160 1
77 160 2
79 160 3
116 160 2
119 160 3
13 161 1
77 161 3
112 161 2
13 162 1
111 162 2
112 162 1
119 162 2
120 162 0
13 163 4
13 164 7
111 164 4
119 164 7
120 164 5
163 164 3
13 165 4
119 165 4
120 165 3
164 165 4
13 166 4
23 166 2
111 166 3
116 166 1
163 166 2
164 166 3
13 167 6
14 167 1
23 167 4
111 167 4
112 167 2
119 167 7
120 167 4
163 167 3
164 167 7
165 167 4
13 168 1
32 168 2
69 168 0
118 168 0
119 168 1
120 168 0
13 169 1
69 169 0
111 169 2
119 169 1
13 170 0
13 171 1
119 171 3
120 171 2
164 171 5
13 172 1
163 172 1
13 173 2
23 173 3
119 173 2
120 173 2
164 173 3
13 174 0
13 175 6
23 175 4
77 175 5
79 175 3
81 175 2
112 175 6
119 175 6
123 175 3
161 175 8
13 176 1
13 177 1
29 177 0
119 177 1
120 177 1
165 177 3
13 178 1
111 178 4
113 178 2
119 178 2
13 179 0
81 179 0
13 180 2
77 180 4
111 180 2
112 180 3
119 180 4
175 180 5
13 181 7
22 181 1
23 181 9
27 181 1
33 181 4
51 181 3
69 181 4
81 181 5
106 181 2
109 181 3
119 181 5
124 181 2
127 181 4
136 181 2
165 181 2
175 181 4
176 181 1
14 182 7
53 182 7
75 182 13
77 182 1
86 182 2
104 182 1
123 182 3
146 182 2
149 182 2
157 182 0
160 182 3
14 183 3
79 183 2
134 183 0
14 184 4
48 184 2
53 184 6
61 184 3
75 184 9
116 184 3
144 184 10
145 184 6
148 184 5
151 184 9
160 184 3
182 184 5
183 184 1
14 185 1
18 185 1
26 185 1
73 185 1
75 185 1
14 186 2
53 186 3
75 186 6
182 186 5
14 187 0
14 188 5
53 188 5
75 188 3
92 188 6
98 188 1
182 188 5
183 188 2
14 189 3
75 189 6
160 189 2
182 189 6
184 189 5
14 190 4
40 190 2
44 190 2
49 190 2
53 190 7
92 190 4
182 190 3
183 190 2
188 190 8
15 191 1
57 191 1
15 192 6
84 192 9
87 192 7
15 193 5
29 193 4
40 193 1
55 193 6
73 193 2
79 193 3
115 193 6
127 193 7
129 193 0
15 194 0
15 195 15
22 195 4
29 195 6
55 195 16
73 195 3
76 195 2
100 195 2
104 195 15
106 195 2
127 195 11
134 195 1
161 195 3
175 195 5
192 195 6
193 195 13
15 196 4
77 196 3
161 196 4
175 196 7
180 196 2
195 196 10
15 197 9
84 197 8
87 197 3
104 197 7
115 197 6
161 197 4
175 197 3
15 198 5
126 198 2
15 199 5
29 199 1
104 199 14
106 199 0
128 199 4
15 200 7
29 200 5
48 200 15
54 200 4
55 200 10
78 200 4
81 200 1
91 200 1
103 200 3
104 200 17
115 200 5
127 200 12
195 200 8
15 201 4
30 201 2
48 201 4
55 201 8
104 201 8
200 201 7
15 202 2
22 202 1
39 202 1
61 202 2
104 202 5
15 203 16
80 203 0
87 203 3
104 203 21
115 203 10
192 203 7
193 203 8
195 203 15
196 203 3
197 203 7
15 204 14
84 204 9
104 204 13
115 204 10
117 204 0
129 204 3
197 204 14
199 204 3
203 204 14
15 205 10
20 205 4
48 205 9
57 205 3
73 205 1
104 205 15
106 205 4
115 205 11
127 205 7
147 205 0
183 205 0
191 205 3
197 205 7
200 205 6
202 205 3
15 206 8
55 206 9
127 206 2
195 206 9
197 206 7
203 206 7
204 206 7
15 207 4
126 207 5
204 207 7
15 208 3
203 208 2
15 209 8
20 209 4
40 209 2
55 209 5
104 209 15
115 209 11
193 209 9
195 209 10
203 209 11
204 209 7
205 209 10
15 210 6
29 210 1
203 210 2
204 210 9
15 211 14
55 211 6
84 211 9
192 211 8
195 211 7
196 211 3
197 211 11
204 211 13
206 211 9
207 211 4
210 211 7
15 212 6
48 212 5
55 212 10
104 212 10
115 212 6
132 212 1
135 212 0
203 212 5
205 212 4
206 212 5
211 212 5
15 213 7
20 213 3
55 213 6
104 213 13
115 213 5
136 213 1
195 213 8
201 213 3
203 213 11
205 213 7
209 213 10
15 214 13
84 214 10
115 214 5
192 214 10
197 214 13
198 214 8
204 214 13
205 214 4
208 214 2
210 214 7
211 214 11
15 215 10
104 215 7
198 215 7
203 215 6
204 215 9
206 215 5
211 215 5
214 215 11
15 216 4
104 216 5
106 216 1
127 216 4
203 216 4
204 216 3
15 217 9
29 217 3
103 217 4
104 217 10
153 217 1
195 217 9
198 217 5
200 217 7
203 217 7
208 217 3
214 217 6
215 217 8
15 218 11
68 218 0
84 218 9
87 218 2
126 218 4
192 218 8
197 218 10
199 218 3
204 218 14
207 218 5
210 218 8
211 218 14
214 218 13
215 218 6
15 219 2
175 219 3
195 219 4
196 219 4
15 220 4
198 220 7
214 220 7
215 220 7
216 220 1
15 221 7
84 221 8
192 221 7
197 221 8
204 221 7
205 221 3
211 221 7
214 221 10
218 221 8
16 222 0
20 222 0
16 223 1
114 223 3
191 223 0
16 224 1
114 224 1
17 225 0
17 226 3
22 226 6
24 226 3
38 226 5
44 226 2
104 226 3
133 226 3
134 226 2
17 227 0
19 227 3
49 227 7
51 227 4
80 227 4
18 228 0
145 228 0
18 229 5
22 229 2
26 229 1
42 229 2
136 229 5
137 229 2
18 230 2
37 230 3
56 230 0
93 230 0
127 230 2
181 230 1
18 231 1
26 231 1
18 232 12
19 232 2
27 232 0
37 232 2
69 232 4
70 232 0
73 232 1
75 232 0
81 232 5
85 232 3
90 232 1
93 232 4
119 232 1
136 232 8
200 232 1
203 232 2
209 232 2
229 232 4
18 233 1
81 233 2
130 233 0
132 233 0
181 233 1
18 234 3
26 234 2
40 234 1
232 234 2
18 235 0
104 235 0
18 236 2
37 236 1
81 236 4
93 236 3
144 236 0
154 236 1
166 236 1
167 236 1
181 236 2
195 236 1
18 237 4
24 237 0
26 237 1
40 237 1
66 237 0
136 237 2
232 237 2
18 238 4
20 238 0
69 238 3
82 238 3
136 238 4
142 238 6
145 238 2
146 238 2
164 238 0
229 238 3
232 238 9
18 239 3
22 239 4
38 239 2
42 239 4
133 239 1
137 239 1
229 239 6
230 239 1
232 239 4
19 240 4
30 240 1
37 240 0
45 240 2
48 240 1
49 240 5
51 240 11
80 240 10
93 240 1
144 240 1
149 240 2
150 240 0
181 240 1
227 240 5
19 241 0
19 242 3
80 242 4
82 242 1
127 242 4
136 242 7
149 242 2
151 242 1
213 242 1
216 242 1
230 242 1
232 242 4
238 242 5
240 242 5
19 243 0
60 243 3
131 243 3
177 243 0
20 244 6
30 244 1
38 244 7
40 244 6
41 244 4
49 244 5
20 245 8
22 245 3
38 245 6
40 245 6
45 245 5
102 245 2
156 245 1
244 245 4
20 246 1
40 246 1
20 247 1
51 247 0
191 247 1
239 247 1
244 247 1
20 248 0
20 249 5
38 249 4
40 249 4
244 249 4
245 249 4
20 250 2
30 250 5
44 250 3
55 250 4
104 250 9
201 250 5
203 250 2
20 251 2
106 251 1
121 251 0
249 251 1
20 252 0
20 253 1
37 253 3
51 253 1
73 253 2
133 253 3
230 253 4
232 253 3
20 254 1
22 254 2
57 254 1
114 254 2
124 254 3
194 254 2
232 254 0
20 255 2
58 255 2
90 255 4
20 256 0
50 256 1
234 256 2
20 257 1
200 257 1
201 257 3
250 257 2
20 258 4
30 258 2
44 258 4
49 258 3
54 258 2
87 258 1
91 258 1
104 258 6
131 258 0
199 258 2
253 258 1
20 259 1
40 259 1
72 259 0
80 259 0
20 260 0
22 261 0
40 261 2
22 262 2
23 262 1
106 262 2
193 262 3
195 262 7
202 262 3
203 262 5
205 262 5
213 262 4
22 263 0
22 264 4
24 264 2
38 264 2
100 264 0
22 265 0
93 265 2
22 266 0
61 266 5
74 266 3
75 266 3
139 266 7
144 266 5
148 266 4
151 266 8
184 266 7
22 267 1
39 267 4
53 267 4
71 267 1
105 267 7
155 267 0
22 268 3
42 268 1
48 268 3
50 268 0
51 268 2
75 268 2
79 268 4
81 268 2
90 268 2
115 268 2
136 268 2
155 268 1
183 268 1
195 268 2
236 268 3
240 268 3
253 268 1
255 268 2
22 269 1
37 269 2
40 269 1
72 269 1
22 270 2
41 270 10
49 270 6
100 270 1
111 270 2
163 270 0
199 270 1
227 270 3
22 271 1
203 271 0
264 271 1
22 272 0
22 273 2
48 273 8
79 273 4
104 273 15
115 273 15
126 273 6
127 273 6
195 273 13
200 273 6
203 273 10
204 273 8
207 273 3
209 273 8
213 273 5
217 273 5
22 274 2
26 274 1
37 274 3
81 274 0
22 275 1
142 275 4
22 276 2
81 276 1
181 276 2
254 276 2
22 277 0
50 277 0
22 278 1
274 278 3
22 279 0
27 279 0
69 279 1
111 279 2
178 279 1
22 280 0
22 281 2
42 281 2
45 281 12
56 281 9
57 281 8
58 281 8
63 281 10
64 281 7
65 281 6
66 281 3
67 281 7
71 281 8
89 281 8
132 281 0
232 281 1
22 282 0
22 283 1
91 283 0
104 283 3
199 283 1
212 283 1
249 283 1
264 283 1
23 284 0
71 284 2
89 284 1
23 285 2
57 285 2
66 285 1
198 285 1
212 285 0
23 286 3
24 286 0
51 286 2
73 286 0
114 286 3
121 286 0
124 286 3
181 286 3
254 286 5
23 287 1
191 287 0
262 287 1
23 288 2
55 288 3
115 288 4
127 288 3
195 288 6
196 288 3
198 288 6
204 288 6
210 288 5
214 288 10
215 288 7
218 288 5
220 288 5
285 288 2
23 289 0
121 289 1
23 290 0
84 290 2
104 290 5
200 290 2
202 290 1
203 290 3
204 290 5
23 291 1
181 291 1
23 292 0
39 292 2
48 292 4
55 292 6
127 292 5
193 292 3
200 292 3
203 292 3
213 292 2
216 292 2
258 292 0
23 293 0
23 294 1
286 294 2
23 295 2
47 295 0
107 295 1
181 295 1
23 296 1
119 296 3
130 296 0
161 296 2
164 296 2
171 296 2
24 297 0
229 297 1
24 298 0
139 298 5
142 298 11
275 298 4
24 299 0
139 299 3
151 299 5
184 299 4
266 299 4
24 300 0
81 300 0
24 301 0
135 301 0
24 302 0
41 302 9
48 302 3
127 302 3
242 302 1
26 303 0
26 304 2
115 304 3
127 304 1
232 304 1
234 304 2
236 304 0
258 304 0
26 305 0
81 305 1
232 305 3
238 305 1
239 305 1
248 305 0
251 305 0
26 306 1
104 306 2
115 306 4
212 306 2
264 306 0
304 306 3
27 307 1
33 307 1
80 307 1
295 307 1
304 307 0
27 308 0
28 309 2
28 310 3
134 310 0
305 310 1
309 310 2
28 311 2
139 311 1
309 311 2
310 311 3
28 312 1
38 312 0
131 312 0
135 312 1
139 312 1
141 312 2
28 313 2
38 313 2
41 313 4
49 313 4
133 313 2
139 313 2
146 313 2
180 313 0
227 313 2
270 313 3
310 313 1
28 314 1
312 314 4
28 315 0
51 315 2
53 315 5
65 315 2
75 315 2
145 315 2
190 315 1
236 315 2
240 315 3
256 315 1
267 315 5
298 315 1
29 316 5
48 316 4
54 316 1
128 316 0
193 316 2
195 316 4
29 317 0
29 318 0
29 319 3
29 320 7
48 320 10
104 320 3
127 320 8
136 320 1
201 320 2
251 320 0
316 320 3
319 320 3
29 321 4
48 321 11
78 321 3
162 321 0
163 321 1
167 321 1
205 321 5
209 321 4
290 321 2
302 321 2
316 321 3
320 321 5
29 322 3
76 322 0
191 322 0
202 322 0
276 322 0
319 322 4
320 322 3
29 323 2
49 323 0
54 323 1
127 323 3
226 323 0
320 323 3
29 324 7
48 324 7
127 324 5
193 324 2
200 324 3
320 324 6
321 324 3
323 324 3
29 325 2
319 325 2
322 325 2
29 326 2
48 326 5
55 326 6
84 326 6
103 326 0
129 326 2
161 326 6
175 326 6
195 326 11
196 326 7
197 326 10
205 326 2
206 326 6
211 326 7
273 326 3
288 326 6
29 327 2
48 327 3
84 327 2
192 327 4
203 327 1
211 327 2
324 327 3
30 328 5
53 328 4
121 328 3
124 328 0
139 328 3
184 328 2
283 328 3
303 328 0
310 328 1
311 328 2
30 329 0
37 329 0
69 329 1
130 329 1
238 329 1
304 329 0
30 330 6
53 330 4
104 330 3
121 330 2
131 330 0
144 330 1
184 330 3
247 330 1
250 330 4
300 330 0
328 330 9
30 331 2
38 331 2
40 331 3
41 331 10
43 331 6
47 331 2
55 331 0
83 331 5
119 331 0
134 331 4
136 331 1
139 331 8
141 331 6
142 331 10
145 331 4
156 331 2
202 331 0
242 331 5
298 331 10
328 331 3
30 332 11
41 332 12
44 332 7
49 332 6
51 332 5
53 332 5
77 332 0
80 332 2
103 332 3
104 332 12
111 332 1
139 332 2
156 332 4
195 332 3
199 332 6
250 332 6
254 332 1
258 332 6
270 332 7
275 332 1
298 332 4
328 332 8
330 332 10
30 333 0
40 333 3
230 333 2
253 333 2
30 334 6
41 334 4
51 334 2
55 334 4
104 334 10
156 334 4
200 334 5
201 334 5
203 334 3
217 334 4
244 334 2
250 334 7
328 334 4
332 334 10
30 335 2
39 335 0
78 335 2
200 335 2
204 335 1
290 335 3
321 335 2
330 335 2
332 335 2
30 336 1
41 336 3
46 336 1
332 336 2
30 337 0
41 337 3
49 337 2
50 337 1
133 337 2
253 337 1
30 338 2
71 338 0
101 338 0
105 338 0
280 338 0
307 338 1
315 338 2
330 338 1
30 339 2
50 339 1
51 339 5
134 339 1
227 339 2
236 339 0
240 339 3
267 339 3
338 339 3
31 340 0
43 340 1
61 340 2
75 340 4
182 340 3
266 340 3
302 340 10
33 341 0
33 342 0
207 342 1
37 343 0
48 343 1
115 343 2
154 343 2
180 343 1
338 343 0
37 344 1
37 345 2
53 345 0
154 345 2
230 345 2
253 345 2
286 345 0
37 346 0
37 347 0
201 347 1
257 347 1
314 347 1
37 348 0
44 348 1
68 348 2
139 348 0
315 348 0
37 349 1
312 349 1
344 349 1
37 350 1
45 350 3
51 350 1
57 350 2
71 350 2
93 350 1
133 350 2
162 350 0
269 350 3
37 351 0
75 351 2
37 352 2
40 352 1
50 352 2
71 352 1
274 352 1
38 353 7
39 353 5
40 353 10
41 353 8
45 353 4
49 353 6
50 353 6
53 353 6
74 353 0
83 353 6
139 353 9
140 353 3
141 353 5
144 353 6
145 353 12
146 353 6
149 353 7
184 353 6
244 353 4
256 353 2
267 353 9
315 353 8
333 353 2
337 353 3
338 353 4
339 353 4
38 354 5
39 354 2
40 354 1
41 354 7
44 354 3
69 354 2
111 354 2
121 354 2
141 354 0
223 354 1
236 354 1
254 354 4
270 354 4
272 354 1
282 354 1
289 354 7
328 354 1
38 355 3
41 355 8
71 355 0
152 355 5
270 355 4
336 355 2
346 355 3
353 355 3
354 355 5
38 356 1
340 356 4
354 356 2
38 357 2
40 357 5
105 357 4
267 357 6
307 357 3
315 357 5
353 357 4
39 358 0
182 358 1
39 359 3
54 359 2
55 359 3
39 360 3
48 360 5
79 360 3
104 360 10
165 360 0
192 360 2
193 360 5
195 360 7
200 360 4
203 360 6
205 360 6
209 360 7
213 360 5
359 360 1
39 361 1
44 361 1
51 361 2
68 361 4
136 361 0
145 361 1
154 361 0
245 361 0
267 361 2
339 361 2
348 361 3
39 362 1
48 362 5
192 362 2
198 362 4
214 362 5
217 362 2
220 362 3
320 362 2
324 362 3
327 362 3
39 363 1
55 363 5
143 363 0
147 363 0
184 363 0
195 363 4
206 363 3
212 363 3
332 363 1
340 363 0
39 364 2
51 364 1
267 364 5
339 364 3
353 364 4
39 365 0
50 365 0
212 365 0
349 365 0
39 366 1
47 366 0
49 366 2
51 366 4
114 366 3
124 366 3
134 366 2
182 366 0
240 366 2
249 366 1
254 366 6
286 366 6
354 366 8
40 367 8
49 367 2
50 367 2
65 367 1
133 367 4
226 367 1
261 367 1
267 367 4
315 367 5
333 367 2
338 367 3
345 367 0
350 367 1
353 367 8
40 368 2
71 368 1
90 368 0
256 368 0
267 368 5
357 368 3
364 368 2
367 368 2
40 369 0
101 369 0
40 370 2
61 370 6
144 370 7
145 370 5
148 370 3
151 370 5
184 370 9
202 370 3
299 370 2
340 370 3
353 370 4
40 371 3
41 371 4
133 371 3
144 371 0
270 371 2
278 371 0
279 371 0
323 371 0
332 371 2
367 371 2
40 372 2
45 372 7
56 372 4
57 372 4
61 372 5
67 372 1
71 372 4
242 372 0
40 373 0
40 374 0
154 374 1
329 374 0
345 374 1
40 375 3
72 375 1
93 375 6
95 375 4
136 375 2
233 375 0
265 375 1
333 375 5
40 376 2
133 376 4
154 376 3
261 376 1
40 377 5
41 377 5
53 377 4
72 377 4
85 377 2
104 377 5
147 377 0
154 377 1
203 377 3
226 377 1
232 377 3
243 377 0
269 377 3
274 377 0
307 377 1
312 377 0
315 377 3
329 377 1
357 377 4
371 377 3
375 377 3
40 378 0
247 378 2
41 379 5
302 379 6
340 379 3
41 380 11
81 380 0
142 380 5
182 380 2
302 380 11
331 380 8
332 380 2
379 380 6
41 381 8
273 381 1
302 381 10
340 381 7
379 381 7
380 381 10
41 382 9
43 382 3
302 382 6
331 382 5
336 382 1
356 382 0
380 382 8
381 382 6
41 383 9
182 383 3
302 383 12
328 383 3
330 383 3
332 383 5
340 383 10
380 383 12
381 383 10
382 383 6
41 384 8
302 384 11
340 384 7
379 384 7
380 384 10
381 384 10
383 384 10
41 385 9
43 385 3
298 385 3
302 385 7
331 385 7
380 385 10
381 385 7
382 385 9
383 385 7
384 385 6
41 386 8
134 386 0
143 386 0
302 386 8
379 386 5
380 386 9
381 386 8
382 386 6
383 386 8
384 386 7
385 386 7
41 387 2
82 387 0
275 387 2
41 388 4
184 388 0
298 388 17
331 388 6
340 388 3
355 388 4
377 388 2
41 389 3
48 389 6
55 389 6
104 389 12
115 389 7
175 389 5
193 389 4
195 389 13
196 389 5
203 389 11
204 389 7
206 389 6
215 389 5
219 389 4
273 389 8
321 389 2
326 389 8
332 389 3
377 389 3
41 390 1
105 390 2
157 390 1
374 390 0
377 390 1
41 391 3
55 391 0
240 391 0
247 391 0
270 391 3
279 391 0
299 391 0
352 391 1
354 391 3
355 391 3
367 391 1
41 392 5
57 392 1
182 392 3
275 392 1
283 392 0
298 392 4
302 392 10
304 392 0
331 392 8
340 392 5
380 392 9
383 392 7
384 392 5
41 393 0
134 393 0
41 394 0
157 394 3
267 394 1
369 394 0
41 395 3
71 395 2
75 395 4
89 395 0
139 395 6
142 395 6
146 395 3
152 395 5
186 395 2
242 395 2
298 395 11
314 395 0
331 395 10
387 395 3
388 395 10
41 396 0
134 396 1
312 396 1
375 396 2
41 397 1
84 397 0
270 397 1
298 397 1
41 398 3
44 398 1
45 398 2
201 398 0
227 398 0
245 398 1
269 398 0
345 398 0
353 398 3
355 398 3
41 399 1
78 399 2
79 399 4
104 399 6
193 399 3
205 399 4
209 399 5
321 399 3
342 399 0
360 399 5
41 400 0
79 400 2
84 400 9
129 400 5
161 400 4
192 400 4
197 400 10
204 400 9
210 400 6
211 400 10
214 400 9
218 400 9
288 400 6
326 400 7
41 401 1
51 401 0
354 401 1
41 402 0
375 402 1
41 403 4
49 403 3
100 403 1
103 403 1
141 403 2
149 403 2
208 403 0
209 403 0
227 403 2
270 403 5
312 403 1
387 403 1
42 404 1
80 404 0
81 404 0
239 404 1
43 405 2
43 406 5
331 406 2
355 406 2
383 406 0
405 406 2
43 407 3
405 407 3
406 407 3
43 408 3
298 408 6
315 408 1
336 408 0
383 408 1
407 408 1
43 409 4
142 409 5
226 409 0
298 409 10
332 409 3
355 409 3
388 409 9
395 409 6
406 409 3
408 409 7
43 410 3
142 410 1
406 410 3
408 410 2
409 410 4
43 411 2
152 411 4
331 411 3
395 411 7
43 412 4
51 412 1
72 412 1
136 412 0
142 412 4
275 412 1
308 412 0
340 412 3
377 412 2
380 412 2
388 412 6
409 412 3
411 412 4
43 413 0
45 413 0
104 413 0
185 413 0
275 413 0
292 413 0
299 413 0
355 413 0
44 414 0
105 414 5
154 414 1
234 414 3
240 414 3
267 414 6
274 414 1
278 414 2
315 414 7
328 414 0
343 414 3
353 414 3
367 414 3
44 415 1
144 415 3
184 415 3
202 415 2
340 415 3
354 415 2
356 415 2
370 415 4
44 416 0
278 416 1
369 416 1
375 416 3
44 417 0
133 417 1
154 417 2
241 417 0
259 417 1
345 417 1
390 417 0
44 418 0
44 419 4
56 419 0
72 419 2
76 419 1
104 419 6
136 419 0
250 419 5
258 419 3
283 419 3
328 419 5
330 419 6
332 419 9
334 419 5
44 420 0
375 420 1
396 420 1
44 421 1
72 421 2
44 422 0
71 422 0
256 422 1
330 422 0
44 423 0
44 424 0
105 424 3
209 424 0
267 424 3
307 424 2
357 424 3
45 425 7
56 425 7
57 425 7
58 425 7
65 425 7
68 425 7
71 425 7
89 425 2
281 425 7
45 426 2
62 426 5
70 426 3
89 426 2
281 426 2
45 427 0
145 427 0
237 427 0
45 428 2
70 428 1
85 428 1
121 428 1
124 428 0
127 428 1
185 428 0
213 428 0
249 428 1
283 428 2
297 428 1
298 428 1
320 428 1
337 428 0
372 428 1
375 428 1
376 428 0
404 428 0
45 429 3
58 429 4
64 429 5
66 429 2
67 429 7
89 429 5
281 429 8
424 429 0
45 430 0
134 430 1
242 430 1
298 430 5
331 430 4
388 430 4
408 430 3
409 430 4
45 431 1
68 431 2
361 431 2
46 432 1
251 432 0
328 432 2
330 432 2
336 432 2
47 433 1
158 433 1
238 433 1
270 433 2
283 433 2
298 433 19
331 433 6
332 433 3
388 433 17
395 433 11
401 433 0
403 433 1
408 433 4
409 433 9
413 433 0
48 434 3
115 434 3
127 434 3
306 434 1
320 434 2
48 435 1
360 435 1
400 435 0
48 436 5
55 436 4
104 436 6
129 436 0
212 436 3
250 436 2
273 436 3
48 437 2
200 437 1
203 437 1
213 437 1
304 437 2
306 437 1
313 437 0
321 437 1
48 438 8
57 438 2
104 438 11
115 438 7
127 438 8
193 438 5
195 438 7
205 438 8
209 438 8
215 438 2
217 438 4
232 438 1
262 438 3
273 438 8
302 438 4
321 438 4
392 438 2
436 438 3
48 439 0
239 439 1
48 440 1
117 440 1
197 440 4
211 440 3
296 440 3
362 440 1
400 440 5
48 441 2
320 441 2
321 441 2
49 442 1
136 442 1
141 442 1
229 442 5
239 442 3
247 442 4
297 442 1
392 442 1
49 443 1
68 443 0
69 443 1
90 443 1
232 443 4
236 443 0
239 443 3
281 443 1
439 443 1
442 443 2
50 444 2
133 444 4
154 444 3
347 444 0
376 444 2
50 445 1
104 445 12
115 445 9
126 445 5
132 445 0
191 445 1
192 445 3
195 445 8
203 445 11
204 445 9
205 445 7
207 445 5
209 445 8
262 445 3
273 445 11
290 445 4
321 445 5
342 445 1
389 445 7
50 446 0
72 446 1
237 446 2
263 446 1
421 446 4
50 447 1
133 447 1
444 447 2
50 448 0
50 449 0
50 450 1
274 450 1
278 450 1
444 450 1
51 451 4
80 451 5
105 451 11
136 451 4
234 451 3
240 451 6
242 451 4
267 451 6
307 451 3
357 451 5
368 451 2
414 451 7
51 452 0
237 452 1
51 453 1
53 453 4
80 453 1
85 453 4
88 453 4
92 453 9
94 453 1
114 453 0
136 453 1
188 453 7
190 453 5
228 453 0
375 453 3
377 453 3
428 453 2
51 454 1
71 454 0
187 454 3
351 454 3
451 454 4
51 455 2
234 455 1
240 455 2
307 455 3
448 455 0
451 455 5
51 456 2
93 456 1
95 456 1
134 456 2
312 456 2
314 456 2
332 456 1
333 456 2
375 456 5
396 456 4
416 456 1
51 457 0
105 457 1
234 457 1
256 457 1
259 457 0
274 457 0
275 457 0
307 457 0
313 457 0
390 457 2
51 458 0
136 458 0
449 458 0
51 459 1
80 459 2
81 459 0
130 459 0
237 459 3
418 459 4
428 459 2
51 460 0
444 460 0
53 461 1
75 461 1
53 462 0
53 463 3
88 463 2
188 463 4
190 463 3
236 463 2
453 463 9
53 464 0
92 464 1
53 465 3
68 465 2
73 465 1
75 465 3
186 465 3
240 465 0
313 465 1
332 465 1
343 465 1
361 465 2
395 465 2
53 466 2
72 466 1
75 466 2
105 466 3
134 466 0
187 466 5
351 466 6
371 466 1
377 466 4
54 467 1
74 467 1
100 467 0
104 467 4
115 467 2
129 467 0
207 467 1
302 467 0
314 467 1
336 467 1
354 467 3
355 467 3
366 467 3
396 467 1
402 467 0
433 467 1
445 467 3
456 467 2
466 467 0
54 468 0
117 468 0
335 468 0
55 469 0
60 469 5
67 469 2
115 469 1
131 469 3
199 469 1
243 469 3
273 469 1
332 469 1
355 469 0
366 469 0
466 469 0
55 470 0
459 470 3
55 471 6
104 471 5
195 471 5
203 471 3
211 471 4
212 471 5
218 471 2
258 471 1
359 471 1
363 471 3
55 472 2
195 472 2
206 472 2
55 473 3
200 473 2
201 473 2
212 473 1
56 474 2
64 474 2
132 474 0
240 474 0
446 474 1
56 475 4
61 475 2
62 475 3
64 475 2
426 475 2
56 476 3
64 476 2
446 476 1
459 476 3
56 477 0
56 478 2
308 478 0
56 479 3
134 479 0
475 479 1
478 479 3
56 480 3
64 480 1
130 480 1
133 480 6
478 480 3
56 481 0
300 481 1
446 481 0
56 482 8
63 482 2
64 482 4
474 482 4
476 482 4
479 482 1
56 483 2
240 483 0
338 483 0
417 483 1
446 483 1
452 483 1
459 483 4
482 483 5
56 484 4
59 484 0
60 484 2
63 484 7
64 484 8
66 484 2
67 484 7
89 484 8
281 484 8
284 484 2
429 484 6
475 484 3
56 485 3
418 485 3
459 485 10
476 485 6
482 485 4
483 485 4
56 486 2
133 486 1
237 486 2
459 486 4
480 486 3
482 486 2
57 487 0
57 488 2
162 488 0
194 488 3
254 488 7
286 488 4
332 488 1
343 488 0
354 488 6
366 488 6
467 488 2
57 489 2
66 489 2
169 489 0
57 490 2
66 490 3
482 490 4
489 490 2
57 491 0
69 491 0
165 491 0
57 492 0
57 493 0
57 494 1
69 494 1
222 494 0
223 494 2
282 494 1
289 494 3
294 494 1
315 494 0
354 494 9
366 494 2
488 494 7
58 495 0
58 496 1
429 496 1
482 496 3
490 496 3
58 497 1
58 498 3
255 498 1
429 498 1
482 498 0
497 498 1
60 499 2
67 499 4
68 499 3
71 499 5
284 499 3
426 499 2
429 499 1
450 499 1
469 499 2
60 500 3
103 500 0
131 500 4
170 500 0
216 500 0
243 500 3
272 500 1
352 500 0
354 500 1
437 500 0
469 500 3
60 501 0
61 502 4
104 502 4
191 502 0
202 502 5
203 502 3
213 502 3
236 502 0
262 502 3
266 502 2
336 502 0
370 502 2
61 503 1
73 503 2
134 503 1
139 503 6
141 503 5
142 503 9
238 503 3
242 503 3
298 503 10
331 503 17
380 503 8
382 503 3
385 503 5
392 503 10
395 503 9
433 503 7
442 503 2
61 504 2
73 504 0
139 504 5
145 504 4
148 504 3
353 504 3
502 504 2
62 505 1
63 505 1
68 505 4
284 505 1
499 505 2
62 506 2
71 506 2
89 506 2
146 506 0
414 506 0
426 506 6
450 506 1
499 506 5
62 507 4
70 507 3
284 507 2
426 507 5
475 507 3
484 507 2
499 507 3
62 508 4
68 508 2
426 508 3
505 508 2
506 508 2
507 508 2
63 509 6
64 509 6
67 509 6
71 509 2
89 509 6
281 509 7
429 509 5
484 509 6
64 510 1
67 510 1
70 510 1
71 510 0
507 510 1
64 511 0
197 511 2
247 511 4
340 511 3
64 512 0
237 512 2
332 512 1
418 512 5
459 512 7
470 512 5
485 512 4
64 513 0
65 514 1
315 514 2
357 514 2
451 514 2
454 514 1
66 515 0
66 516 1
117 516 1
319 516 0
426 516 1
440 516 1
490 516 1
506 516 1
66 517 0
84 517 4
87 517 5
192 517 8
214 517 4
226 517 1
66 518 0
67 519 0
81 519 0
136 519 0
304 519 0
428 519 0
68 520 2
358 520 2
469 520 0
508 520 1
68 521 0
482 521 2
490 521 2
68 522 4
313 522 1
348 522 2
361 522 3
417 522 0
465 522 4
68 523 0
134 523 0
68 524 1
505 524 1
68 525 0
68 526 1
313 526 3
68 527 1
72 527 0
225 527 0
522 527 3
68 528 2
520 528 1
526 528 2
69 529 0
69 530 0
69 531 4
109 531 2
112 531 2
116 531 4
119 531 4
166 531 2
167 531 3
181 531 4
217 531 1
226 531 1
236 531 6
279 531 1
315 531 1
332 531 1
334 531 2
354 531 3
366 531 2
517 531 1
70 532 0
135 532 1
459 532 1
71 533 0
232 533 0
307 533 0
71 534 0
414 534 0
71 535 0
130 535 0
71 536 1
499 536 1
71 537 1
105 537 1
352 537 2
371 537 0
391 537 1
414 537 1
450 537 1
71 538 1
442 538 0
499 538 1
71 539 2
149 539 0
284 539 1
410 539 0
433 539 0
506 539 1
71 540 0
234 540 0
307 540 0
343 540 1
71 541 1
283 541 4
298 541 11
328 541 1
388 541 10
395 541 7
409 541 5
433 541 11
72 542 1
121 542 4
283 542 3
328 542 10
330 542 6
331 542 1
332 542 7
334 542 3
355 542 1
383 542 3
409 542 2
419 542 6
428 542 2
432 542 3
72 543 0
361 543 0
72 544 0
104 544 4
121 544 0
134 544 0
199 544 3
216 544 1
299 544 0
332 544 3
338 544 0
402 544 0
464 544 0
470 544 0
72 545 0
428 545 0
522 545 1
72 546 0
131 546 0
290 546 0
72 547 0
357 547 0
457 547 0
73 548 4
180 548 1
185 548 1
222 548 0
343 548 7
414 548 2
465 548 3
466 548 1
483 548 1
500 548 1
503 548 1
527 548 1
540 548 1
73 549 0
73 550 1
182 550 1
307 550 0
345 550 0
548 550 2
73 551 1
298 551 18
355 551 5
380 551 3
388 551 16
395 551 8
406 551 3
410 551 1
411 551 4
412 551 5
433 551 16
437 551 2
467 551 2
503 551 7
541 551 10
73 552 0
75 552 1
73 553 1
80 553 1
100 553 1
136 553 0
277 553 4
338 553 2
350 553 0
421 553 2
428 553 1
459 553 3
474 553 3
478 553 3
480 553 3
73 554 0
123 554 0
220 554 0
247 554 3
311 554 1
74 555 1
143 555 0
266 555 2
74 556 2
151 556 3
266 556 3
74 557 1
313 557 3
332 557 1
467 557 2
526 557 5
528 557 2
542 557 1
74 558 1
143 558 0
151 558 3
184 558 1
74 559 0
211 559 0
74 560 0
75 561 3
187 561 5
315 561 1
351 561 5
499 561 1
506 561 1
75 562 0
119 562 4
120 562 3
164 562 4
167 562 3
171 562 3
181 562 1
75 563 0
237 563 7
263 563 3
277 563 5
330 563 1
332 563 2
343 563 2
418 563 4
421 563 5
446 563 6
452 563 2
459 563 9
477 563 0
478 563 4
480 563 4
482 563 5
483 563 7
486 563 5
512 563 6
548 563 3
553 563 10
75 564 0
132 564 0
135 564 0
286 564 0
338 564 1
485 564 0
553 564 2
75 565 3
182 565 3
189 565 3
75 566 4
86 566 1
182 566 5
186 566 2
189 566 3
565 566 3
75 567 2
93 567 1
134 567 1
234 567 2
256 567 2
267 567 1
278 567 2
321 567 0
343 567 3
352 567 1
414 567 5
444 567 0
548 567 3
552 567 2
561 567 2
75 568 4
109 568 4
113 568 2
116 568 7
118 568 5
119 568 2
123 568 4
184 568 2
545 568 0
75 569 0
522 569 0
75 570 2
298 570 11
340 570 2
388 570 12
395 570 6
433 570 11
551 570 11
75 571 0
183 571 0
255 571 2
398 571 1
75 572 7
83 572 6
139 572 12
144 572 8
145 572 11
146 572 6
147 572 3
148 572 7
149 572 10
151 572 12
184 572 10
189 572 2
202 572 2
266 572 13
299 572 4
340 572 3
353 572 8
403 572 1
415 572 5
467 572 0
502 572 3
504 572 5
555 572 1
556 572 2
76 573 1
91 573 0
332 573 1
399 573 0
419 573 2
77 574 0
78 575 1
135 575 1
338 575 0
78 576 0
79 576 0
79 577 1
104 577 3
141 577 1
149 577 1
184 577 0
187 577 1
188 577 1
210 577 0
217 577 1
226 577 1
241 577 0
326 577 0
340 577 3
352 577 0
381 577 2
383 577 3
402 577 0
453 577 3
520 577 0
523 577 0
561 577 1
563 577 0
79 578 1
183 578 1
368 578 0
79 579 0
185 579 0
79 580 1
328 580 1
399 580 1
542 580 1
544 580 0
79 581 0
100 581 0
79 582 0
79 583 3
160 583 1
161 583 6
170 583 0
175 583 5
176 583 0
197 583 6
288 583 3
296 583 3
326 583 7
389 583 2
400 583 7
440 583 5
80 584 3
130 584 6
133 584 8
136 584 2
154 584 7
232 584 3
236 584 1
240 584 1
245 584 0
253 584 3
269 584 1
329 584 2
347 584 0
376 584 2
377 584 4
80 585 2
133 585 4
134 585 2
154 585 4
201 585 0
355 585 0
444 585 2
80 586 0
337 586 0
80 587 3
81 587 1
105 587 7
136 587 4
187 587 8
240 587 4
242 587 4
268 587 3
351 587 10
377 587 1
444 587 0
451 587 8
454 587 5
466 587 10
561 587 5
81 588 0
186 588 0
82 589 2
142 589 6
152 589 7
232 589 1
238 589 4
297 589 0
298 589 4
346 589 6
355 589 10
411 589 5
412 589 4
551 589 6
83 590 3
141 590 3
142 590 9
152 590 6
238 590 3
242 590 2
275 590 2
283 590 1
331 590 6
355 590 6
380 590 3
386 590 1
387 590 1
408 590 1
589 590 8
84 591 9
192 591 6
214 591 6
218 591 7
221 591 5
290 591 2
326 591 2
517 591 4
554 591 0
84 592 0
115 592 1
273 592 3
381 592 1
84 593 7
87 593 7
126 593 4
192 593 11
197 593 7
203 593 6
204 593 8
214 593 7
221 593 6
273 593 5
445 593 6
517 593 8
591 593 5
84 594 3
218 594 3
326 594 2
570 594 0
591 594 4
84 595 0
104 595 1
199 595 1
207 595 0
208 595 0
85 596 2
93 596 2
85 597 3
93 597 4
97 597 0
99 597 0
134 597 2
265 597 1
278 597 2
453 597 5
567 597 3
596 597 2
87 598 4
192 598 5
195 598 4
215 598 4
217 598 3
220 598 3
316 598 2
517 598 4
593 598 4
87 599 3
192 599 3
517 599 3
593 599 3
87 600 4
192 600 4
517 600 4
593 600 4
598 600 4
88 601 1
92 601 5
98 601 1
182 601 1
188 601 5
464 601 1
88 602 3
89 602 0
92 602 3
185 602 0
337 602 0
453 602 6
457 602 0
463 602 2
577 602 1
597 602 3
88 603 1
89 603 0
182 603 0
453 603 3
577 603 1
89 604 1
417 604 0
484 604 1
89 605 0
93 605 1
134 605 0
375 605 2
89 606 1
133 606 0
232 606 0
482 606 4
490 606 4
496 606 3
499 606 2
506 606 2
507 606 1
521 606 2
89 607 0
333 607 3
375 607 2
89 608 0
369 608 1
420 608 0
89 609 0
95 609 2
375 609 3
431 609 1
90 610 1
130 610 1
314 610 1
347 610 1
577 610 0
90 611 1
95 611 2
135 611 1
255 611 2
333 611 2
375 611 5
416 611 1
532 611 1
571 611 1
609 611 2
90 612 0
229 612 0
90 613 3
102 613 0
130 613 2
255 613 2
268 613 3
610 613 2
90 614 0
91 615 0
91 616 0
131 616 0
199 616 0
542 616 0
91 617 0
91 618 0
91 619 0
269 619 0
335 619 0
92 620 2
453 620 4
597 620 2
602 620 3
603 620 1
92 621 5
188 621 5
190 621 3
453 621 5
601 621 3
92 622 4
188 622 4
453 622 4
597 622 1
601 622 3
621 622 4
92 623 1
236 623 2
453 623 3
463 623 3
92 624 1
182 624 0
453 624 2
463 624 1
92 625 0
463 625 0
92 626 0
97 626 1
92 627 0
92 628 1
117 628 2
197 628 2
206 628 2
217 628 1
325 628 0
326 628 2
93 629 1
375 629 2
602 629 0
93 630 1
236 630 1
93 631 1
94 631 0
269 631 1
350 631 2
428 631 0
457 631 0
460 631 0
490 631 0
93 632 2
142 632 1
162 632 0
232 632 2
236 632 1
242 632 1
388 632 0
95 633 1
333 633 3
375 633 5
607 633 4
97 634 0
97 635 1
433 635 0
626 635 1
100 636 0
100 637 1
131 637 2
185 637 0
337 637 0
465 637 0
500 637 1
585 637 0
102 638 0
185 638 0
103 639 1
217 639 2
322 639 0
439 639 0
628 639 1
104 640 9
128 640 3
199 640 8
332 640 3
445 640 1
544 640 3
104 641 7
115 641 4
197 641 3
199 641 3
209 641 2
214 641 3
215 641 2
640 641 3
104 642 5
128 642 3
199 642 5
500 642 0
640 642 5
641 642 3
104 643 0
104 644 3
199 644 3
640 644 3
642 644 3
104 645 2
199 645 2
407 645 0
640 645 2
104 646 2
126 646 0
197 646 2
199 646 2
220 646 1
104 647 3
115 647 3
126 647 4
204 647 5
207 647 3
377 647 1
593 647 3
104 648 1
126 648 1
139 648 1
141 648 1
157 648 0
193 648 0
198 648 1
467 648 1
104 649 4
200 649 2
213 649 1
218 649 3
334 649 2
438 649 1
591 649 1
104 650 1
502 650 1
105 651 2
414 651 2
451 651 2
105 652 0
105 653 5
187 653 8
278 653 1
351 653 7
451 653 4
454 653 5
466 653 7
531 653 0
561 653 5
587 653 12
597 653 1
105 654 1
587 654 1
105 655 3
351 655 4
451 655 3
567 655 0
577 655 0
587 655 6
653 655 5
105 656 4
267 656 2
390 656 3
401 656 0
451 656 2
105 657 0
307 657 0
332 657 0
339 657 1
105 658 2
255 658 1
267 658 3
378 658 0
424 658 2
571 658 1
577 658 0
105 659 4
187 659 7
232 659 0
256 659 2
343 659 4
351 659 6
367 659 1
422 659 1
454 659 4
466 659 7
500 659 1
548 659 5
561 659 7
563 659 2
567 659 4
587 659 9
648 659 0
653 659 9
105 660 1
157 660 3
337 660 0
377 660 0
394 660 3
656 660 2
105 661 3
136 661 2
155 661 0
234 661 2
315 661 2
377 661 1
414 661 4
450 661 0
451 661 4
588 661 0
105 662 3
133 662 5
187 662 0
267 662 2
451 662 2
480 662 3
552 662 0
584 662 3
105 663 1
659 663 1
105 664 0
106 665 0
258 665 0
323 665 0
354 665 0
106 666 0
106 667 0
114 667 0
289 667 4
354 667 3
494 667 3
109 668 2
113 668 2
118 668 2
119 668 2
178 668 2
568 668 4
111 669 0
111 670 2
194 670 1
279 670 1
289 670 1
354 670 2
577 670 0
112 671 0
129 671 0
209 671 0
258 671 0
366 671 0
114 672 0
328 672 0
114 673 1
223 673 1
114 674 2
194 674 2
223 674 1
366 674 2
479 674 1
488 674 3
115 675 2
209 675 1
304 675 1
115 676 2
130 676 2
154 676 3
212 676 1
253 676 1
343 676 3
403 676 0
561 676 1
584 676 3
624 676 0
637 676 0
659 676 2
115 677 0
195 677 0
222 677 0
115 678 0
115 679 1
127 679 1
210 679 0
531 679 0
115 680 0
325 680 0
116 681 0
135 681 0
117 682 1
628 682 1
117 683 0
125 683 0
119 684 0
121 685 0
283 685 0
580 685 0
121 686 1
155 686 0
198 686 0
249 686 1
305 686 0
350 686 0
366 686 2
432 686 1
433 686 0
452 686 0
531 686 1
542 686 2
554 686 0
587 686 0
121 687 0
213 687 0
299 687 0
366 687 0
451 687 0
121 688 0
272 688 0
488 688 2
494 688 2
123 689 0
123 690 0
133 690 4
167 690 0
195 690 0
354 690 0
434 690 0
480 690 3
584 690 3
662 690 4
124 691 0
148 691 0
199 691 1
213 691 0
218 691 1
232 691 0
320 691 0
686 691 0
124 692 1
134 692 1
289 692 1
354 692 2
366 692 3
124 693 1
194 693 3
254 693 5
276 693 1
279 693 0
289 693 3
354 693 5
488 693 6
494 693 5
667 693 3
674 693 2
688 693 2
126 694 6
195 694 2
197 694 3
205 694 2
218 694 3
273 694 5
445 694 5
592 694 1
593 694 5
647 694 2
126 695 2
215 695 1
218 695 5
471 695 1
649 695 1
694 695 2
127 696 1
319 696 2
320 696 3
322 696 2
402 696 0
129 697 2
191 697 0
197 697 8
204 697 9
206 697 3
209 697 1
210 697 5
211 697 8
214 697 6
218 697 9
342 697 0
400 697 8
440 697 3
511 697 1
649 697 1
686 697 0
129 698 1
161 698 3
296 698 3
400 698 5
440 698 4
583 698 5
130 699 2
182 699 0
458 699 1
497 699 0
584 699 1
613 699 1
130 700 0
268 700 0
398 700 1
458 700 1
498 700 0
130 701 0
155 701 1
236 701 1
249 701 0
268 701 2
130 702 0
686 702 0
130 703 0
372 703 0
453 703 0
660 703 0
686 703 0
133 704 1
193 704 0
236 704 1
350 704 1
408 704 0
414 704 0
531 704 1
133 705 4
480 705 6
584 705 3
662 705 4
690 705 4
133 706 0
236 706 1
315 706 2
357 706 1
457 706 0
133 707 0
453 707 1
597 707 1
133 708 1
237 708 1
474 708 4
480 708 4
482 708 4
483 708 2
542 708 0
544 708 0
553 708 4
563 708 6
134 709 0
266 709 2
572 709 2
134 710 0
136 710 2
185 710 0
232 710 1
251 710 0
268 710 1
312 710 1
329 710 0
349 710 1
358 710 1
465 710 0
520 710 1
134 711 0
312 711 2
314 711 2
508 711 0
134 712 0
377 712 0
134 713 0
134 714 1
182 714 0
577 714 0
597 714 1
661 714 0
135 715 0
255 715 0
135 716 0
135 717 1
259 717 0
312 717 1
507 717 0
139 718 2
140 718 0
147 718 1
266 718 1
139 719 2
146 719 2
353 719 2
556 719 0
139 720 1
148 720 1
542 720 0
544 720 0
556 720 0
709 720 0
139 721 0
140 722 2
141 722 3
142 722 1
151 722 3
141 723 3
182 723 0
331 723 7
355 723 7
388 723 5
395 723 8
411 723 4
412 723 3
433 723 4
503 723 4
589 723 9
590 723 7
142 724 5
198 724 0
218 724 2
283 724 3
290 724 1
298 724 6
355 724 2
389 724 0
407 724 0
437 724 2
541 724 5
551 724 7
590 724 4
591 724 3
594 724 2
599 724 0
142 725 6
182 725 0
298 725 17
384 725 0
388 725 14
408 725 5
409 725 7
411 725 1
433 725 15
503 725 4
541 725 10
551 725 15
570 725 10
590 725 3
724 725 6
142 726 0
350 726 0
142 727 1
142 728 3
283 728 3
298 728 8
304 728 1
388 728 5
408 728 4
433 728 7
437 728 3
541 728 7
551 728 7
724 728 7
725 728 8
142 729 7
298 729 9
331 729 7
371 729 0
380 729 6
385 729 4
392 729 7
406 729 2
499 729 0
503 729 8
551 729 7
589 729 5
632 729 1
724 729 3
142 730 1
405 730 1
407 730 1
449 730 0
727 730 3
143 731 0
709 731 0
143 732 0
709 732 0
143 733 0
375 733 0
144 734 1
151 734 1
144 735 2
184 735 2
340 735 2
370 735 3
504 735 0
145 736 2
148 736 2
151 736 3
620 736 0
635 736 0
722 736 1
146 737 0
146 738 1
151 738 1
151 739 0
151 740 1
156 740 0
504 740 0
558 740 1
597 740 1
602 740 1
151 741 1
184 741 1
221 741 0
595 741 0
599 741 1
152 742 6
332 742 0
346 742 5
395 742 4
411 742 3
589 742 6
590 742 4
152 743 6
355 743 6
589 743 6
590 743 6
723 743 5
152 744 6
355 744 3
395 744 3
411 744 2
592 744 0
743 744 5
152 745 5
346 745 3
590 745 5
723 745 3
742 745 5
743 745 6
744 745 4
152 746 3
355 746 3
395 746 2
589 746 3
723 746 3
152 747 6
346 747 4
395 747 4
433 747 1
589 747 5
742 747 5
743 747 4
744 747 5
745 747 5
156 748 0
305 748 0
413 748 0
442 748 0
157 749 0
270 749 1
355 749 1
357 749 1
377 749 1
416 749 1
157 750 0
157 751 3
390 751 2
394 751 2
656 751 2
660 751 3
157 752 2
377 752 0
394 752 1
157 753 2
660 753 1
752 753 1
157 754 0
259 754 1
417 754 1
507 754 0
705 754 0
158 755 1
275 755 1
298 755 17
388 755 13
395 755 6
397 755 1
430 755 2
433 755 13
541 755 8
551 755 14
570 755 11
589 755 3
725 755 11
729 755 3
159 756 0
459 756 10
470 756 4
475 756 0
485 756 4
486 756 3
512 756 5
532 756 1
581 756 0
159 757 0
159 758 0
162 759 0
175 760 0
307 760 2
338 760 3
339 760 2
455 760 1
181 761 0
563 761 0
181 762 0
182 763 0
497 763 1
182 764 2
312 764 1
358 764 2
465 764 2
520 764 1
522 764 4
527 764 3
548 764 3
550 764 2
182 765 1
186 765 1
184 766 1
267 766 3
353 766 3
364 766 2
366 766 0
394 766 1
185 767 0
187 768 6
255 768 0
351 768 7
357 768 0
466 768 6
561 768 5
587 768 9
653 768 8
655 768 4
659 768 6
187 769 4
466 769 5
587 769 6
653 769 4
768 769 4
187 770 0
514 770 0
187 771 3
450 771 0
587 771 4
653 771 3
659 771 3
188 772 0
410 772 0
648 772 0
188 773 1
463 773 1
765 773 0
191 774 1
192 774 0
197 774 1
216 774 0
229 774 2
247 774 8
330 774 2
406 774 1
407 774 1
419 774 1
428 774 1
442 774 4
511 774 5
554 774 3
649 774 0
696 774 0
703 774 0
755 774 0
191 775 0
239 775 0
193 776 1
195 776 1
194 777 1
336 777 0
670 777 1
195 778 0
195 779 6
196 779 3
197 779 3
198 779 6
214 779 7
215 779 7
217 779 5
220 779 6
288 779 9
316 779 2
326 779 5
583 779 3
598 779 6
195 780 2
210 780 1
288 780 2
389 780 1
196 781 0
197 782 2
204 782 1
292 782 0
646 782 2
648 782 0
702 782 0
743 782 0
198 783 0
379 783 3
380 783 5
381 783 6
383 783 4
384 783 5
198 784 0
198 785 6
214 785 6
215 785 7
220 785 8
288 785 5
362 785 3
389 785 1
595 785 0
598 785 3
646 785 2
694 785 0
779 785 6
782 785 1
199 786 1
646 786 1
724 786 0
199 787 0
298 787 11
388 787 11
409 787 4
433 787 11
551 787 10
570 787 10
725 787 11
755 787 10
202 788 0
203 789 0
218 789 1
696 789 0
697 789 1
203 790 0
204 791 5
207 791 4
210 791 3
211 791 4
218 791 4
647 791 2
211 792 1
212 792 1
737 792 0
211 793 0
216 793 0
211 794 0
312 794 3
314 794 2
711 794 2
764 794 1
212 795 0
360 795 0
383 795 0
212 796 0
697 796 0
215 797 0
400 797 0
724 797 0
217 798 0
218 799 0
218 800 1
697 800 1
219 801 1
389 801 1
400 801 0
432 801 0
221 802 0
221 803 0
222 804 0
223 805 1
224 805 0
440 805 2
494 805 1
583 805 2
698 805 2
226 806 0
227 807 0
418 807 3
470 807 4
512 807 6
563 807 3
756 807 3
229 808 2
247 808 6
378 808 2
388 808 0
442 808 4
511 808 4
774 808 6
793 808 0
230 809 2
253 809 2
333 809 2
469 809 0
232 810 0
301 810 0
479 810 2
577 810 0
232 811 1
238 811 1
717 811 0
753 811 0
232 812 1
238 812 1
232 813 0
232 814 0
269 814 0
232 815 0
269 815 0
446 815 0
548 815 0
564 815 0
708 815 1
233 816 0
307 816 2
424 816 1
428 816 0
455 816 1
234 817 0
461 817 1
500 817 0
236 818 0
466 818 3
587 818 5
769 818 2
771 818 1
236 819 0
236 820 2
453 820 2
463 820 3
500 820 0
623 820 3
733 820 0
236 821 0
431 821 1
522 821 3
527 821 2
609 821 1
764 821 3
237 822 0
815 822 0
237 823 2
277 823 4
421 823 3
446 823 3
553 823 5
563 823 6
564 823 1
238 824 0
656 824 0
706 824 0
813 824 0
239 825 0
242 825 0
240 826 2
315 826 2
330 826 0
414 826 2
241 827 0
242 828 0
269 828 1
350 828 1
242 829 0
242 830 0
531 830 0
548 830 0
243 831 0
247 832 6
378 832 2
387 832 0
503 832 0
511 832 5
541 832 0
554 832 3
774 832 5
808 832 5
247 833 6
442 833 3
511 833 4
554 833 3
774 833 6
808 833 5
832 833 5
250 834 0
390 834 0
254 835 0
270 835 1
450 835 0
467 835 0
469 835 0
517 835 0
670 835 0
254 836 1
289 836 2
254 837 3
289 837 2
354 837 3
366 837 2
836 837 2
254 838 1
286 838 1
255 839 0
390 839 1
398 839 1
424 839 0
457 839 1
458 839 3
699 839 1
700 839 2
255 840 0
352 840 0
255 841 0
458 841 0
256 842 0
256 843 0
307 843 0
350 843 0
578 843 0
259 844 0
259 845 0
339 845 0
391 845 0
394 845 0
656 845 0
811 845 0
263 846 0
277 846 0
300 846 0
480 846 2
705 846 4
815 846 0
263 847 1
277 847 1
418 847 5
459 847 6
470 847 5
485 847 4
512 847 8
563 847 6
756 847 6
807 847 6
263 848 1
300 848 1
474 848 3
478 848 3
481 848 1
553 848 4
563 848 4
708 848 6
815 848 1
264 849 0
806 849 0
266 850 2
415 850 1
572 850 3
709 850 2
266 851 0
267 852 1
552 852 0
652 852 0
658 852 1
690 852 0
706 852 0
819 852 0
268 853 1
613 853 1
268 854 0
602 854 0
269 855 0
269 856 0
269 857 0
270 858 1
275 858 1
353 858 0
387 858 1
408 858 1
632 858 0
728 858 1
835 858 1
270 859 0
311 859 2
431 859 3
554 859 1
560 859 0
270 860 1
332 860 1
710 860 1
272 861 0
273 862 0
274 863 0
367 863 0
426 863 0
275 864 0
275 865 0
577 865 0
276 866 0
277 867 5
426 867 0
481 867 0
553 867 4
563 867 4
823 867 4
854 867 2
277 868 3
482 868 1
553 868 3
563 868 4
853 868 0
854 868 2
867 868 5
277 869 3
332 869 0
350 869 0
475 869 0
483 869 1
823 869 2
867 869 2
277 870 1
483 870 1
854 870 0
869 870 2
278 871 1
369 871 2
375 871 4
416 871 4
605 871 1
608 871 1
629 871 1
633 871 1
749 871 1
286 872 0
286 873 1
354 873 2
488 873 3
494 873 2
286 874 1
294 874 2
479 874 1
494 874 1
674 874 1
286 875 0
286 876 0
296 876 0
286 877 1
488 877 2
494 877 1
286 878 1
366 878 1
698 878 0
289 879 2
667 879 1
836 879 1
295 880 1
307 880 1
329 880 0
341 880 0
530 880 0
296 881 1
376 881 0
440 881 1
565 881 0
297 882 0
585 882 0
297 883 1
298 883 4
340 883 2
382 883 0
388 883 5
412 883 3
428 883 3
433 883 3
551 883 4
687 883 0
691 883 0
774 883 1
298 884 10
388 884 10
433 884 10
551 884 10
570 884 10
725 884 10
755 884 10
783 884 0
787 884 10
298 885 11
388 885 11
433 885 11
541 885 7
551 885 11
570 885 10
725 885 11
755 885 11
787 885 10
884 885 10
298 886 10
388 886 10
433 886 10
551 886 10
570 886 10
725 886 10
755 886 10
787 886 10
884 886 10
885 886 10
298 887 11
388 887 11
433 887 11
541 887 7
551 887 11
570 887 10
725 887 11
755 887 11
787 887 10
884 887 10
885 887 11
886 887 10
302 888 3
340 888 6
356 888 3
511 888 2
302 889 4
340 889 3
380 889 4
381 889 5
384 889 5
387 889 1
395 889 1
506 889 0
783 889 3
302 890 4
340 890 6
356 890 3
383 890 5
577 890 2
783 890 1
888 890 4
302 891 4
340 891 3
380 891 4
383 891 5
392 891 5
395 891 2
408 891 3
409 891 3
430 891 2
503 891 3
302 892 1
331 892 2
392 892 3
503 892 2
302 893 2
392 893 7
302 894 2
331 894 3
392 894 8
503 894 4
591 894 0
783 894 0
893 894 6
302 895 5
340 895 8
356 895 3
383 895 4
384 895 3
511 895 2
773 895 0
888 895 6
890 895 5
303 896 0
305 897 0
428 897 0
305 898 2
310 898 1
305 899 1
710 899 0
898 899 1
306 900 0
309 901 0
313 901 3
391 901 0
526 901 3
557 901 3
560 901 2
309 902 0
528 902 1
557 902 1
794 902 0
311 903 1
407 903 1
430 903 0
511 903 2
311 904 0
331 904 0
355 904 0
401 904 0
311 905 0
311 906 1
431 906 3
859 906 3
890 906 0
311 907 1
335 907 0
340 907 1
407 907 1
426 907 0
511 907 4
718 907 0
832 907 1
903 907 3
312 908 0
312 909 0
312 910 0
906 910 0
313 911 3
467 911 1
526 911 4
557 911 5
560 911 4
901 911 5
315 912 0
315 913 1
414 913 2
451 913 1
318 914 0
321 914 1
445 914 1
320 915 0
321 916 0
325 917 0
329 918 0
428 918 0
331 919 3
392 919 6
503 919 4
893 919 4
894 919 6
332 920 0
357 920 0
332 921 0
459 921 2
485 921 1
333 922 2
456 922 1
611 922 1
854 922 0
333 923 2
607 923 3
633 923 3
895 923 0
333 924 0
597 924 0
334 925 0
798 925 0
336 926 1
432 926 1
338 927 1
553 927 2
338 928 1
367 928 1
424 928 0
852 928 0
338 929 2
353 929 1
760 929 1
338 930 0
338 931 0
431 931 2
467 931 0
338 932 0
476 932 0
339 933 0
339 934 2
657 934 3
760 934 1
340 935 3
381 935 2
783 935 1
888 935 2
895 935 2
340 936 1
409 936 0
735 936 1
340 937 1
383 937 2
386 937 1
343 938 0
346 939 4
589 939 4
723 939 3
744 939 1
747 939 3
346 940 2
723 940 1
939 940 2
346 941 1
397 941 1
506 941 0
940 941 1
346 942 0
395 942 1
411 942 1
346 943 1
395 943 1
742 943 2
346 944 4
355 944 6
589 944 7
590 944 6
723 944 5
729 944 1
742 944 4
743 944 6
744 944 3
745 944 6
346 945 3
355 945 3
589 945 4
723 945 3
939 945 3
348 946 0
349 947 0
349 948 0
351 949 1
450 949 1
529 949 0
537 949 1
714 949 0
351 950 1
587 950 1
351 951 3
466 951 3
587 951 3
818 951 2
949 951 1
351 952 3
367 952 1
391 952 1
587 952 4
597 952 0
655 952 3
768 952 3
770 952 0
818 952 1
352 953 1
364 953 2
368 953 1
567 953 1
587 953 0
706 953 0
353 954 0
354 955 0
354 956 0
421 956 2
478 956 3
479 956 4
563 956 4
810 956 2
354 957 0
387 957 1
395 957 3
397 957 1
723 957 3
941 957 1
354 958 0
355 959 1
398 959 2
571 959 1
355 960 1
589 960 1
357 961 0
364 961 1
367 961 1
659 961 1
953 961 1
361 962 1
431 962 3
859 962 1
931 962 1
366 963 0
366 964 1
467 964 1
599 964 1
741 964 1
366 965 0
375 966 1
609 966 1
375 967 2
402 967 1
611 967 3
375 968 1
633 968 1
375 969 0
375 970 0
376 971 0
376 972 0
377 973 0
730 973 0
377 974 0
690 974 0
769 974 0
379 975 0
392 975 4
397 975 0
727 975 0
772 975 0
830 975 0
864 975 0
893 975 4
894 975 4
381 976 0
388 977 1
725 977 1
889 977 0
390 978 1
495 978 0
497 978 0
656 978 1
391 979 0
458 979 1
571 979 0
839 979 1
392 980 7
503 980 4
729 980 3
893 980 5
894 980 6
919 980 5
975 980 4
392 981 2
729 981 1
893 981 1
392 982 6
412 982 0
584 982 0
729 982 2
893 982 5
894 982 5
919 982 4
975 982 4
980 982 6
394 983 1
660 983 1
395 984 0
607 984 2
611 984 0
633 984 2
923 984 2
395 985 2
723 985 2
957 985 2
400 986 1
657 986 2
698 986 1
934 986 2
401 987 0
713 987 0
860 987 1
401 988 0
860 988 1
403 989 0
461 989 2
664 989 0
817 989 1
406 990 0
406 991 0
511 991 1
727 991 2
730 991 2
907 991 2
409 992 1
433 992 1
417 993 0
705 993 0
417 994 1
459 994 5
476 994 4
481 994 0
482 994 5
483 994 5
485 994 4
563 994 6
956 994 2
421 995 3
446 995 3
476 995 2
479 995 1
563 995 4
704 995 0
956 995 4
994 995 3
422 996 0
426 997 0
426 998 1
506 998 1
426 999 0
428 1000 0
457 1000 0
498 1000 1
610 1000 0
686 1000 0
428 1001 1
459 1001 2
921 1001 1
430 1002 0
727 1002 2
730 1002 2
907 1002 1
991 1002 3
431 1003 2
906 1003 4
431 1004 4
792 1004 3
859 1004 2
906 1004 5
909 1004 3
931 1004 1
1003 1004 5
438 1005 0
446 1006 1
474 1006 2
553 1006 1
686 1006 0
450 1007 0
482 1007 0
451 1008 1
455 1008 1
461 1008 1
540 1008 0
554 1008 0
989 1008 1
451 1009 0
466 1009 0
706 1009 0
835 1009 0
451 1010 0
893 1010 0
930 1010 0
453 1011 0
453 1012 2
463 1012 1
621 1012 1
453 1013 0
635 1013 0
457 1014 0
457 1015 0
520 1015 0
458 1016 1
458 1017 0
458 1018 1
612 1018 0
1016 1018 2
459 1019 3
474 1019 0
476 1019 2
485 1019 3
756 1019 2
459 1020 0
459 1021 0
482 1021 0
459 1022 1
485 1022 1
807 1022 0
922 1022 0
459 1023 1
483 1023 1
459 1024 1
756 1024 1
459 1025 4
486 1025 4
563 1025 3
756 1025 3
994 1025 2
459 1026 1
756 1026 1
461 1027 0
463 1028 0
465 1029 0
465 1030 0
586 1030 0
467 1031 0
597 1031 0
467 1032 0
470 1033 3
512 1033 3
542 1033 0
807 1033 3
847 1033 3
474 1034 3
482 1034 3
708 1034 5
846 1034 3
848 1034 4
869 1034 1
476 1035 1
485 1035 1
823 1035 0
478 1036 3
479 1036 3
810 1036 2
848 1036 1
956 1036 3
480 1037 2
564 1037 0
705 1037 1
708 1037 2
869 1037 1
1034 1037 2
480 1038 2
705 1038 4
846 1038 5
1034 1038 3
482 1039 0
482 1040 3
490 1040 3
496 1040 3
606 1040 3
482 1041 0
482 1042 2
705 1042 3
846 1042 4
848 1042 2
994 1042 1
1034 1042 5
1038 1042 4
486 1043 0
486 1044 2
756 1044 3
847 1044 1
1025 1044 2
488 1045 0
600 1045 0
494 1046 0
674 1046 0
497 1047 1
763 1047 1
498 1048 1
1000 1048 1
503 1049 0
508 1049 0
710 1049 1
860 1049 3
987 1049 1
988 1049 1
511 1050 1
903 1050 1
513 1051 0
522 1052 3
545 1052 1
764 1052 2
821 1052 2
526 1053 2
557 1053 2
560 1053 1
911 1053 3
531 1054 0
534 1055 0
537 1056 0
545 1057 0
818 1057 0
899 1057 0
548 1058 0
552 1059 0
659 1059 0
552 1060 1
567 1060 1
553 1061 1
597 1061 0
827 1061 0
927 1061 1
554 1062 0
957 1062 0
559 1063 0
560 1064 1
911 1064 1
560 1065 2
794 1065 0
901 1065 2
911 1065 2
577 1066 2
686 1066 0
792 1066 4
906 1066 3
909 1066 4
1003 1066 4
1004 1066 7
577 1067 0
979 1067 0
1016 1067 1
1018 1067 1
577 1068 2
792 1068 4
906 1068 3
909 1068 4
1003 1068 4
1004 1068 7
1031 1068 1
1066 1068 9
577 1069 2
1004 1069 3
1066 1069 4
1068 1069 4
577 1070 0
586 1071 0
587 1072 1
769 1072 1
591 1073 0
592 1074 0
747 1074 0
592 1075 0
597 1076 0
609 1077 1
633 1077 0
792 1077 2
909 1077 2
1031 1077 1
1066 1077 3
1068 1077 4
609 1078 1
1077 1078 1
611 1079 2
967 1079 2
611 1080 0
611 1081 0
611 1082 0
611 1083 2
660 1083 0
967 1083 2
1079 1083 2
616 1084 0
650 1085 0
692 1085 0
657 1086 2
934 1086 2
986 1086 2
657 1087 1
657 1088 1
1087 1088 1
662 1089 0
920 1089 0
663 1090 0
670 1091 0
679 1092 0
693 1093 0
698 1094 0
877 1094 0
700 1095 0
704 1096 0
807 1096 0
1023 1096 0
705 1097 3
708 1097 2
846 1097 4
847 1097 0
848 1097 3
1034 1097 5
1038 1097 4
1042 1097 5
713 1098 0
723 1099 1
957 1099 1
756 1100 0
764 1101 0
767 1102 0
770 1103 0
792 1104 3
909 1104 3
1003 1104 3
1004 1104 6
1065 1104 0
1066 1104 6
1068 1104 6
1069 1104 3
801 1105 0
823 1106 0
833 1107 0
835 1108 0
835 1109 0
835 1110 0
854 1111 2
867 1111 2
868 1111 2
994 1111 0
1044 1111 0
1097 1111 0
858 1112 0
864 1112 0
869 1113 0
873 1114 0
883 1115 0
889 1116 0
897 1117 0
918 1118 0
929 1119 0
930 1120 0
959 1121 0
978 1122 0
996 1122 0
980 1123 0
997 1124 0
1000 1125 0
1008 1126 0
1022 1127 0
1052 1128 0
1072 1129 0
1079 1130 0
1086 1131 0
1095 1132 1
1132 1132 2
