0 1 7
2 3 7
1 4 5
3 4 7
0 5 7
1 5 8
4 5 15
2 6 5
3 6 5
0 8 5
1 8 4
5 8 5
0 9 3
1 9 3
0 10 7
1 10 8
5 10 7
8 10 4
9 10 3
0 11 6
1 11 7
3 11 6
4 11 13
5 11 16
10 11 6
2 12 5
3 12 7
4 12 13
5 12 15
7 12 7
11 12 12
0 13 6
1 13 7
4 13 14
5 13 21
10 13 6
11 13 13
12 13 11
4 14 5
12 14 4
14 16 1
15 16 2
14 17 4
15 17 4
4 18 6
5 18 10
12 18 8
13 18 9
0 19 4
4 19 14
5 19 19
7 19 12
8 19 2
11 19 11
12 19 15
13 19 16
14 19 4
17 19 5
18 19 11
5 20 12
7 20 11
12 20 11
13 20 11
17 20 5
18 20 9
19 20 18
2 21 6
3 21 8
4 21 10
5 21 8
6 21 5
9 21 1
11 21 9
12 21 9
13 21 7
19 21 7
4 22 10
5 22 14
7 22 12
11 22 9
12 22 12
13 22 12
18 22 11
19 22 18
20 22 15
5 23 2
12 23 2
5 24 5
11 24 4
12 24 4
5 25 12
7 25 11
12 25 11
13 25 10
18 25 8
19 25 16
20 25 15
22 25 14
5 26 10
13 26 9
18 26 7
19 26 12
20 26 11
22 26 11
4 27 6
5 27 12
7 27 11
13 27 10
19 27 15
20 27 13
22 27 15
24 27 3
25 27 12
26 27 11
5 28 6
7 28 6
13 28 5
18 28 4
27 28 9
14 29 1
15 29 2
17 29 4
20 29 2
14 30 4
15 30 5
16 30 3
17 30 4
22 30 2
5 31 12
7 31 10
11 31 6
12 31 10
18 31 9
19 31 14
22 31 14
23 31 2
24 31 5
25 31 11
26 31 9
27 31 14
28 31 8
4 32 5
5 32 5
13 32 5
19 32 4
21 32 5
0 33 7
1 33 9
2 33 4
3 33 6
4 33 9
5 33 11
6 33 4
8 33 4
9 33 4
10 33 8
11 33 10
13 33 9
21 33 10
32 33 4
1 34 6
4 34 5
5 34 6
10 34 5
11 34 6
13 34 6
33 34 6
4 35 4
14 35 3
2 36 4
3 36 5
4 36 8
5 36 8
12 36 10
13 36 7
17 36 3
19 36 9
20 36 9
25 36 6
26 36 4
35 36 3
2 37 7
3 37 9
4 37 14
5 37 12
6 37 5
7 37 9
11 37 11
12 37 15
14 37 7
15 37 4
17 37 7
19 37 16
20 37 13
21 37 10
22 37 14
25 37 10
30 37 6
33 37 7
35 37 4
36 37 11
2 38 6
3 38 8
4 38 9
6 38 4
11 38 5
12 38 9
14 38 5
15 38 3
20 38 4
21 38 7
30 38 4
35 38 4
36 38 7
37 38 15
22 39 8
26 39 6
27 39 9
28 39 5
31 39 8
37 39 5
38 39 2
5 40 11
7 40 12
11 40 6
13 40 10
19 40 15
20 40 14
22 40 15
25 40 12
26 40 10
27 40 15
28 40 8
37 40 11
39 40 9
7 41 12
19 41 12
20 41 11
22 41 12
25 41 11
27 41 13
28 41 7
31 41 11
37 41 9
39 41 9
40 41 13
7 42 9
18 42 7
19 42 11
20 42 10
22 42 12
25 42 9
26 42 8
27 42 11
31 42 10
39 42 7
40 42 10
41 42 10
4 43 7
7 43 12
15 43 6
16 43 2
17 43 6
18 43 7
19 43 14
20 43 14
22 43 14
27 43 13
28 43 8
29 43 4
30 43 7
31 43 11
37 43 13
38 43 6
39 43 10
40 43 13
41 43 13
42 43 10
19 44 9
20 44 8
25 44 7
26 44 7
27 44 10
31 44 8
39 44 6
40 44 9
41 44 9
43 44 8
4 45 9
5 45 15
7 45 12
11 45 10
12 45 12
13 45 12
19 45 17
20 45 14
22 45 16
24 45 5
25 45 13
26 45 9
27 45 16
28 45 8
31 45 14
37 45 12
40 45 15
41 45 12
43 45 12
44 45 9
7 46 2
29 46 1
30 46 1
40 46 2
43 46 4
