0 1 3
0 2 2
0 3 2
1 3 2
0 4 3
2 4 2
0 5 5
1 5 3
2 5 3
3 5 2
4 5 3
0 6 3
1 6 2
4 6 3
5 6 4
2 7 1
5 7 2
6 7 1
3 8 13
3 9 7
8 9 9
3 10 7
6 10 1
8 10 7
3 11 12
8 11 12
9 11 9
10 11 4
3 12 11
6 12 2
8 12 14
9 12 7
10 12 9
11 12 8
3 13 4
8 13 8
11 13 6
12 13 8
3 14 6
7 14 1
8 14 5
9 14 4
11 14 5
12 14 4
3 15 3
10 15 4
12 15 3
3 16 2
10 16 2
15 16 2
3 17 3
11 17 4
12 17 4
13 17 4
3 18 1
6 18 1
12 18 2
3 19 1
10 19 2
3 20 4
8 20 5
9 20 6
11 20 3
3 21 4
8 21 4
10 21 3
11 21 3
3 22 3
6 22 1
8 22 3
11 22 2
3 23 4
8 23 6
12 23 6
21 23 2
3 24 5
8 24 6
9 24 5
12 24 5
20 24 5
3 25 2
6 25 1
14 25 1
22 25 3
3 26 4
8 26 6
11 26 5
14 26 3
24 26 5
3 27 4
8 27 6
9 27 5
11 27 4
23 27 4
4 28 0
4 29 1
6 29 1
11 29 1
13 29 1
4 30 1
7 30 1
4 31 1
30 31 7
8 32 4
12 32 4
13 32 2
23 32 3
8 33 5
10 33 5
12 33 7
23 33 4
32 33 3
8 35 5
10 35 4
34 35 4
12 36 2
34 36 1
35 36 1
8 37 3
10 37 4
33 37 4
34 37 2
35 37 4
10 38 5
12 38 3
33 38 4
34 38 3
35 38 4
37 38 4
10 39 4
12 39 4
33 39 3
34 39 2
35 39 4
38 39 5
8 40 12
12 40 8
13 40 5
20 40 3
22 40 2
24 40 6
25 40 1
26 40 5
27 40 4
35 40 3
39 40 3
8 41 4
9 41 4
12 41 6
27 41 5
36 41 2
40 41 5
8 42 3
13 42 4
39 42 1
40 42 4
8 43 3
13 43 2
35 43 1
42 43 2
8 44 4
12 44 3
13 44 3
35 44 2
40 44 4
8 45 4
9 45 3
11 45 4
26 45 4
40 45 3
8 46 1
12 46 2
9 47 6
11 47 7
12 47 12
13 47 5
17 47 3
23 47 4
24 47 4
26 47 4
27 47 6
33 47 3
36 47 2
37 47 1
40 47 9
41 47 6
42 47 2
45 47 4
46 47 1
9 48 2
20 48 3
9 49 2
20 49 3
31 49 1
48 49 3
9 50 1
11 50 1
9 51 1
9 52 1
22 52 0
51 52 3
20 53 2
24 53 3
26 53 2
40 53 3
12 54 4
23 54 3
27 54 4
40 54 4
41 54 4
47 54 5
10 55 3
12 55 2
15 55 2
19 55 1
11 56 0
19 56 0
43 56 0
13 57 0
20 57 2
48 57 2
49 57 2
56 57 0
7 58 3
14 58 1
30 58 2
49 58 0
50 58 0
51 58 4
52 58 2
59 60 3
59 61 0
59 62 3
60 62 4
59 63 3
60 63 3
62 63 3
51 64 4
52 64 2
58 64 5
51 65 3
58 65 5
64 65 5
28 66 1
30 66 10
64 66 2
30 67 1
64 67 2
65 67 1
66 67 2
58 68 2
64 68 2
65 68 2
51 69 3
58 69 3
64 69 3
65 69 3
30 70 2
64 70 1
66 70 4
7 71 0
68 71 0
70 71 2
28 72 1
49 72 1
66 72 12
70 72 4
71 72 9
30 73 10
31 73 4
66 73 11
71 73 5
72 73 9
30 74 8
31 74 6
66 74 6
71 74 6
72 74 11
73 74 10
30 75 10
31 75 8
70 75 3
71 75 10
72 75 11
73 75 9
74 75 10
30 76 8
31 76 5
49 76 2
53 76 0
66 76 4
71 76 5
72 76 7
75 76 8
19 77 0
30 77 4
31 77 3
58 77 1
71 77 2
75 77 4
76 77 4
31 78 2
71 78 3
72 78 3
74 78 4
75 78 4
30 79 3
71 79 3
72 79 5
74 79 6
75 79 6
30 80 1
66 80 2
71 80 1
72 80 2
71 81 0
30 82 6
31 82 5
71 82 5
72 82 6
73 82 7
74 82 7
75 82 8
76 82 6
30 83 4
71 83 3
73 83 5
75 83 5
76 83 4
30 84 10
60 84 3
62 84 3
66 84 12
72 84 11
73 84 14
74 84 10
75 84 8
76 84 7
79 84 5
81 84 2
82 84 6
83 84 6
7 85 1
58 85 2
65 85 1
66 85 1
72 85 1
30 86 5
60 86 1
61 86 1
66 86 9
72 86 5
73 86 8
76 86 4
81 86 2
84 86 11
72 87 2
74 87 3
83 87 1
84 87 3
66 88 4
72 88 4
74 88 3
84 88 4
66 89 5
72 89 5
73 89 4
84 89 5
86 89 4
88 89 3
66 90 3
70 90 2
72 90 3
31 91 2
72 91 4
74 91 5
75 91 4
79 91 4
90 91 1
72 92 2
73 92 2
75 92 2
30 93 4
66 93 4
73 93 5
86 93 3
73 94 4
84 94 3
93 94 2
61 95 0
73 95 1
94 95 2
66 96 4
73 96 5
84 96 5
94 96 2
66 97 4
73 97 4
81 97 2
84 97 5
86 97 4
96 97 3
73 98 2
74 98 3
87 98 1
91 98 2
30 99 5
59 99 3
60 99 4
62 99 5
63 99 3
66 99 7
73 99 6
74 99 4
84 99 7
90 99 1
93 99 3
62 100 2
66 100 5
73 100 7
79 100 2
83 100 2
84 100 9
86 100 4
91 100 2
96 100 3
98 100 2
99 100 4
61 101 1
84 101 3
86 101 3
94 101 1
100 101 2
46 102 0
93 102 1
94 102 2
95 102 1
67 103 1
67 104 1
69 104 0
103 104 1
