0 8
1 10
2 3
3 0
4 8
5 0
6 3
7 4
8 4
9 8
10 0
11 14
12 5
13 3
14 5
15 3
16 8
17 13
18 5
19 2
20 13
21 4
22 4
23 8
24 14
25 10
26 5
27 13
28 14
29 2
30 2
31 5
32 3
33 10
34 5
35 2
36 5
37 10
38 5
39 3
40 0
41 8
42 5
43 5
44 12
45 10
46 6
47 3
48 12
49 6
50 14
51 4
52 0
53 6
54 5
55 2
56 13
57 12
58 6
59 13
60 3
61 5
62 13
63 13
64 3
65 13
66 12
67 6
68 4
69 14
70 13
71 5
72 0
73 6
74 0
75 12
76 13
77 4
78 4
79 2
80 2
81 0
82 2
83 6
84 0
85 5
86 12
87 13
88 6
89 10
90 14
91 12
92 12
93 8
94 2
95 13
96 13
97 13
98 0
99 5
100 3
101 2
102 0
103 10
104 8
105 10
106 3
107 0
108 4
109 10
110 6
111 4
112 12
113 13
114 6
