0 4
0 7
0 20
0 21
0 22
0 35
0 36
0 44
0 50
0 52
0 60
0 63
0 81
0 86
0 93
0 96
0 97
0 99
1 3
1 15
1 24
1 27
1 36
1 38
1 43
1 44
1 51
1 53
1 57
1 61
1 65
1 69
1 73
1 74
1 83
1 99
2 6
2 12
2 29
2 45
2 48
2 51
2 56
2 63
2 70
2 76
2 78
2 84
2 85
2 87
2 88
2 89
2 91
2 93
3 1
3 13
3 19
3 34
3 37
3 40
3 41
3 42
3 45
3 62
3 66
3 69
3 71
3 77
3 78
3 90
3 94
3 97
4 0
4 16
4 20
4 24
4 34
4 44
4 46
4 61
4 62
4 64
4 75
4 76
4 81
4 82
4 90
4 91
4 92
4 96
5 7
5 10
5 12
5 13
5 17
5 18
5 19
5 21
5 23
5 24
5 25
5 32
5 42
5 44
5 53
5 57
5 65
5 73
6 2
6 8
6 19
6 22
6 24
6 29
6 30
6 31
6 39
6 41
6 44
6 54
6 61
6 63
6 86
6 89
6 95
6 99
7 0
7 5
7 10
7 11
7 12
7 24
7 25
7 29
7 30
7 31
7 43
7 46
7 50
7 57
7 58
7 73
7 74
7 84
8 6
8 17
8 19
8 33
8 38
8 46
8 51
8 56
8 59
8 66
8 67
8 75
8 80
8 84
8 85
8 88
8 91
8 99
9 13
9 20
9 23
9 40
9 41
9 53
9 55
9 65
9 69
9 70
9 78
9 79
9 82
9 86
9 87
9 94
9 95
9 97
10 5
10 7
10 15
10 17
10 19
10 25
10 42
10 46
10 50
10 58
10 59
10 66
10 73
10 75
10 89
10 91
10 94
10 98
11 7
11 17
11 22
11 24
11 31
11 32
11 38
11 41
11 54
11 62
11 64
11 77
11 84
11 87
11 88
11 89
11 92
11 94
12 2
12 5
12 7
12 23
12 28
12 37
12 39
12 50
12 53
12 57
12 67
12 79
12 81
12 85
12 86
12 87
12 93
12 97
13 3
13 5
13 9
13 24
13 37
13 47
13 53
13 54
13 55
13 61
13 65
13 67
13 74
13 80
13 86
13 90
13 93
13 95
14 17
14 26
14 36
14 47
14 62
14 67
14 68
14 71
14 73
14 75
14 81
14 83
14 85
14 86
14 87
14 90
14 92
14 97
15 1
15 10
15 18
15 21
15 51
15 58
15 70
15 71
15 73
15 74
15 75
15 80
15 81
15 84
15 92
15 97
15 98
15 99
16 4
16 19
16 27
16 35
16 40
16 52
16 54
16 55
16 58
16 71
16 72
16 77
16 80
16 88
16 89
16 91
16 94
16 99
17 5
17 8
17 10
17 11
17 14
17 22
17 31
17 45
17 46
17 52
17 56
17 62
17 63
17 68
17 73
17 84
17 93
17 99
18 5
18 15
18 21
18 24
18 26
18 49
18 51
18 52
18 56
18 57
18 59
18 69
18 70
18 72
18 74
18 76
18 89
18 95
19 3
19 5
19 6
19 8
19 10
19 16
19 24
19 34
19 37
19 40
19 41
19 49
19 54
19 56
19 67
19 71
19 77
19 92
20 0
20 4
20 9
20 22
20 29
20 33
20 41
20 46
20 62
20 68
20 69
20 75
20 83
20 90
20 91
20 96
20 97
20 98
21 0
21 5
21 15
21 18
21 25
21 27
21 33
21 46
21 51
21 52
21 65
21 66
21 69
21 76
21 80
21 84
21 88
21 98
22 0
22 6
22 11
22 17
22 20
22 23
22 26
22 38
22 48
22 56
22 60
22 64
22 74
22 84
22 85
22 88
22 91
22 95
22 99
23 5
23 9
23 12
23 22
23 28
23 29
23 34
23 48
23 55
23 64
23 66
23 67
23 76
23 83
23 86
23 91
23 93
23 96
23 97
24 1
24 4
24 5
24 6
24 7
24 11
24 13
24 18
24 19
24 28
24 46
24 59
24 62
24 63
24 66
24 73
24 74
24 82
24 83
25 5
25 7
25 10
25 21
25 28
25 32
25 40
25 55
25 57
25 59
25 65
25 69
25 72
25 73
25 80
25 88
25 90
25 96
25 98
26 14
26 18
26 22
26 27
26 35
26 36
26 42
26 48
26 49
26 60
26 62
26 66
26 75
26 79
26 87
26 90
26 92
26 95
26 97
27 1
27 16
27 21
27 26
27 32
27 34
27 35
27 42
27 48
27 54
27 58
27 63
27 64
27 68
27 72
27 78
27 80
27 82
27 98
28 12
28 23
28 24
28 25
28 34
28 39
28 47
28 48
28 50
28 53
28 55
28 70
28 71
28 76
28 79
28 80
28 83
28 93
28 94
29 2
29 6
29 7
29 20
29 23
29 31
29 32
29 33
29 38
29 45
29 50
29 56
29 61
29 73
29 80
29 85
29 87
29 88
29 89
30 6
30 7
30 35
30 37
30 44
30 49
30 59
30 62
30 64
30 68
30 78
30 81
30 82
30 85
30 86
30 91
30 95
30 96
30 97
31 6
31 7
31 11
31 17
31 29
31 36
31 38
31 41
31 47
31 57
31 64
31 73
31 77
31 78
31 85
31 87
31 89
31 97
31 99
32 5
32 11
32 25
32 27
32 29
32 39
32 40
32 42
32 48
32 52
32 54
32 70
32 76
32 77
32 78
32 82
32 93
32 97
32 98
33 8
33 20
33 21
33 29
33 41
33 43
33 45
33 47
33 48
33 49
33 53
33 54
33 63
33 81
33 84
33 85
33 89
33 90
33 99
34 3
34 4
34 19
34 23
34 27
34 28
34 39
34 43
34 48
34 53
34 54
34 55
34 56
34 67
34 72
34 75
34 82
34 92
34 94
35 0
35 16
35 26
35 27
35 30
35 38
35 39
35 49
35 55
35 61
35 62
35 68
35 79
35 81
35 86
35 90
35 94
35 96
35 97
36 0
36 1
36 14
36 26
36 31
36 47
36 49
36 56
36 58
36 60
36 69
36 75
36 77
36 81
36 87
36 89
36 91
36 94
36 97
37 3
37 12
37 13
37 19
37 30
37 39
37 47
37 48
37 64
37 65
37 66
37 69
37 71
37 72
37 77
37 78
37 85
37 92
37 94
38 1
38 8
38 11
38 22
38 29
38 31
38 35
38 42
38 51
38 56
38 63
38 64
38 74
38 76
38 88
38 89
38 95
38 96
38 98
39 6
39 12
39 28
39 32
39 34
39 35
39 37
39 40
39 45
39 52
39 54
39 56
39 64
39 72
39 77
39 84
39 87
39 92
39 97
40 3
40 9
40 16
40 19
40 25
40 32
40 39
40 48
40 52
40 60
40 67
40 72
40 78
40 88
40 91
40 92
40 93
40 97
40 99
41 3
41 6
41 9
41 11
41 19
41 20
41 31
41 33
41 43
41 44
41 56
41 64
41 77
41 85
41 88
41 91
41 93
41 98
41 99
42 3
42 5
42 10
42 26
42 27
42 32
42 38
42 46
42 52
42 62
42 64
42 67
42 68
42 71
42 77
42 82
42 87
42 92
42 94
43 1
43 7
43 33
43 34
43 41
43 55
43 60
43 61
43 63
43 66
43 70
43 73
43 76
43 80
43 86
43 87
43 93
43 95
43 96
43 98
44 0
44 1
44 4
44 5
44 6
44 30
44 41
44 49
44 52
44 59
44 60
44 66
44 68
44 77
44 81
44 88
44 91
44 93
44 96
44 97
45 2
45 3
45 17
45 29
45 33
45 39
45 51
45 63
45 64
45 71
45 79
45 80
45 83
45 84
45 85
45 86
45 88
45 91
45 92
45 99
46 4
46 7
46 8
46 10
46 17
46 20
46 21
46 24
46 42
46 54
46 58
46 59
46 63
46 70
46 73
46 74
46 83
46 94
46 98
46 99
47 13
47 14
47 28
47 31
47 33
47 36
47 37
47 49
47 52
47 68
47 73
47 74
47 75
47 82
47 84
47 90
47 91
47 96
47 97
47 98
48 2
48 22
48 23
48 26
48 27
48 28
48 32
48 33
48 34
48 37
48 40
48 52
48 77
48 81
48 82
48 83
48 86
48 89
48 92
48 94
49 18
49 19
49 26
49 30
49 33
49 35
49 36
49 44
49 47
49 57
49 59
49 65
49 67
49 68
49 71
49 74
49 75
49 86
49 91
49 96
50 0
50 7
50 10
50 12
50 28
50 29
50 53
50 60
50 61
50 66
50 67
50 72
50 75
50 76
50 80
50 81
50 92
50 93
50 95
50 96
51 1
51 2
51 8
51 15
51 18
51 21
51 38
51 45
51 55
51 59
51 64
51 65
51 69
51 71
51 73
51 74
51 83
51 94
51 98
51 99
52 0
52 16
52 17
52 18
52 21
52 32
52 39
52 40
52 42
52 44
52 47
52 48
52 53
52 54
52 69
52 71
52 79
52 82
52 88
52 92
53 1
53 5
53 9
53 12
53 13
53 28
53 33
53 34
53 50
53 52
53 55
53 57
53 68
53 69
53 70
53 76
53 81
53 87
53 90
53 95
54 6
54 11
54 13
54 16
54 19
54 27
54 32
54 33
54 34
54 39
54 46
54 52
54 58
54 66
54 77
54 81
54 82
54 94
54 96
54 99
55 9
55 13
55 16
55 23
55 25
55 28
55 34
55 35
55 43
55 51
55 53
55 58
55 61
55 65
55 70
55 74
55 77
55 87
55 93
55 98
56 2
56 8
56 17
56 18
56 19
56 22
56 29
56 34
56 36
56 38
56 39
56 41
56 57
56 62
56 63
56 67
56 78
56 85
56 89
56 98
57 1
57 5
57 7
57 12
57 18
57 25
57 31
57 49
57 53
57 56
57 65
57 67
57 69
57 71
57 74
57 81
57 83
57 90
57 95
57 98
58 7
58 10
58 15
58 16
58 27
58 36
58 46
58 54
58 55
58 59
58 65
58 68
58 69
58 71
58 73
58 74
58 78
58 79
58 82
58 83
59 8
59 10
59 18
59 24
59 25
59 30
59 44
59 46
59 49
59 51
59 58
59 62
59 69
59 70
59 81
59 83
59 88
59 93
59 96
59 98
60 0
60 22
60 26
60 36
60 40
60 43
60 44
60 50
60 62
60 75
60 79
60 81
60 82
60 85
60 86
60 89
60 90
60 91
60 93
60 97
61 1
61 4
61 6
61 13
61 29
61 35
61 43
61 50
61 55
61 64
61 66
61 70
61 74
61 76
61 80
61 87
61 88
61 95
61 97
61 98
62 3
62 4
62 11
62 14
62 17
62 20
62 24
62 26
62 30
62 35
62 42
62 56
62 59
62 60
62 64
62 65
62 74
62 90
62 91
62 96
63 0
63 2
63 6
63 17
63 24
63 27
63 33
63 38
63 43
63 45
63 46
63 56
63 72
63 76
63 77
63 84
63 88
63 96
63 97
63 99
64 4
64 11
64 22
64 23
64 27
64 30
64 31
64 37
64 38
64 39
64 41
64 42
64 45
64 51
64 61
64 62
64 72
64 84
64 88
64 89
64 99
65 1
65 5
65 9
65 13
65 21
65 25
65 37
65 49
65 51
65 55
65 57
65 58
65 62
65 68
65 70
65 71
65 73
65 78
65 82
65 83
65 98
66 3
66 8
66 10
66 21
66 23
66 24
66 26
66 37
66 43
66 44
66 50
66 54
66 61
66 67
66 68
66 76
66 79
66 84
66 86
66 87
66 93
67 8
67 12
67 13
67 14
67 19
67 23
67 34
67 40
67 42
67 49
67 50
67 56
67 57
67 66
67 74
67 76
67 79
67 80
67 86
67 89
67 95
68 14
68 17
68 20
68 27
68 30
68 35
68 42
68 44
68 47
68 49
68 53
68 58
68 65
68 66
68 72
68 74
68 75
68 81
68 83
68 90
68 91
69 1
69 3
69 9
69 18
69 20
69 21
69 25
69 36
69 37
69 51
69 52
69 53
69 57
69 58
69 59
69 74
69 75
69 77
69 83
69 85
69 98
70 2
70 9
70 15
70 18
70 28
70 32
70 43
70 46
70 53
70 55
70 59
70 61
70 65
70 75
70 79
70 86
70 88
70 89
70 93
70 95
70 96
71 3
71 14
71 15
71 16
71 19
71 28
71 37
71 42
71 45
71 49
71 51
71 52
71 57
71 58
71 65
71 72
71 78
71 86
71 92
71 94
71 99
72 16
72 18
72 25
72 27
72 34
72 37
72 39
72 40
72 50
72 63
72 64
72 68
72 71
72 73
72 76
72 77
72 78
72 82
72 86
72 92
72 98
73 1
73 5
73 7
73 10
73 14
73 15
73 17
73 24
73 25
73 29
73 31
73 43
73 46
73 47
73 51
73 58
73 65
73 72
73 78
73 94
73 99
74 1
74 7
74 13
74 15
74 18
74 22
74 24
74 38
74 46
74 47
74 49
74 51
74 55
74 57
74 58
74 61
74 62
74 67
74 68
74 69
74 83
74 93
75 4
75 8
75 10
75 14
75 15
75 20
75 26
75 34
75 36
75 47
75 49
75 50
75 60
75 68
75 69
75 70
75 82
75 83
75 90
75 95
75 97
75 99
76 2
76 4
76 18
76 21
76 23
76 28
76 32
76 38
76 43
76 50
76 53
76 61
76 63
76 66
76 67
76 72
76 77
76 79
76 80
76 87
76 90
76 99
77 3
77 11
77 16
77 19
77 31
77 32
77 36
77 37
77 39
77 41
77 42
77 44
77 48
77 54
77 55
77 63
77 69
77 72
77 76
77 78
77 93
77 98
78 2
78 3
78 9
78 27
78 30
78 31
78 32
78 37
78 40
78 56
78 58
78 65
78 71
78 72
78 73
78 77
78 82
78 83
78 87
78 92
78 94
78 95
79 9
79 12
79 26
79 28
79 35
79 45
79 52
79 58
79 60
79 66
79 67
79 70
79 76
79 80
79 81
79 84
79 85
79 86
79 87
79 89
79 90
79 93
80 8
80 13
80 15
80 16
80 21
80 25
80 27
80 28
80 29
80 43
80 45
80 50
80 61
80 67
80 76
80 79
80 86
80 87
80 88
80 89
80 94
80 95
81 0
81 4
81 12
81 14
81 15
81 30
81 33
81 35
81 36
81 44
81 48
81 50
81 53
81 54
81 57
81 59
81 60
81 68
81 79
81 90
81 91
81 92
82 4
82 9
82 24
82 27
82 30
82 32
82 34
82 42
82 47
82 48
82 52
82 54
82 58
82 60
82 65
82 72
82 75
82 78
82 88
82 92
82 94
82 95
83 1
83 14
83 20
83 23
83 24
83 28
83 45
83 46
83 48
83 51
83 57
83 58
83 59
83 65
83 68
83 69
83 74
83 75
83 78
83 85
83 95
83 98
84 2
84 7
84 8
84 11
84 15
84 17
84 21
84 22
84 33
84 39
84 45
84 47
84 63
84 64
84 66
84 79
84 85
84 88
84 94
84 96
84 97
84 99
85 2
85 8
85 12
85 14
85 22
85 29
85 30
85 31
85 33
85 37
85 41
85 45
85 56
85 60
85 69
85 79
85 83
85 84
85 87
85 89
85 91
85 93
85 96
86 0
86 6
86 9
86 12
86 13
86 14
86 23
86 30
86 35
86 43
86 45
86 48
86 49
86 60
86 66
86 67
86 70
86 71
86 72
86 79
86 80
86 87
86 89
87 2
87 9
87 11
87 12
87 14
87 26
87 29
87 31
87 36
87 39
87 42
87 43
87 53
87 55
87 61
87 66
87 76
87 78
87 79
87 80
87 85
87 86
87 95
88 2
88 8
88 11
88 16
88 21
88 22
88 25
88 29
88 38
88 40
88 41
88 44
88 45
88 52
88 59
88 61
88 63
88 64
88 70
88 80
88 82
88 84
88 89
89 2
89 6
89 10
89 11
89 16
89 18
89 29
89 31
89 33
89 36
89 38
89 48
89 56
89 60
89 64
89 67
89 70
89 79
89 80
89 85
89 86
89 88
89 90
90 3
90 4
90 13
90 14
90 20
90 25
90 26
90 33
90 35
90 47
90 53
90 57
90 60
90 62
90 68
90 75
90 76
90 79
90 81
90 89
90 94
90 95
90 96
91 2
91 4
91 8
91 10
91 16
91 20
91 22
91 23
91 30
91 36
91 40
91 41
91 44
91 45
91 47
91 49
91 60
91 62
91 68
91 81
91 85
91 92
91 96
92 4
92 11
92 14
92 15
92 19
92 26
92 34
92 37
92 39
92 40
92 42
92 45
92 48
92 50
92 52
92 71
92 72
92 78
92 81
92 82
92 91
92 94
92 96
93 0
93 2
93 12
93 13
93 17
93 23
93 28
93 32
93 40
93 41
93 43
93 44
93 50
93 55
93 59
93 60
93 66
93 70
93 74
93 77
93 79
93 85
93 95
94 3
94 9
94 10
94 11
94 16
94 28
94 34
94 35
94 36
94 37
94 42
94 46
94 48
94 51
94 54
94 71
94 73
94 78
94 80
94 82
94 84
94 90
94 92
95 6
95 9
95 13
95 18
95 22
95 26
95 30
95 38
95 43
95 50
95 53
95 57
95 61
95 67
95 70
95 75
95 78
95 80
95 82
95 83
95 87
95 90
95 93
96 0
96 4
96 20
96 23
96 25
96 30
96 35
96 38
96 43
96 44
96 47
96 49
96 50
96 54
96 59
96 62
96 63
96 70
96 84
96 85
96 90
96 91
96 92
97 0
97 3
97 9
97 12
97 14
97 15
97 20
97 23
97 26
97 30
97 31
97 32
97 35
97 36
97 39
97 40
97 44
97 47
97 60
97 61
97 63
97 75
97 84
98 10
98 15
98 20
98 21
98 25
98 27
98 32
98 38
98 41
98 43
98 46
98 47
98 51
98 55
98 56
98 57
98 59
98 61
98 65
98 69
98 72
98 77
98 83
99 0
99 1
99 6
99 8
99 15
99 16
99 17
99 22
99 31
99 33
99 40
99 41
99 45
99 46
99 51
99 54
99 63
99 64
99 71
99 73
99 75
99 76
99 84
