0 18
0 19
0 28
0 33
0 34
0 44
0 51
0 52
0 53
0 54
0 61
0 73
0 83
0 89
0 90
0 97
1 8
1 22
1 23
1 35
1 38
1 43
1 44
1 52
1 58
1 59
1 60
1 64
1 72
1 93
1 94
1 98
2 5
2 26
2 27
2 48
2 60
2 63
2 65
2 75
2 82
2 84
2 86
2 88
2 89
2 90
2 91
2 92
3 16
3 17
3 19
3 24
3 33
3 34
3 36
3 41
3 42
3 51
3 52
3 55
3 61
3 65
3 74
3 89
4 13
4 37
4 38
4 44
4 49
4 56
4 58
4 64
4 69
4 79
4 85
4 90
4 92
4 93
4 96
4 98
5 2
5 9
5 15
5 19
5 22
5 29
5 33
5 34
5 54
5 64
5 65
5 72
5 78
5 89
5 94
5 99
6 9
6 10
6 20
6 26
6 47
6 66
6 70
6 73
6 75
6 76
6 78
6 79
6 87
6 88
6 90
6 96
7 9
7 25
7 32
7 39
7 41
7 45
7 46
7 50
7 54
7 57
7 62
7 68
7 70
7 83
7 97
7 98
8 1
8 9
8 12
8 23
8 34
8 41
8 50
8 69
8 71
8 75
8 83
8 87
8 88
8 89
8 95
8 97
9 5
9 6
9 7
9 8
9 10
9 23
9 24
9 29
9 39
9 42
9 44
9 50
9 79
9 92
9 95
9 97
10 6
10 9
10 27
10 31
10 40
10 60
10 63
10 65
10 75
10 78
10 80
10 82
10 84
10 85
10 86
10 90
11 13
11 24
11 29
11 32
11 45
11 49
11 54
11 62
11 66
11 68
11 70
11 74
11 78
11 83
11 89
11 95
12 8
12 18
12 33
12 41
12 42
12 46
12 47
12 50
12 57
12 69
12 73
12 83
12 85
12 88
12 92
12 95
13 4
13 11
13 17
13 25
13 30
13 33
13 52
13 55
13 65
13 77
13 81
13 82
13 84
13 87
13 97
13 99
14 24
14 27
14 29
14 30
14 37
14 38
14 39
14 40
14 49
14 50
14 60
14 71
14 86
14 92
14 95
14 97
15 5
15 27
15 38
15 42
15 46
15 47
15 48
15 54
15 61
15 63
15 64
15 79
15 81
15 83
15 84
15 87
15 99
16 3
16 30
16 33
16 37
16 43
16 46
16 47
16 50
16 59
16 71
16 77
16 80
16 81
16 86
16 87
16 90
16 91
17 3
17 13
17 18
17 30
17 31
17 43
17 51
17 52
17 53
17 55
17 61
17 75
17 77
17 79
17 89
17 97
17 98
18 0
18 12
18 17
18 21
18 23
18 28
18 31
18 34
18 36
18 39
18 44
18 55
18 61
18 70
18 77
18 89
18 93
19 0
19 3
19 5
19 21
19 22
19 32
19 46
19 49
19 50
19 61
19 72
19 73
19 77
19 87
19 93
19 96
19 99
20 6
20 26
20 36
20 37
20 41
20 43
20 64
20 71
20 72
20 73
20 76
20 77
20 79
20 85
20 92
20 95
20 99
21 18
21 19
21 37
21 39
21 47
21 48
21 52
21 63
21 65
21 74
21 84
21 86
21 87
21 92
21 94
21 95
21 99
22 1
22 5
22 19
22 25
22 28
22 30
22 32
22 44
22 46
22 58
22 62
22 68
22 77
22 82
22 84
22 86
22 94
23 1
23 8
23 9
23 18
23 31
23 32
23 41
23 51
23 54
23 55
23 57
23 62
23 66
23 68
23 70
23 83
23 93
24 3
24 9
24 11
24 14
24 28
24 31
24 34
24 35
24 52
24 53
24 55
24 61
24 68
24 86
24 87
24 89
24 94
25 7
25 13
25 22
25 27
25 35
25 46
25 48
25 61
25 69
25 70
25 74
25 75
25 80
25 82
25 88
25 93
25 96
26 2
26 6
26 20
26 33
26 35
26 37
26 43
26 45
26 64
26 67
26 74
26 78
26 80
26 82
26 84
26 88
26 90
27 2
27 10
27 14
27 15
27 25
27 40
27 51
27 53
27 56
27 59
27 66
27 78
27 80
27 82
27 88
27 90
27 96
28 0
28 18
28 22
28 24
28 30
28 34
28 35
28 51
28 52
28 53
28 54
28 55
28 60
28 63
28 71
28 72
28 89
29 5
29 9
29 11
29 14
29 41
29 48
29 52
29 69
29 71
29 79
29 81
29 83
29 85
29 86
29 88
29 92
29 97
30 13
30 14
30 16
30 17
30 22
30 28
30 40
30 42
30 43
30 46
30 55
30 70
30 71
30 84
30 86
30 87
30 91
31 10
31 17
31 18
31 23
31 24
31 45
31 51
31 52
31 53
31 55
31 56
31 61
31 65
31 78
31 88
31 89
31 93
31 98
32 7
32 11
32 19
32 22
32 23
32 33
32 38
32 46
32 57
32 62
32 66
32 68
32 69
32 70
32 77
32 83
32 85
32 97
33 0
33 3
33 5
33 12
33 13
33 16
33 26
33 32
33 42
33 48
33 50
33 53
33 59
33 73
33 78
33 84
33 86
33 87
34 0
34 3
34 5
34 8
34 18
34 24
34 28
34 42
34 51
34 55
34 57
34 61
34 63
34 65
34 71
34 73
34 89
34 92
35 1
35 24
35 25
35 26
35 28
35 39
35 52
35 54
35 63
35 71
35 74
35 75
35 76
35 77
35 78
35 90
35 91
35 93
36 3
36 18
36 20
36 38
36 39
36 43
36 44
36 45
36 49
36 52
36 60
36 62
36 64
36 67
36 86
36 93
36 96
36 98
37 4
37 14
37 16
37 20
37 21
37 26
37 45
37 48
37 60
37 69
37 71
37 73
37 79
37 85
37 87
37 92
37 97
37 99
38 1
38 4
38 14
38 15
38 32
38 36
38 43
38 44
38 51
38 56
38 60
38 64
38 67
38 76
38 80
38 81
38 96
38 98
38 99
39 7
39 9
39 14
39 18
39 21
39 35
39 36
39 41
39 48
39 50
39 57
39 71
39 73
39 79
39 80
39 84
39 85
39 94
39 95
40 10
40 14
40 27
40 30
40 48
40 58
40 59
40 64
40 72
40 75
40 77
40 81
40 82
40 85
40 86
40 94
40 95
40 97
40 99
41 3
41 7
41 8
41 12
41 20
41 23
41 29
41 39
41 49
41 57
41 58
41 65
41 69
41 73
41 79
41 90
41 93
41 94
41 95
42 3
42 9
42 12
42 15
42 30
42 33
42 34
42 48
42 57
42 58
42 59
42 65
42 67
42 68
42 72
42 86
42 87
42 94
42 98
43 1
43 16
43 17
43 20
43 26
43 30
43 36
43 38
43 47
43 49
43 53
43 56
43 60
43 64
43 67
43 78
43 83
43 93
43 98
44 0
44 1
44 4
44 9
44 18
44 22
44 36
44 38
44 46
44 51
44 56
44 58
44 60
44 64
44 81
44 83
44 84
44 93
44 98
45 7
45 11
45 26
45 31
45 36
45 37
45 53
45 54
45 57
45 62
45 66
45 68
45 69
45 70
45 77
45 83
45 87
45 96
45 98
46 7
46 12
46 15
46 16
46 19
46 22
46 25
46 30
46 32
46 44
46 48
46 55
46 64
46 65
46 66
46 68
46 69
46 81
46 94
47 6
47 12
47 15
47 16
47 21
47 43
47 50
47 57
47 59
47 67
47 72
47 73
47 77
47 79
47 83
47 84
47 86
47 87
47 92
48 2
48 15
48 21
48 25
48 29
48 33
48 37
48 39
48 40
48 42
48 46
48 68
48 69
48 72
48 74
48 80
48 84
48 86
48 96
49 4
49 11
49 14
49 19
49 36
49 41
49 43
49 56
49 58
49 60
49 64
49 67
49 72
49 75
49 76
49 78
49 84
49 91
49 98
50 7
50 8
50 9
50 12
50 14
50 16
50 19
50 33
50 39
50 47
50 59
50 69
50 73
50 74
50 75
50 76
50 85
50 87
50 92
50 95
51 0
51 3
51 17
51 23
51 27
51 28
51 31
51 34
51 38
51 44
51 52
51 53
51 61
51 62
51 65
51 70
51 73
51 74
51 89
51 95
52 0
52 1
52 3
52 13
52 17
52 21
52 24
52 28
52 29
52 31
52 35
52 36
52 51
52 53
52 61
52 66
52 82
52 88
52 89
52 98
53 0
53 17
53 24
53 27
53 28
53 31
53 33
53 43
53 45
53 51
53 52
53 54
53 55
53 61
53 63
53 79
53 80
53 89
53 90
53 94
54 0
54 5
54 7
54 11
54 15
54 23
54 28
54 35
54 45
54 53
54 57
54 60
54 62
54 66
54 67
54 68
54 70
54 77
54 79
54 83
55 3
55 13
55 17
55 18
55 23
55 24
55 28
55 30
55 31
55 34
55 46
55 53
55 56
55 60
55 61
55 65
55 67
55 76
55 83
55 89
56 4
56 27
56 31
56 38
56 43
56 44
56 49
56 55
56 58
56 60
56 62
56 67
56 74
56 80
56 82
56 85
56 93
56 95
56 96
56 98
57 7
57 12
57 23
57 32
57 34
57 39
57 41
57 42
57 45
57 47
57 54
57 59
57 62
57 66
57 68
57 70
57 83
57 93
57 97
57 98
58 1
58 4
58 22
58 40
58 41
58 42
58 44
58 49
58 56
58 60
58 61
58 63
58 64
58 67
58 72
58 77
58 91
58 92
58 93
58 94
58 98
59 1
59 16
59 27
59 33
59 40
59 42
59 47
59 50
59 57
59 61
59 63
59 65
59 72
59 75
59 76
59 77
59 87
59 88
59 90
59 92
59 99
60 1
60 2
60 10
60 14
60 28
60 36
60 37
60 38
60 43
60 44
60 49
60 54
60 55
60 56
60 58
60 66
60 67
60 80
60 90
60 93
60 98
61 0
61 3
61 15
61 17
61 18
61 19
61 24
61 25
61 31
61 34
61 51
61 52
61 53
61 55
61 58
61 59
61 69
61 78
61 85
61 90
61 91
62 7
62 11
62 22
62 23
62 32
62 36
62 45
62 51
62 54
62 56
62 57
62 65
62 66
62 68
62 70
62 71
62 78
62 80
62 81
62 83
62 91
63 2
63 10
63 15
63 21
63 28
63 34
63 35
63 53
63 58
63 59
63 66
63 70
63 72
63 74
63 76
63 80
63 82
63 88
63 90
63 91
63 96
64 1
64 4
64 5
64 15
64 20
64 26
64 36
64 38
64 40
64 43
64 44
64 46
64 49
64 58
64 66
64 67
64 84
64 85
64 93
64 95
64 98
65 2
65 3
65 5
65 10
65 13
65 21
65 31
65 34
65 41
65 42
65 46
65 51
65 55
65 59
65 62
65 69
65 77
65 81
65 88
65 94
65 99
66 6
66 11
66 23
66 27
66 32
66 45
66 46
66 52
66 54
66 57
66 60
66 62
66 63
66 64
66 68
66 70
66 83
66 94
66 96
66 97
66 99
67 26
67 36
67 38
67 42
67 43
67 47
67 49
67 54
67 55
67 56
67 58
67 60
67 64
67 73
67 77
67 89
67 90
67 93
67 94
67 98
67 99
68 7
68 11
68 22
68 23
68 24
68 32
68 42
68 45
68 46
68 48
68 54
68 57
68 62
68 66
68 69
68 70
68 71
68 76
68 82
68 83
68 90
68 98
69 4
69 8
69 12
69 25
69 29
69 32
69 37
69 41
69 45
69 46
69 48
69 50
69 61
69 65
69 68
69 71
69 72
69 79
69 85
69 88
69 95
69 97
70 6
70 7
70 11
70 18
70 23
70 25
70 30
70 32
70 45
70 51
70 54
70 57
70 62
70 63
70 66
70 68
70 71
70 83
70 84
70 91
70 94
70 99
71 8
71 14
71 16
71 20
71 28
71 29
71 30
71 34
71 35
71 37
71 39
71 62
71 68
71 69
71 70
71 73
71 85
71 86
71 88
71 92
71 97
71 98
72 1
72 5
72 19
72 20
72 28
72 40
72 42
72 47
72 48
72 49
72 58
72 59
72 63
72 69
72 76
72 81
72 84
72 87
72 89
72 93
72 94
72 97
73 0
73 6
73 12
73 19
73 20
73 33
73 34
73 37
73 39
73 41
73 47
73 50
73 51
73 67
73 71
73 74
73 79
73 80
73 85
73 86
73 92
73 97
74 3
74 11
74 21
74 25
74 26
74 35
74 48
74 50
74 51
74 56
74 63
74 73
74 75
74 76
74 80
74 88
74 89
74 90
74 91
74 93
74 96
74 99
75 2
75 6
75 8
75 10
75 17
75 25
75 35
75 40
75 49
75 50
75 59
75 74
75 76
75 81
75 82
75 83
75 87
75 90
75 91
75 92
75 96
75 99
76 6
76 20
76 35
76 38
76 49
76 50
76 55
76 59
76 63
76 68
76 72
76 74
76 75
76 78
76 80
76 81
76 82
76 90
76 91
76 95
76 96
76 98
77 13
77 16
77 17
77 18
77 19
77 20
77 22
77 32
77 35
77 40
77 45
77 47
77 54
77 58
77 59
77 65
77 67
77 81
77 82
77 94
77 96
77 99
78 5
78 6
78 10
78 11
78 26
78 27
78 31
78 33
78 35
78 43
78 49
78 61
78 62
78 76
78 80
78 82
78 87
78 88
78 89
78 91
78 93
78 95
78 96
79 4
79 6
79 9
79 15
79 17
79 20
79 29
79 37
79 39
79 41
79 47
79 53
79 54
79 69
79 73
79 80
79 81
79 85
79 91
79 92
79 95
79 97
79 99
80 10
80 16
80 25
80 26
80 27
80 38
80 39
80 48
80 53
80 56
80 60
80 62
80 63
80 73
80 74
80 76
80 78
80 79
80 82
80 85
80 88
80 91
80 99
81 13
81 15
81 16
81 29
81 38
81 40
81 44
81 46
81 62
81 65
81 72
81 75
81 76
81 77
81 79
81 82
81 86
81 87
81 90
81 91
81 94
81 95
81 99
82 2
82 10
82 13
82 22
82 25
82 26
82 27
82 40
82 52
82 56
82 63
82 68
82 75
82 76
82 77
82 78
82 80
82 81
82 87
82 88
82 91
82 94
82 96
83 0
83 7
83 8
83 11
83 12
83 15
83 23
83 29
83 32
83 43
83 44
83 45
83 47
83 54
83 55
83 57
83 62
83 66
83 68
83 70
83 75
83 90
83 92
84 2
84 10
84 13
84 15
84 21
84 22
84 26
84 30
84 33
84 39
84 44
84 47
84 48
84 49
84 64
84 70
84 72
84 86
84 92
84 94
84 96
84 98
84 99
85 4
85 10
85 12
85 20
85 29
85 32
85 37
85 39
85 40
85 50
85 56
85 61
85 64
85 69
85 71
85 73
85 79
85 80
85 86
85 91
85 95
85 96
85 97
86 2
86 10
86 14
86 16
86 21
86 22
86 24
86 29
86 30
86 33
86 36
86 40
86 42
86 47
86 48
86 71
86 73
86 81
86 84
86 85
86 89
86 93
86 94
86 96
87 6
87 8
87 13
87 15
87 16
87 19
87 21
87 24
87 30
87 33
87 37
87 42
87 45
87 47
87 50
87 59
87 72
87 75
87 78
87 81
87 82
87 88
87 91
87 97
88 2
88 6
88 8
88 12
88 25
88 26
88 27
88 29
88 31
88 52
88 59
88 63
88 65
88 69
88 71
88 74
88 78
88 80
88 82
88 87
88 91
88 95
88 96
88 98
89 0
89 2
89 3
89 5
89 8
89 11
89 17
89 18
89 24
89 28
89 31
89 34
89 51
89 52
89 53
89 55
89 67
89 72
89 74
89 78
89 86
89 92
89 95
89 99
90 0
90 2
90 4
90 6
90 10
90 16
90 26
90 27
90 35
90 41
90 53
90 59
90 60
90 61
90 63
90 67
90 68
90 74
90 75
90 76
90 81
90 83
90 91
90 96
91 2
91 16
91 30
91 35
91 49
91 58
91 61
91 62
91 63
91 70
91 74
91 75
91 76
91 78
91 79
91 80
91 81
91 82
91 85
91 87
91 88
91 90
91 96
91 97
92 2
92 4
92 9
92 12
92 14
92 20
92 21
92 29
92 34
92 37
92 47
92 50
92 58
92 59
92 71
92 73
92 75
92 79
92 83
92 84
92 89
92 94
92 95
92 97
93 1
93 4
93 18
93 19
93 23
93 25
93 31
93 35
93 36
93 41
93 43
93 44
93 56
93 57
93 58
93 60
93 64
93 67
93 72
93 74
93 78
93 86
93 95
93 98
94 1
94 5
94 21
94 22
94 24
94 39
94 40
94 41
94 42
94 46
94 53
94 58
94 65
94 66
94 67
94 70
94 72
94 77
94 81
94 82
94 84
94 86
94 92
94 97
94 99
95 8
95 9
95 11
95 12
95 14
95 20
95 21
95 39
95 40
95 41
95 50
95 51
95 56
95 64
95 69
95 76
95 78
95 79
95 81
95 85
95 88
95 89
95 92
95 93
95 97
96 4
96 6
96 19
96 25
96 27
96 36
96 38
96 45
96 48
96 56
96 63
96 66
96 74
96 75
96 76
96 77
96 78
96 82
96 84
96 85
96 86
96 88
96 90
96 91
96 99
97 0
97 7
97 8
97 9
97 13
97 14
97 17
97 29
97 32
97 37
97 40
97 57
97 66
97 69
97 71
97 72
97 73
97 79
97 85
97 87
97 91
97 92
97 94
97 95
97 99
98 1
98 4
98 7
98 17
98 31
98 36
98 38
98 42
98 43
98 44
98 45
98 49
98 52
98 56
98 57
98 58
98 60
98 64
98 67
98 68
98 71
98 76
98 84
98 88
98 93
99 5
99 13
99 15
99 19
99 20
99 21
99 37
99 38
99 40
99 59
99 65
99 66
99 67
99 70
99 74
99 75
99 77
99 79
99 80
99 81
99 84
99 89
99 94
99 96
99 97
