13
8
25
19
2
21
32
1
29
36
16
32
29
11
6
2
11
9
21
2
16
30
14
36
30
11
27
16
17
16
35
5
10
30
17
16
23
16
16
9
10
6
34
34
6
23
10
22
13
13
6
10
33
36
25
30
28
36
14
35
32
18
25
2
34
23
19
2
23
3
20
22
18
17
20
26
19
32
27
10
37
23
7
5
6
12
7
23
18
16
27
36
23
28
23
25
8
35
20
33
32
25
16
14
29
17
3
2
8
33
7
34
10
16
14
21
29
7
21
26
37
35
35
17
31
16
4
35
10
37
6
34
34
5
19
23
10
34
30
13
29
17
8
22
24
7
19
29
33
8
11
11
24
19
29
8
16
29
31
29
2
19
20
30
7
12
28
18
1
32
1
21
21
36
10
33
29
34
33
23
23
21
21
15
5
19
17
2
15
8
23
34
35
17
4
36
18
37
34
36
31
20
4
28
27
11
32
14
33
32
21
18
2
13
4
32
9
18
29
7
18
18
29
9
24
11
29
9
14
3
31
29
20
14
4
30
20
9
1
10
3
21
33
35
17
8
25
32
28
16
34
4
21
22
14
19
8
3
32
28
28
17
1
23
27
18
30
2
19
20
7
2
16
12
16
32
32
27
11
33
34
33
6
16
16
29
4
26
33
10
20
7
10
32
28
34
32
25
8
28
23
21
16
17
17
21
2
16
7
16
7
20
18
37
21
25
21
14
9
26
21
20
33
18
12
19
12
8
16
34
29
9
28
29
24
8
9
10
33
23
17
6
5
17
29
37
5
6
18
17
28
25
6
19
27
29
23
9
9
36
32
19
23
37
2
5
32
21
30
12
10
21
21
20
30
15
12
10
33
4
34
28
25
11
27
15
13
16
32
1
34
21
33
10
25
20
2
21
25
31
20
32
20
10
17
15
7
8
3
28
33
26
25
25
32
1
23
32
34
7
19
11
16
21
32
8
14
10
6
11
29
31
16
8
34
8
7
25
35
31
33
30
29
16
3
16
16
29
3
33
28
21
9
8
32
21
19
17
17
13
12
2
12
33
30
2
16
7
18
29
36
10
10
15
26
9
25
19
7
5
20
18
18
17
26
7
15
29
2
33
36
33
9
23
10
12
7
2
6
22
36
9
6
3
29
15
13
24
15
10
14
12
11
11
23
32
9
34
18
19
8
33
10
36
18
21
24
18
29
22
22
15
14
5
23
31
3
33
13
22
29
10
32
18
29
18
8
17
20
32
15
9
21
21
6
16
23
3
10
29
8
33
32
20
10
9
24
10
15
9
34
22
17
19
17
22
5
25
22
21
10
34
23
11
23
10
31
36
5
21
34
21
16
23
1
18
37
14
7
32
24
2
6
21
5
7
15
8
14
9
21
25
11
11
8
18
36
17
1
33
18
18
34
28
20
4
20
17
3
14
19
23
11
16
18
11
7
7
8
8
36
20
19
25
23
5
32
28
7
35
25
7
11
30
14
30
8
21
18
2
18
12
37
34
10
18
20
21
34
21
31
16
33
10
7
27
28
5
18
7
32
24
7
5
28
14
16
37
20
9
3
36
21
11
35
23
16
4
4
23
23
28
28
24
25
7
24
10
29
2
27
6
9
14
8
27
26
16
36
37
18
11
18
20
33
9
16
34
26
32
20
1
14
35
13
17
13
21
7
26
32
17
33
9
25
35
32
36
36
35
37
26
32
8
12
14
8
32
36
19
36
36
32
18
10
4
23
27
23
12
34
2
4
18
34
12
22
2
14
27
7
25
9
20
20
33
31
25
11
5
14
6
23
36
1
31
34
37
23
22
8
17
37
2
30
27
35
27
16
32
7
25
20
9
17
1
23
25
34
19
16
1
36
20
9
18
20
2
33
14
4
23
36
30
25
29
36
25
33
25
11
24
33
21
32
20
22
37
19
22
1
21
23
21
20
14
33
16
32
29
23
32
30
16
11
14
33
10
11
29
35
31
21
1
34
21
5
18
6
22
17
14
2
32
37
22
7
7
19
33
8
8
7
20
7
19
22
8
34
9
29
20
18
28
18
17
10
32
7
33
4
17
30
33
28
14
33
19
8
33
16
7
11
25
10
29
35
28
19
22
21
16
11
7
20
11
28
18
23
18
21
23
25
9
9
2
17
22
30
18
21
36
32
16
18
36
20
33
25
28
22
11
17
30
6
16
33
20
36
33
10
33
2
9
17
32
32
8
28
20
14
17
16
2
22
11
6
32
30
25
10
19
6
11
21
8
34
20
11
6
