11
20
6
16
30
8
45
5
4
3
30
15
21
41
15
41
42
17
26
24
29
31
15
16
3
22
18
46
29
8
3
41
21
43
4
27
9
18
40
40
45
30
32
32
18
32
15
7
32
37
10
46
19
18
31
31
28
32
41
2
38
37
21
11
31
46
24
21
37
23
36
39
46
5
12
39
13
46
22
31
15
5
43
24
30
27
11
32
33
26
38
24
32
3
4
22
11
37
5
28
12
27
34
39
38
3
12
18
27
32
6
21
17
17
31
2
27
29
9
10
36
34
5
25
39
27
22
41
13
27
7
4
16
8
28
34
7
38
1
14
39
16
39
10
8
38
33
1
22
7
28
35
24
26
9
30
21
12
5
19
5
33
13
29
36
25
20
6
14
1
1
22
8
39
23
31
44
39
42
33
15
9
34
3
20
25
5
2
13
42
9
41
24
46
17
41
8
29
5
7
34
22
14
27
20
9
37
35
39
45
13
7
46
38
40
25
9
10
22
33
21
26
5
15
45
14
32
27
11
42
5
24
42
36
29
26
31
40
12
29
46
14
44
36
26
34
12
5
35
27
43
18
43
34
42
33
29
21
43
37
42
27
20
42
6
35
43
1
7
46
29
43
1
33
24
29
20
30
29
35
4
12
20
13
4
32
27
44
7
36
37
24
7
7
30
16
10
26
46
8
7
1
16
27
15
15
34
2
27
16
2
19
11
27
4
7
40
12
42
26
10
37
44
26
14
29
38
42
45
36
46
16
13
17
39
19
6
35
46
16
11
34
18
8
6
27
21
18
7
10
25
41
27
17
23
22
5
40
6
27
11
19
45
14
37
41
26
46
45
23
24
37
13
38
35
13
34
15
28
39
29
15
36
14
46
6
17
40
14
38
3
6
39
41
4
17
46
32
27
24
14
15
29
36
42
22
37
4
16
17
16
24
26
30
8
28
45
6
4
16
36
15
39
8
5
44
28
25
46
45
32
13
22
35
25
32
7
24
32
34
36
41
40
6
36
10
40
19
30
25
24
1
46
24
22
32
45
43
4
42
1
24
33
19
6
29
16
13
31
23
4
5
18
42
33
25
41
32
28
24
35
18
18
35
11
35
2
13
36
23
22
27
21
25
36
28
43
24
16
32
35
25
18
11
24
13
46
32
44
22
39
27
28
1
5
38
31
25
35
2
34
16
13
19
19
20
15
33
22
22
29
24
3
21
5
40
12
22
23
46
12
29
29
30
43
7
5
42
7
43
30
4
33
30
5
2
13
38
10
35
38
6
27
22
21
19
35
20
13
32
2
40
27
43
29
36
35
17
19
34
22
45
22
30
23
5
13
18
41
24
29
32
8
38
46
36
42
26
27
18
44
15
46
9
43
23
40
35
8
6
13
15
15
43
35
29
2
35
27
32
6
24
24
46
19
5
36
3
28
2
10
30
26
15
24
38
23
26
4
5
28
35
24
34
43
10
24
33
40
22
17
9
12
16
44
7
6
6
27
16
34
46
30
23
8
29
13
40
28
13
41
40
9
5
27
36
8
22
44
20
12
32
46
44
5
32
13
20
7
15
43
44
32
13
46
20
41
41
22
6
35
5
7
33
42
3
4
37
24
30
32
17
44
33
42
36
44
5
44
24
9
4
16
28
2
40
20
3
2
40
22
44
7
25
41
46
24
39
2
34
29
22
29
9
30
5
40
8
46
28
3
18
18
17
22
7
35
42
28
36
3
44
9
24
42
42
13
9
2
29
8
29
16
26
32
32
16
40
39
5
17
46
16
9
43
30
3
15
2
28
5
36
34
43
15
22
36
34
17
5
22
41
38
33
22
40
29
29
33
20
22
15
16
42
8
32
39
43
29
35
28
33
20
2
22
28
46
35
28
28
26
24
38
32
35
24
28
36
7
34
7
35
40
5
5
24
35
42
32
32
5
22
16
20
40
40
32
46
46
4
36
20
39
38
22
20
28
5
8
46
16
46
29
29
30
20
32
43
35
28
33
29
46
7
4
5
16
5
15
8
40
41
36
20
24
8
41
36
4
5
27
34
22
28
33
33
33
16
8
4
35
46
5
29
33
22
22
22
40
46
15
46
16
35
35
13
24
24
32
33
5
5
16
40
34
4
46
42
15
22
24
33
40
5
16
22
29
28
32
22
35
28
46
33
46
27
46
13
13
15
24
27
22
13
40
22
24
29
15
22
15
42
24
13
7
24
24
5
29
32
13
36
16
27
5
32
29
24
5
29
5
29
5
35
16
42
32
15
5
46
