19
12
1
4
14
5
19
15
1
36
27
34
31
18
40
11
26
38
9
34
14
12
17
28
16
21
4
12
30
32
35
4
12
8
13
38
10
28
7
19
20
5
30
14
15
19
8
17
5
38
6
17
13
5
13
28
3
16
13
13
3
38
17
40
17
16
12
30
24
23
30
7
30
7
10
15
25
14
21
35
12
18
33
12
30
6
25
15
37
10
40
11
34
31
33
9
6
20
16
10
32
39
40
24
13
18
40
26
25
13
2
1
3
34
11
19
24
4
39
37
21
18
39
32
9
21
12
8
31
31
25
7
22
4
27
39
7
3
27
37
30
1
9
10
9
22
38
23
16
2
6
17
6
30
5
24
14
13
18
19
6
34
38
35
34
31
35
20
27
11
10
8
40
8
8
36
20
9
33
17
38
35
15
8
34
19
14
9
18
28
14
24
14
31
26
13
19
7
6
18
15
8
19
2
40
40
12
22
34
13
27
5
18
9
17
26
11
32
10
4
18
30
4
34
35
8
22
12
16
26
15
25
11
12
39
18
19
21
13
23
8
31
35
6
33
19
3
8
9
36
23
34
23
24
22
26
4
34
22
5
37
38
31
22
28
30
38
18
3
22
30
9
7
1
23
4
24
4
12
16
33
16
35
12
12
17
8
4
13
4
19
38
9
6
8
23
33
22
36
39
19
13
33
37
40
19
27
32
33
3
14
13
40
28
31
28
31
9
19
37
40
21
8
5
29
14
34
34
36
25
34
30
3
1
30
8
34
39
31
12
17
14
36
4
8
23
31
19
17
4
24
9
25
32
7
5
13
3
20
15
6
34
3
39
22
8
33
4
27
14
40
13
28
30
37
25
9
9
3
10
10
8
36
26
16
13
40
32
8
28
40
13
19
7
13
37
30
12
3
40
25
31
31
31
1
3
27
7
30
39
31
33
8
33
38
3
4
39
25
21
3
28
16
13
34
5
31
34
29
34
40
6
11
19
34
35
34
5
4
34
32
26
17
11
8
8
14
33
3
27
23
31
34
2
14
2
36
2
35
5
24
33
2
27
3
27
34
10
4
40
27
33
4
2
21
40
4
34
19
20
9
13
26
28
2
13
8
33
24
28
13
4
5
8
24
20
28
20
7
38
21
37
30
8
39
40
39
13
30
22
21
34
9
4
17
2
1
15
14
20
21
6
28
32
18
17
11
17
9
1
18
17
13
29
13
23
40
26
23
10
19
8
33
10
5
13
8
13
26
37
34
34
1
8
3
21
37
38
14
3
25
34
15
29
20
19
7
3
29
36
19
28
33
34
39
13
6
1
11
28
15
22
34
28
22
39
23
20
14
5
20
29
31
18
35
14
31
19
7
19
19
5
28
20
3
2
5
7
3
15
3
36
13
34
31
1
27
8
12
2
40
13
13
19
12
4
36
8
32
30
15
8
5
34
15
31
3
2
7
30
32
18
11
8
34
13
12
20
5
2
4
30
8
38
4
4
3
28
34
36
36
11
17
32
33
32
38
12
31
31
1
29
17
20
29
22
29
17
39
40
23
19
8
2
29
29
21
9
4
5
11
9
6
1
18
28
28
40
27
4
20
21
20
31
29
20
18
29
12
11
5
11
28
29
39
12
40
30
27
34
3
28
12
5
32
31
18
3
40
29
12
8
31
34
39
38
4
34
7
14
8
19
3
20
3
19
17
1
8
17
6
39
15
32
8
33
13
34
1
12
33
5
2
13
30
13
8
19
33
32
12
13
1
13
14
30
38
15
6
13
17
9
3
19
3
9
5
20
30
14
2
33
7
30
38
7
14
13
13
8
5
5
20
9
34
1
5
20
15
34
30
12
31
39
40
19
6
4
9
33
6
30
15
40
17
17
3
9
19
4
19
28
40
30
19
33
3
2
4
1
19
19
3
7
13
15
34
13
12
2
34
40
8
28
40
2
3
39
34
30
28
34
7
2
20
3
3
28
17
40
38
15
39
31
38
19
15
14
38
33
20
39
38
9
15
38
30
5
30
4
8
3
34
40
14
31
38
40
2
3
15
15
30
30
31
12
17
33
33
38
12
13
34
40
30
3
17
20
2
5
39
19
33
9
33
4
40
40
5
28
19
15
19
19
8
13
3
9
14
31
40
33
3
28
40
3
34
40
14
9
4
8
34
5
20
19
33
5
19
28
33
4
40
40
15
3
3
15
8
15
28
13
28
8
9
8
12
3
3
3
5
9
3
40
4
28
33
5
8
9
28
8
40
8
4
34
5
40
30
3
