5
10
25
13
34
18
28
10
5
24
22
21
27
35
13
35
6
2
8
28
14
13
35
2
12
35
19
11
7
19
24
11
4
7
13
29
24
1
9
26
37
16
19
24
16
6
13
19
38
33
20
9
32
1
31
27
23
17
14
7
24
31
15
39
14
35
38
21
33
12
13
36
13
15
36
29
37
27
24
1
20
3
16
5
24
21
3
32
26
28
26
12
22
13
15
23
21
32
14
29
32
34
20
13
20
7
38
34
13
15
26
10
26
22
28
29
12
38
27
17
36
2
23
22
15
14
26
7
37
11
20
7
34
32
10
9
24
11
2
37
25
11
29
28
17
5
6
38
25
17
24
28
36
8
4
14
4
2
37
30
17
39
2
38
14
13
19
20
27
14
16
31
32
28
26
17
3
19
37
27
5
5
32
22
2
35
11
5
32
22
25
21
36
32
38
32
20
36
26
6
10
36
3
9
24
23
31
14
21
6
29
17
26
18
38
30
33
12
31
12
28
19
24
36
37
28
21
27
21
20
29
3
17
24
1
21
1
23
32
26
19
28
20
2
29
3
18
36
21
31
8
22
14
28
30
37
7
24
15
25
22
18
17
20
21
24
26
34
19
5
1
12
12
7
33
30
27
31
35
22
36
6
5
19
7
7
30
18
14
2
36
11
31
26
36
4
32
15
26
27
1
33
14
19
16
12
34
4
4
5
10
3
23
34
15
17
10
5
11
12
7
3
30
16
6
38
23
17
31
8
35
15
24
35
26
20
23
19
5
20
33
6
32
23
15
25
29
3
39
37
9
28
35
36
19
9
15
31
8
23
16
39
28
10
16
5
4
15
12
20
9
27
12
3
2
37
8
4
11
31
25
29
2
24
9
7
17
17
10
8
26
31
6
12
37
34
38
34
25
2
31
37
39
23
23
29
30
30
24
18
39
29
22
9
2
11
25
33
21
37
4
24
9
2
37
10
12
1
22
29
25
31
3
29
4
18
38
38
11
34
3
12
34
9
25
4
22
11
18
36
23
22
27
11
30
15
4
25
23
29
1
10
38
2
33
38
30
15
27
21
27
1
27
18
38
3
24
21
5
11
19
34
5
38
37
18
8
8
9
8
8
15
16
33
35
15
24
11
5
19
4
6
31
29
16
3
6
33
33
22
11
33
31
7
23
26
26
8
19
1
2
25
26
7
3
3
39
30
9
10
21
7
21
18
8
9
39
18
31
6
26
39
22
16
8
24
1
9
6
9
31
3
6
29
24
25
34
24
3
5
7
9
33
8
23
5
18
4
15
26
39
16
31
25
25
22
35
27
7
34
8
29
7
22
22
23
33
9
10
4
8
26
3
35
10
39
23
26
30
8
22
34
1
27
34
34
39
30
8
23
18
22
4
30
39
4
6
35
39
39
1
31
3
1
10
16
22
16
1
7
16
23
23
30
10
30
4
25
18
34
34
3
30
3
34
27
23
35
31
18
18
31
33
16
31
6
30
33
25
7
9
39
7
26
25
30
30
10
26
25
30
26
33
31
4
39
1
33
4
33
39
27
3
1
16
35
10
6
23
4
39
6
4
6
27
6
4
31
9
26
39
26
16
10
34
1
18
27
35
24
34
35
16
27
7
35
1
27
33
31
4
34
30
30
6
33
16
7
18
18
34
6
10
27
33
39
7
35
27
9
34
9
31
35
35
9
27
3
7
6
10
16
1
9
24
3
23
35
30
3
9
31
35
9
6
30
18
1
26
34
9
4
1
33
18
6
4
18
39
33
31
23
6
34
9
4
23
4
39
18
1
24
39
1
26
1
7
10
30
1
16
18
33
1
9
35
23
34
39
33
31
7
26
26
33
10
33
39
34
35
1
7
4
10
16
7
18
39
16
35
9
30
33
35
18
10
4
33
16
24
10
26
30
30
30
7
16
35
10
18
24
30
35
4
26
16
16
30
10
1
4
39
18
31
35
1
39
16
30
39
4
16
16
39
39
10
26
1
39
24
24
18
4
31
16
16
24
24
4
16
18
24
35
1
16
1
26
35
26
1
1
4
24
18
31
26
4
35
31
31
16
39
35
24
18
18
39
24
1
18
16
10
24
10
31
35
18
30
4
31
30
10
26
4
26
31
26
26
1
24
10
10
26
4
16
1
30
24
30
16
10
30
10
4
16
4
31
10
16
4
10
1
10
10
10
1
30
1
16
1
31
30
1
31
16
16
31
10
31
16
10
30
1
1
30
30
10
10
1
10
30
16
10
16
1
1
10
10
16
16
