33
10
15
29
18
11
34
6
20
29
28
36
19
21
9
25
25
31
11
16
9
10
10
10
7
19
5
17
29
28
20
14
18
13
26
34
28
14
33
37
31
20
17
20
13
27
36
37
25
9
25
22
3
29
19
17
27
25
10
6
24
22
21
6
3
17
27
2
30
13
15
37
23
22
4
12
17
29
10
22
12
17
19
17
20
35
28
27
25
31
25
34
34
37
37
22
34
14
10
9
11
9
9
17
21
8
30
24
1
4
5
19
36
1
36
6
17
4
4
26
4
10
14
34
36
4
31
26
12
6
6
20
27
27
36
14
36
22
25
27
36
20
9
23
28
10
2
10
30
6
4
30
9
5
10
11
17
10
36
10
13
22
1
26
35
14
4
29
25
22
14
10
17
35
24
13
28
34
27
21
28
23
30
4
35
26
22
21
8
10
22
17
36
22
36
25
12
35
12
25
21
26
28
33
23
28
14
2
10
17
18
19
17
7
23
30
13
37
29
4
11
22
9
28
15
34
5
28
13
28
24
19
6
30
22
9
1
22
28
9
19
27
6
36
30
15
19
23
3
6
14
6
36
32
31
13
7
35
10
21
6
5
4
13
32
21
22
36
3
31
34
27
5
26
32
6
3
31
14
16
4
7
17
36
1
14
20
30
31
9
30
17
1
17
24
36
7
37
31
33
19
28
15
20
8
32
26
7
3
23
9
37
10
14
28
10
25
32
37
9
17
29
26
4
9
2
7
19
14
24
19
26
20
30
9
26
4
6
36
14
33
34
16
30
29
6
19
10
9
19
30
31
7
13
26
25
22
2
12
4
25
6
30
17
10
12
8
23
22
27
12
25
18
6
12
30
27
15
29
37
21
6
25
33
14
30
35
27
27
7
22
30
7
25
36
27
29
26
25
22
3
34
10
22
12
35
11
13
5
22
4
31
22
27
35
15
16
13
22
24
10
29
30
30
8
30
9
30
25
22
13
13
9
36
17
4
15
37
35
29
12
17
21
18
10
34
27
35
27
28
17
17
37
35
35
34
15
2
36
6
32
28
13
36
12
14
16
25
10
24
10
26
13
24
27
7
4
34
29
2
32
34
27
17
29
28
14
35
22
26
3
37
12
27
13
8
37
19
10
29
4
21
4
33
10
5
27
1
18
6
25
8
24
10
30
14
37
35
25
31
35
37
25
7
19
12
4
13
36
34
4
10
27
17
3
30
24
27
37
37
14
30
35
4
3
30
12
10
30
30
29
34
27
11
19
32
15
6
6
18
19
4
17
14
6
19
36
6
6
31
28
35
19
9
15
31
15
23
28
10
6
36
35
36
37
13
9
35
6
7
2
30
25
36
25
35
37
27
6
9
4
31
37
1
14
27
18
12
6
26
27
34
25
25
8
26
13
9
25
4
6
36
10
28
17
12
26
19
12
36
25
14
36
32
6
9
25
34
10
17
13
12
30
26
36
9
9
34
35
31
27
14
36
34
36
20
31
20
22
37
22
25
2
37
4
28
27
11
6
37
30
27
17
35
31
23
10
7
37
16
35
10
12
5
3
37
28
25
37
7
14
30
22
37
33
29
6
20
26
33
10
2
33
9
13
4
15
31
25
22
10
36
2
36
25
37
30
7
16
30
34
19
24
36
7
22
11
7
22
10
8
17
4
26
35
36
13
11
22
20
5
33
8
35
35
18
15
31
13
22
37
27
13
4
21
25
18
31
12
12
31
10
13
37
28
8
6
22
4
16
30
23
25
24
31
31
33
34
11
27
24
30
29
2
22
27
10
7
37
30
25
27
6
3
27
13
10
31
13
22
9
22
13
29
21
35
35
3
34
23
6
10
22
23
36
30
36
9
3
29
25
22
1
5
19
15
26
28
9
17
3
10
37
25
4
27
20
6
36
1
34
6
23
6
21
24
25
1
22
12
23
28
12
19
22
35
27
30
12
19
28
31
7
20
12
24
22
37
13
15
33
22
36
22
27
16
8
9
4
36
25
32
10
2
15
20
36
30
36
6
17
26
4
25
28
24
10
2
25
31
2
8
17
11
34
26
27
22
19
6
11
25
36
20
14
19
25
27
4
27
4
32
20
19
22
12
17
37
29
31
17
12
34
20
31
4
13
16
14
28
17
8
25
34
5
36
26
7
31
5
28
27
15
36
22
1
26
27
30
4
7
8
16
22
17
33
31
16
15
25
22
25
6
35
2
34
37
7
23
12
34
36
12
32
31
13
19
14
15
31
12
14
16
2
17
6
26
7
15
17
