12
26
4
15
18
3
3
2
24
36
35
17
23
33
18
8
25
22
15
23
34
4
18
15
27
28
2
5
34
15
14
20
16
33
7
32
2
21
2
8
7
30
21
33
32
17
5
33
7
24
2
2
28
5
33
1
15
1
3
2
6
22
23
20
4
25
14
19
30
33
16
36
25
35
8
36
14
27
2
3
18
32
11
26
18
1
13
12
17
34
35
21
11
15
11
16
7
29
9
14
19
36
9
15
1
36
6
31
5
26
5
14
33
32
1
31
25
21
21
36
30
27
5
24
33
17
32
30
17
3
33
20
6
3
15
11
12
7
10
35
34
24
19
31
9
16
12
10
20
24
2
1
13
7
12
2
7
23
15
9
20
32
6
36
26
8
1
30
12
19
2
34
18
9
28
14
34
33
1
32
1
2
11
19
20
29
30
24
22
30
15
2
18
22
8
36
21
30
28
20
26
12
15
22
18
8
23
10
30
36
27
17
10
12
19
3
8
35
25
28
12
2
15
13
34
1
30
6
14
16
18
16
16
4
32
9
27
18
10
7
29
33
5
22
1
4
3
35
29
20
17
32
24
15
29
34
7
34
1
28
1
18
8
25
13
11
32
13
19
36
26
2
12
15
24
15
12
34
26
25
14
1
23
16
14
22
13
25
22
10
6
21
20
25
26
15
28
11
26
24
22
7
31
5
35
21
22
21
10
6
29
24
28
14
23
17
26
17
26
24
4
33
3
11
7
17
27
11
21
35
10
33
25
26
26
12
19
35
31
5
33
10
27
3
8
26
3
13
13
10
34
28
9
25
16
1
4
18
12
12
19
15
15
9
7
25
5
14
4
5
17
14
23
28
4
32
12
14
27
31
25
16
23
22
33
31
29
5
12
8
18
28
28
4
14
4
28
19
20
33
18
4
15
14
26
12
34
8
24
1
10
27
25
33
13
10
12
29
9
1
31
15
11
22
29
35
1
13
6
29
23
13
18
2
6
25
9
29
31
14
22
28
10
26
21
8
15
11
9
13
12
3
17
4
28
18
31
17
28
23
12
32
8
20
21
26
35
17
6
27
35
22
26
20
7
18
9
3
26
21
14
12
11
7
13
15
17
32
6
3
33
33
35
18
3
25
21
16
31
1
27
25
35
14
21
34
15
26
21
12
29
21
22
9
16
11
12
32
34
31
6
22
6
3
6
20
15
32
22
27
11
20
35
34
4
28
14
1
16
14
34
16
33
1
34
6
12
18
1
9
25
1
29
11
25
7
6
29
31
25
23
27
15
31
25
7
16
21
22
19
6
33
26
14
7
22
27
19
17
12
9
23
25
28
4
23
31
29
32
7
7
20
18
20
15
34
18
21
23
7
15
4
32
3
15
23
35
33
28
12
35
6
18
34
9
34
1
6
9
15
35
27
29
18
29
28
23
20
17
29
21
25
6
26
27
6
26
33
33
21
2
18
1
33
31
33
12
19
28
26
6
6
18
23
7
27
3
31
9
19
6
31
4
22
28
12
20
11
18
19
1
14
19
32
18
18
27
7
31
27
7
12
7
14
18
2
29
2
21
26
29
6
27
29
22
12
1
6
29
28
18
3
21
12
31
1
21
15
2
1
7
27
6
29
21
19
27
33
21
26
28
6
32
35
25
23
9
7
19
29
9
6
12
11
15
14
26
33
15
26
27
22
14
3
12
29
15
35
18
35
15
2
3
14
3
31
6
11
34
19
6
15
19
34
25
34
6
21
7
25
6
14
34
25
2
21
3
12
11
31
3
22
19
14
1
33
2
11
7
21
18
29
12
31
34
26
34
26
22
35
34
27
11
6
18
26
6
11
6
2
25
34
25
18
21
28
15
7
26
7
21
22
19
31
14
19
31
12
21
11
21
14
33
11
25
22
31
7
11
14
19
19
27
27
11
15
19
6
3
26
11
34
33
26
29
6
33
33
19
15
27
6
34
34
25
33
33
12
28
19
18
33
25
18
7
6
7
14
11
14
14
14
1
18
31
27
21
34
18
29
25
12
26
29
34
7
7
34
28
29
7
11
28
21
19
6
6
33
26
12
7
12
19
28
11
14
7
19
28
28
28
7
12
1
25
18
12
29
15
18
7
34
18
29
6
12
21
15
28
34
34
1
7
14
29
14
33
14
28
14
28
33
12
6
7
15
28
21
26
7
15
1
6
28
21
1
25
25
1
14
6
21
7
34
18
18
26
15
21
6
34
14
15
21
15
33
33
18
15
7
7
18
18
33
12
14
18
18
12
14
