16
25
14
45
12
36
12
33
5
12
7
47
20
12
35
7
3
33
8
8
8
20
31
41
32
3
46
42
45
6
29
24
32
12
35
41
28
7
41
23
16
12
33
14
47
35
27
4
7
33
18
14
42
37
9
1
47
6
3
37
10
2
38
32
27
24
26
7
31
42
22
7
20
12
12
22
27
27
12
7
6
34
4
10
27
2
24
24
12
1
21
14
31
4
41
39
27
23
7
39
27
34
39
6
3
41
10
11
11
14
4
38
37
24
46
30
43
31
8
15
26
2
40
17
26
26
19
33
40
27
7
43
43
21
7
1
35
17
7
23
40
40
12
12
21
31
30
9
3
46
30
17
44
25
12
9
44
44
28
10
12
4
7
20
22
31
13
9
38
45
36
7
12
46
28
38
13
38
40
35
26
7
30
10
40
36
38
39
43
38
33
16
8
20
7
7
26
1
29
11
38
26
38
31
8
29
36
26
45
2
35
4
12
1
38
9
47
17
8
30
25
13
18
14
34
22
5
24
47
30
11
13
7
27
12
24
39
45
4
7
39
29
42
27
22
3
47
12
43
31
16
34
39
21
36
16
7
30
6
46
7
20
41
41
14
29
4
2
19
43
33
44
41
10
14
33
27
29
18
7
20
19
2
2
27
28
7
6
26
20
12
45
23
34
40
37
30
23
29
9
3
29
43
3
3
3
18
8
17
8
2
10
4
1
31
10
46
13
14
1
19
21
23
39
33
36
5
10
25
12
7
14
46
45
41
29
3
12
7
40
20
17
7
42
8
29
15
27
26
24
6
41
32
31
25
7
44
37
47
6
22
19
5
24
32
20
21
7
18
2
13
19
16
5
9
41
30
4
29
11
6
29
36
7
14
9
8
29
5
29
3
39
7
37
34
40
45
33
31
19
10
36
13
21
33
5
6
1
16
16
14
39
11
22
2
39
30
45
29
8
12
38
1
38
10
21
25
19
16
44
10
31
23
18
6
27
41
33
34
6
7
43
42
45
31
9
5
6
4
27
4
8
35
1
10
7
37
40
2
42
23
44
12
14
15
5
15
46
18
38
32
14
29
10
31
28
20
33
10
8
25
13
16
41
31
29
14
12
11
42
8
29
10
17
6
8
14
10
7
28
16
17
27
25
39
29
31
36
1
18
36
16
33
35
7
10
33
44
36
31
41
16
10
33
37
38
9
31
25
30
28
23
18
24
37
10
38
39
38
29
22
45
27
43
25
46
35
6
10
33
29
23
11
31
34
31
4
41
4
12
14
43
38
26
47
38
43
8
32
12
8
38
15
6
10
20
15
44
18
23
41
12
4
10
44
15
7
22
1
12
10
35
28
10
32
31
11
4
46
31
42
27
38
27
13
7
8
28
14
43
12
14
6
8
34
29
8
29
38
26
30
6
4
36
4
35
4
29
31
37
10
32
41
12
10
11
8
26
29
15
41
15
12
14
15
28
23
45
35
14
33
18
38
10
16
29
6
45
28
30
5
9
10
19
10
21
32
30
23
3
44
27
12
19
42
10
3
45
47
39
17
21
17
5
15
44
8
1
10
41
34
39
20
30
45
14
46
35
41
14
9
7
10
38
47
9
9
36
22
27
3
17
31
23
16
15
8
13
41
38
14
36
4
4
24
4
31
32
42
5
8
4
11
38
6
33
40
42
42
14
34
28
34
25
36
24
28
3
6
18
8
38
1
5
34
21
34
21
39
6
36
14
11
29
31
7
9
26
18
42
5
9
21
14
7
23
29
22
18
6
32
5
33
39
7
41
27
10
34
38
14
29
24
44
31
41
20
46
10
7
1
34
18
42
18
22
4
2
22
11
23
16
5
44
20
4
31
31
29
39
32
27
12
21
15
4
29
34
34
41
5
32
6
7
40
39
38
29
44
14
34
42
12
12
40
28
7
28
12
22
33
4
14
14
41
32
11
10
7
29
7
38
26
23
30
46
42
33
7
1
40
8
24
10
14
12
31
28
36
22
35
33
35
26
27
9
8
6
6
26
7
33
8
36
36
27
8
6
36
32
29
18
40
3
10
41
29
8
9
34
46
12
10
7
6
46
6
38
6
41
12
41
12
46
30
41
14
46
38
31
7
6
39
31
14
6
23
1
4
46
42
41
23
42
4
14
8
8
27
31
4
26
39
42
38
10
27
26
29
42
10
6
9
36
42
31
4
8
31
29
39
4
6
39
39
29
34
10
41
8
27
29
12
41
42
33
42
4
7
14
38
8
31
10
8
29
34
7
14
4
