28
9
24
27
34
30
31
5
6
28
14
21
27
35
14
23
28
33
39
16
40
3
16
16
23
2
9
16
29
37
4
14
27
14
27
34
8
28
12
40
30
11
36
11
16
25
30
23
38
14
1
16
21
12
11
27
24
34
34
8
29
36
3
24
25
11
35
11
4
27
30
24
19
3
13
31
30
31
3
18
16
33
11
31
19
25
8
32
38
37
19
2
9
10
36
27
28
9
38
12
4
35
35
14
5
7
39
38
9
37
36
1
10
13
21
3
8
10
30
12
4
27
5
34
5
35
19
26
13
8
16
38
30
30
30
25
10
7
3
5
10
16
24
30
28
4
39
30
17
30
31
18
37
39
37
37
5
8
23
11
22
37
9
3
29
2
35
6
15
5
1
7
38
5
26
30
6
25
15
6
36
38
36
14
38
8
11
5
36
38
39
24
7
31
25
31
39
31
5
29
17
39
20
13
34
40
3
26
10
16
30
30
14
23
27
38
4
19
31
11
21
4
34
13
31
27
11
4
31
32
31
8
19
29
23
27
28
3
8
34
38
16
10
6
26
23
5
17
34
39
13
2
20
15
16
35
6
32
2
18
27
40
37
3
16
27
33
16
14
3
24
30
28
14
37
17
28
30
10
24
7
24
4
21
15
17
36
7
30
39
23
23
23
36
9
36
14
24
1
17
27
25
10
36
2
14
4
15
26
37
11
16
33
9
2
35
3
16
31
16
8
23
35
2
23
22
16
22
14
38
40
32
35
9
30
35
21
38
15
15
7
27
14
9
34
39
8
28
3
9
33
13
37
39
15
34
25
7
6
24
39
31
30
16
10
29
6
27
40
36
30
9
38
39
17
24
29
9
38
36
16
14
31
21
9
14
1
21
40
33
6
8
39
27
31
38
14
14
36
31
31
5
17
25
19
39
33
39
7
10
26
23
36
22
9
39
36
30
38
38
14
7
2
23
22
16
32
34
27
28
20
10
12
28
23
37
2
37
37
34
38
30
11
37
17
12
26
36
39
2
9
35
14
33
3
38
38
16
13
26
31
32
39
34
10
28
5
4
17
22
36
38
31
30
25
26
40
23
39
8
16
20
19
17
24
7
11
28
21
27
23
1
27
28
16
19
14
23
39
40
34
31
36
18
12
38
17
19
9
22
24
8
17
5
11
20
21
23
3
21
30
14
4
27
16
1
35
36
10
24
18
36
18
19
5
27
16
23
37
2
31
35
37
27
30
7
10
39
28
38
12
11
17
32
38
7
29
31
30
2
39
39
36
1
23
10
7
31
30
27
23
5
3
3
38
21
19
17
18
14
1
7
14
34
27
39
16
18
15
16
16
32
18
17
27
14
25
17
2
34
16
36
14
9
19
32
2
4
30
23
16
19
40
4
14
17
18
11
40
18
30
14
39
28
11
31
23
2
36
27
14
12
31
7
38
22
39
40
3
7
7
3
37
27
3
1
4
6
6
3
8
34
39
23
7
17
33
19
1
38
17
30
22
27
25
34
22
16
38
24
7
21
21
7
1
4
8
8
14
3
14
35
16
18
24
38
30
7
18
35
6
38
39
19
16
4
23
38
32
36
13
39
31
29
30
27
19
30
23
28
5
40
38
17
9
31
27
30
16
30
4
30
24
4
8
10
4
37
28
35
10
29
4
38
14
3
16
31
32
13
20
7
40
7
23
35
7
9
39
9
16
7
20
32
27
11
11
20
7
23
20
15
14
17
10
1
28
38
6
19
15
14
18
8
4
31
14
17
10
9
31
19
37
38
33
3
11
31
2
38
1
24
14
40
23
34
5
31
37
31
18
34
9
7
8
26
32
19
14
5
8
4
31
21
10
38
35
27
26
23
14
37
24
7
24
18
27
33
2
16
37
17
18
29
37
3
2
30
31
40
34
1
13
1
37
20
17
35
38
5
21
17
37
16
12
23
5
31
4
10
31
4
29
20
17
39
24
24
19
36
31
38
35
16
7
7
12
21
19
1
11
18
17
6
20
33
24
27
28
19
16
27
20
4
36
40
34
7
36
18
34
40
22
17
29
38
21
14
14
17
5
28
19
36
25
29
5
23
16
20
23
33
17
19
18
36
40
5
7
35
38
15
36
38
27
33
34
28
7
34
16
25
24
38
37
23
38
24
31
15
8
16
30
34
23
17
4
21
31
3
30
35
31
37
3
5
34
23
5
39
31
17
11
38
5
21
31
28
4
3
14
30
25
7
35
25
2
30
16
28
3
30
19
5
23
11
3
1
10
16
