44
30
4
40
33
17
30
15
27
11
17
35
42
19
7
43
40
43
26
1
12
15
39
20
8
1
21
34
20
6
13
9
36
33
40
5
21
9
28
26
34
32
39
27
1
14
26
24
20
22
35
8
4
23
1
11
40
28
32
34
13
43
3
34
34
25
1
22
43
24
20
12
10
16
15
14
12
6
28
43
36
13
13
9
23
27
15
27
9
4
11
36
22
36
29
30
20
9
21
9
19
1
15
22
38
8
23
29
28
44
31
18
7
41
3
26
5
28
37
15
22
6
39
16
10
37
8
41
37
34
10
17
25
20
43
28
19
39
24
39
31
21
37
28
12
17
7
5
40
4
7
26
9
29
39
43
29
16
25
28
3
1
18
1
19
6
32
7
32
4
16
13
17
28
14
43
1
42
26
30
27
32
37
19
41
18
8
21
14
6
26
18
6
3
34
32
2
5
8
29
18
21
29
37
43
40
8
37
43
28
14
7
16
20
34
20
42
14
24
33
36
36
23
15
14
31
42
38
27
20
14
9
26
1
38
6
22
40
4
39
19
7
14
22
21
24
2
20
38
37
3
36
23
31
15
40
19
18
32
9
34
42
14
37
27
5
14
38
8
29
44
3
41
44
12
9
1
37
29
8
30
22
21
19
38
17
37
24
34
25
11
7
36
25
25
12
41
11
15
31
15
29
4
13
33
11
23
16
7
32
44
4
25
13
26
16
13
7
17
44
21
32
13
30
29
19
41
12
21
31
12
17
33
39
7
31
8
39
3
2
17
24
6
10
27
34
13
44
8
29
4
7
26
3
32
17
3
37
22
38
12
35
15
7
42
7
5
16
17
31
22
42
6
42
36
25
22
21
21
42
42
39
16
12
41
30
40
33
4
18
5
30
15
18
44
5
16
9
31
15
30
30
30
44
39
19
12
19
10
33
41
2
23
39
12
32
6
26
17
19
44
32
11
33
2
31
27
21
44
16
31
11
36
24
3
38
2
6
36
12
5
22
44
10
5
40
3
3
3
12
15
36
41
16
26
27
31
34
23
12
18
11
41
33
18
41
41
13
11
26
31
13
6
27
44
10
27
4
17
44
38
10
42
10
38
35
2
3
32
18
2
10
13
40
5
16
38
25
33
18
17
25
41
2
2
11
36
35
21
23
38
11
38
40
36
35
11
30
21
34
42
12
4
5
16
6
31
4
38
37
3
38
33
35
27
22
22
2
35
37
30
4
34
2
6
16
6
41
25
9
16
11
21
40
35
11
35
15
18
12
5
35
42
11
18
5
13
22
42
32
7
44
7
6
12
44
42
37
12
30
24
23
37
41
44
9
35
5
4
2
37
2
10
23
41
44
12
15
18
35
25
32
6
2
18
40
44
3
25
12
35
38
12
30
5
25
38
9
32
21
30
9
4
40
2
24
33
25
33
23
6
44
36
6
5
32
24
37
13
41
13
40
9
11
35
42
9
25
2
40
9
2
23
38
6
18
27
33
25
35
32
30
4
3
24
27
3
10
35
36
42
24
23
11
13
42
7
27
40
36
11
37
41
27
23
11
3
2
44
33
36
40
23
23
13
2
10
9
38
35
7
6
6
9
10
27
9
41
10
37
33
10
23
38
37
18
27
13
36
13
18
38
27
44
23
18
10
10
33
27
40
10
18
12
27
41
27
10
12
40
11
13
36
24
25
30
23
23
10
25
27
35
9
23
13
41
36
40
36
7
35
23
10
6
11
9
33
6
44
10
25
18
33
18
44
33
44
7
23
41
27
12
9
27
41
23
27
44
25
7
24
36
33
12
6
30
30
30
25
36
7
41
7
24
30
36
27
35
12
9
9
27
27
40
27
7
35
30
24
12
33
40
33
30
35
25
25
30
27
44
23
33
25
40
6
6
25
13
35
24
25
25
6
44
12
27
12
41
33
27
12
9
30
35
35
23
13
24
33
6
6
41
30
13
6
35
41
23
30
36
41
35
13
41
6
7
27
7
13
36
35
6
24
7
27
13
33
35
23
7
12
12
7
30
30
41
27
24
41
30
7
33
25
25
7
24
7
6
25
44
33
36
36
24
33
36
24
41
33
6
41
44
33
36
12
12
41
30
36
27
44
27
24
7
44
27
30
6
44
36
44
41
36
44
30
44
27
12
6
36
24
24
12
27
27
24
41
6
24
27
44
24
41
24
44
41
24
24
24
6
44
12
27
6
6
12
44
44
41
44
24
27
24
27
6
6
12
6
44
24
44
24
24
12
41
24
27
44
41
27
