3
28
28
22
29
37
36
17
27
28
35
23
32
10
19
26
14
19
21
31
34
17
26
17
25
8
2
2
17
9
40
21
24
5
30
25
23
21
37
13
11
29
37
5
37
41
7
21
3
5
15
3
16
28
34
26
21
1
37
10
17
1
8
4
27
25
25
32
34
38
30
32
39
26
38
21
1
37
22
23
28
27
8
14
19
22
11
40
26
3
16
23
5
38
15
26
5
2
12
2
36
3
4
9
29
19
17
29
36
31
4
28
14
27
1
41
34
1
17
38
17
19
8
32
11
8
40
3
14
38
23
7
36
29
18
35
13
38
38
36
13
38
31
26
32
5
10
14
26
9
29
8
9
19
38
3
17
25
8
34
3
40
32
14
11
1
39
21
35
15
30
27
34
12
28
29
41
16
28
16
29
21
7
25
31
16
22
32
12
26
24
18
3
12
4
33
9
25
17
6
2
13
11
8
31
1
17
33
11
10
17
40
12
2
39
35
20
22
29
25
34
17
28
30
37
29
14
8
10
37
8
30
39
11
21
23
34
17
35
40
21
29
31
19
15
1
2
9
7
36
27
5
18
38
19
33
35
27
25
41
29
18
29
30
25
34
39
36
8
8
12
25
35
27
26
26
38
1
35
33
5
1
22
41
37
38
3
20
34
19
21
10
6
23
14
26
8
15
9
8
30
15
21
14
40
22
11
35
35
22
34
8
25
38
3
15
17
39
3
21
1
32
31
17
29
26
7
34
25
38
4
22
23
38
3
23
4
22
30
8
13
18
5
37
35
37
37
5
34
11
8
3
12
3
8
19
5
33
12
41
1
28
24
34
13
39
3
3
14
4
6
17
12
17
34
27
23
33
19
32
16
34
38
1
11
3
17
26
26
4
37
3
19
35
9
21
34
20
37
35
4
34
33
22
11
40
12
17
20
22
38
30
14
21
8
34
21
12
38
41
35
41
29
26
12
32
17
22
22
1
36
14
34
32
28
15
25
34
19
38
25
32
6
36
31
29
28
29
16
34
8
34
14
1
28
25
30
27
39
38
19
40
4
6
2
19
25
36
34
8
31
8
33
36
27
2
22
19
34
41
5
14
20
3
17
4
22
29
31
37
21
34
25
6
22
24
35
30
17
39
14
25
35
34
31
24
7
30
10
3
16
3
22
14
19
2
7
32
26
25
17
24
28
31
20
28
11
17
24
13
6
38
4
34
35
32
8
39
17
11
22
19
18
20
14
20
19
30
2
21
40
13
8
17
39
28
37
38
24
18
26
35
33
29
12
19
37
3
2
24
20
13
27
28
25
26
38
24
4
14
41
23
3
38
35
3
17
34
37
23
34
35
7
24
20
34
11
38
32
25
11
26
1
10
25
8
14
8
34
4
17
12
22
19
13
38
20
25
25
2
15
36
36
40
28
6
27
12
16
18
31
22
14
19
24
12
35
39
1
22
8
34
31
31
34
3
21
30
36
9
16
35
26
27
39
38
38
1
12
22
35
39
34
25
1
1
2
24
38
25
3
30
23
18
21
17
37
17
11
35
26
29
24
13
30
21
21
25
31
14
8
11
23
12
25
7
28
40
25
8
23
28
23
41
3
29
35
15
19
18
25
5
24
11
34
8
13
14
2
31
31
21
11
12
32
3
27
25
4
33
29
30
2
11
40
6
33
30
24
12
19
1
2
13
25
29
15
10
28
34
23
30
14
23
30
23
23
29
17
10
31
34
25
27
10
12
25
34
12
29
14
34
17
13
14
21
30
36
10
25
19
33
2
30
27
24
40
24
5
3
12
24
29
37
3
23
8
7
8
18
8
30
8
6
39
35
28
24
23
16
12
20
23
11
23
28
5
27
39
27
33
38
24
32
34
16
31
34
22
29
29
38
3
37
23
36
2
9
25
23
35
1
32
21
18
36
11
29
40
28
36
6
15
20
30
11
41
17
21
29
30
11
26
32
35
4
28
14
19
23
1
26
38
3
35
35
34
16
40
27
11
14
17
22
28
22
14
12
21
24
35
33
3
22
36
19
14
23
3
17
3
16
17
27
15
26
28
19
1
23
24
16
4
35
36
13
8
34
37
30
36
26
41
35
30
28
24
13
38
27
2
36
39
20
23
3
31
6
14
21
24
30
19
5
31
34
19
23
19
8
25
40
36
19
39
37
2
17
3
25
37
4
35
35
12
14
2
35
22
22
34
36
1
38
37
32
2
31
34
34
8
34
17
38
29
23
3
3
29
1
13
11
19
17
30
39
29
12
39
3
