11
24
20
22
37
24
36
9
24
26
2
33
25
27
27
7
30
23
29
5
36
5
24
8
11
6
16
33
9
39
24
16
13
14
1
23
4
41
29
29
5
31
40
1
12
41
26
35
15
20
39
18
22
11
16
27
41
29
31
36
41
17
13
11
20
2
1
41
36
38
7
19
32
41
12
37
1
1
33
21
5
38
10
6
36
2
15
33
8
15
25
7
10
9
31
11
38
31
40
9
28
10
32
4
22
24
27
40
25
12
26
14
40
13
18
23
32
32
31
9
30
14
13
34
14
38
32
8
10
6
34
26
3
18
39
18
27
8
31
37
12
33
12
16
9
37
22
3
19
11
29
28
13
32
20
20
7
14
20
32
30
11
31
24
29
14
9
18
19
31
10
1
25
26
10
24
38
3
41
3
22
40
22
40
15
18
25
25
3
1
13
7
12
35
28
28
3
16
35
36
7
31
27
32
30
38
29
7
14
40
33
34
22
17
23
9
17
15
8
5
7
27
13
27
17
17
30
26
1
17
35
20
14
9
29
22
24
37
11
21
19
16
19
7
8
26
23
7
12
20
9
29
9
12
3
10
27
17
41
24
28
11
6
4
18
31
9
14
34
1
41
13
14
28
16
12
26
9
13
26
15
20
5
38
21
2
34
19
2
31
32
7
16
25
22
1
14
37
33
22
37
23
2
29
35
31
35
30
33
5
39
14
29
8
31
12
6
12
15
41
22
22
30
9
7
25
8
10
34
39
8
31
17
28
40
17
14
35
41
12
21
29
4
30
34
3
5
37
6
36
20
3
27
23
5
41
25
7
37
4
4
17
28
22
36
7
37
37
14
21
29
7
19
28
38
32
31
18
33
1
30
31
17
13
39
25
32
11
32
22
33
4
29
3
28
3
34
26
2
5
27
33
16
38
8
23
4
2
15
11
7
22
1
32
39
18
5
31
13
3
2
4
22
3
28
10
39
12
22
31
18
38
22
4
12
30
15
8
23
36
39
31
26
29
10
36
13
22
25
16
13
13
14
21
21
22
6
22
13
2
24
13
26
21
16
41
21
4
38
6
10
9
12
22
12
23
33
14
18
10
9
3
2
12
24
21
9
3
7
17
16
3
2
41
25
37
18
31
6
22
17
37
18
21
19
3
9
35
32
22
30
8
35
19
18
37
9
24
30
26
25
39
29
8
38
40
4
19
15
32
36
4
41
19
3
33
32
34
26
37
32
10
33
19
17
23
37
17
34
12
5
4
30
23
35
24
39
36
19
39
35
40
34
18
25
40
35
9
15
8
30
23
14
22
29
36
40
16
17
26
10
39
32
15
34
12
17
2
9
30
21
15
34
32
33
7
9
31
4
18
6
33
15
29
38
22
15
37
31
2
14
7
25
2
7
19
22
14
6
41
19
40
32
8
8
39
39
14
16
16
16
21
19
36
34
16
17
21
10
31
33
34
22
9
12
14
30
31
16
15
25
40
39
2
14
40
9
35
6
31
40
36
25
39
38
6
41
15
36
21
30
18
25
19
26
19
9
40
12
16
31
21
9
17
26
35
31
33
6
10
3
37
37
12
35
34
10
9
40
38
34
22
40
18
3
41
19
17
41
40
29
7
16
38
6
17
35
34
15
31
34
39
21
41
6
12
3
37
15
39
21
32
9
41
15
31
7
32
10
40
31
16
14
30
22
9
38
39
18
16
37
29
10
35
37
25
12
6
19
40
34
38
6
31
14
12
30
39
41
17
34
6
35
22
21
12
35
6
39
41
7
38
9
18
39
31
21
22
16
7
18
38
16
33
9
14
14
10
9
31
7
29
40
32
10
31
41
22
14
41
9
31
32
37
18
3
14
15
22
21
35
39
9
6
14
37
37
35
35
17
17
35
30
18
18
30
41
40
34
14
9
30
30
41
35
41
37
14
15
7
12
16
9
41
34
34
3
7
18
40
35
32
14
3
39
31
9
31
18
39
18
9
9
3
35
35
17
39
40
15
30
40
41
15
31
34
9
40
18
40
15
3
12
39
7
17
16
34
12
22
14
15
15
41
9
3
41
32
37
15
18
22
31
3
12
34
3
14
12
14
15
18
16
40
14
9
17
22
41
14
40
35
7
40
37
9
9
39
39
18
12
14
17
7
9
37
15
40
14
17
7
7
41
3
31
40
7
37
31
40
40
9
12
37
37
22
17
17
22
9
40
37
40
14
31
17
14
37
22
41
9
31
41
22
31
14
31
41
12
41
9
41
40
37
40
12
40
40
22
12
