5 14 0
7 16 0
6 27 0
15 35 0
3 37 0
8 37 0
37 48 1
11 51 0
3 52 0
7 53 0
14 56 0
7 57 0
28 57 0
21 65 0
32 75 0
43 79 0
52 85 1
85 91 0
6 92 1
91 95 0
19 96 0
78 97 1
58 99 0
26 101 0
57 103 0
106 109 0
20 113 0
35 113 0
53 115 1
105 117 0
21 119 0
32 122 1
89 122 1
87 124 1
120 125 0
16 126 0
28 128 0
29 128 0
99 128 0
126 129 0
104 130 0
23 131 0
44 131 0
94 133 0
103 133 0
91 135 0
129 139 0
64 145 1
103 145 1
125 146 0
55 147 0
120 147 0
30 149 0
18 150 0
144 150 0
18 151 0
41 152 0
150 154 0
55 155 0
74 155 1
131 156 0
61 158 0
75 160 0
156 163 0
115 170 0
158 170 0
19 171 0
40 171 0
59 175 0
147 177 0
7 178 1
54 178 0
149 179 0
85 180 0
121 180 0
152 180 0
1 181 1
77 181 0
13 182 0
169 182 0
39 183 0
143 183 0
113 185 0
135 187 1
68 189 0
187 189 0
172 190 0
71 192 0
184 192 0
58 193 0
132 193 0
118 194 0
25 197 0
159 197 0
53 199 0
73 199 0
97 200 0
17 202 0
20 203 0
48 204 0
4 206 0
125 206 0
131 206 0
67 207 1
31 208 0
62 208 0
163 209 0
52 210 0
95 211 1
114 211 1
176 211 0
24 212 1
87 212 0
80 213 0
127 213 0
207 213 0
38 214 0
211 215 0
151 216 0
39 220 0
126 223 0
212 223 0
20 225 0
126 228 0
224 228 1
109 229 1
133 231 0
163 231 0
179 231 0
223 231 0
4 232 1
112 232 0
86 233 1
174 233 0
229 234 0
234 235 0
102 237 0
39 238 0
8 239 0
142 239 0
151 239 0
184 239 0
158 240 0
172 240 0
163 241 0
40 242 0
162 242 0
25 244 1
168 244 0
178 244 0
144 245 0
89 246 0
207 246 0
51 247 0
220 247 0
93 248 0
215 248 0
43 249 0
173 249 0
220 249 0
89 250 1
8 251 0
77 251 1
87 252 0
47 254 0
216 254 0
75 255 0
254 255 0
35 257 0
163 257 0
166 257 1
210 258 0
227 258 1
87 260 0
72 262 0
230 262 0
81 263 0
186 263 0
31 264 0
98 264 1
51 265 0
256 265 0
184 267 0
128 268 0
105 270 0
229 270 0
252 270 0
10 271 0
89 273 0
271 273 0
83 274 0
38 276 0
243 276 0
149 277 0
156 277 0
269 278 0
60 279 0
33 280 0
263 280 0
248 281 0
16 283 0
39 283 0
110 283 0
123 283 0
135 283 0
190 283 0
14 284 0
139 284 1
270 284 0
115 285 0
169 285 0
173 286 0
233 286 0
275 286 0
31 287 0
95 287 0
197 287 0
267 287 0
44 288 0
61 288 0
71 288 0
125 288 0
194 288 0
107 289 0
256 289 0
27 290 0
216 290 0
49 291 0
94 291 0
39 292 0
188 292 0
214 292 0
56 293 0
131 293 0
201 293 1
46 294 0
282 294 0
293 294 1
17 295 0
71 296 0
198 296 0
22 297 0
232 297 0
285 297 0
34 298 0
46 298 0
54 298 1
214 298 0
53 301 0
106 301 0
57 302 0
135 302 0
233 302 0
64 303 0
226 303 0
80 304 0
231 304 0
293 304 0
230 305 0
269 305 0
273 305 0
296 305 0
26 306 0
37 306 0
77 306 0
137 306 1
18 307 0
218 308 0
225 308 0
241 308 0
258 308 0
133 309 0
137 309 0
272 309 0
16 310 0
210 310 0
293 310 0
190 311 0
208 311 1
87 312 1
194 312 0
66 313 1
30 314 0
43 314 0
188 314 0
130 315 0
205 315 0
29 316 0
170 317 0
253 317 1
309 317 0
216 318 0
261 318 1
37 319 0
73 319 0
223 320 0
105 321 1
195 321 0
237 322 0
303 323 0
77 324 0
81 325 0
156 325 0
177 325 0
302 325 0
26 327 0
47 327 0
180 327 0
219 328 0
282 328 0
106 329 0
226 329 1
270 330 1
94 331 0
258 332 2
6 333 0
179 333 0
218 333 0
114 334 0
283 334 0
129 335 0
200 335 0
236 335 0
17 336 0
29 336 0
56 336 0
160 336 0
188 336 0
196 336 0
286 336 1
125 337 0
127 338 0
212 338 0
39 339 0
127 339 0
304 339 0
164 340 1
305 340 0
337 340 0
57 341 0
94 341 0
269 341 0
98 342 0
182 342 0
202 342 0
136 343 0
278 343 0
174 344 0
204 344 0
286 344 0
329 344 0
61 345 0
208 345 0
252 345 0
91 346 0
195 346 1
259 346 0
56 347 1
79 347 0
192 347 0
259 347 0
281 347 0
312 347 0
10 348 0
50 348 2
63 348 0
58 349 1
215 349 0
259 349 0
87 350 0
88 350 0
172 350 0
269 350 0
10 351 0
136 351 0
174 352 0
100 353 0
158 354 0
242 354 0
294 354 0
332 354 1
61 355 0
75 355 0
118 356 1
261 356 0
45 357 0
316 357 1
321 357 0
1 358 0
244 358 0
102 359 0
168 359 1
300 359 0
49 360 0
228 360 0
310 360 0
322 360 0
327 360 0
312 361 0
327 361 1
100 362 0
149 362 0
152 362 0
297 362 0
263 363 0
338 363 0
345 363 0
358 364 0
59 365 0
90 365 0
187 365 0
327 365 0
357 365 0
330 366 0
119 368 0
199 368 1
216 369 0
297 369 0
329 369 0
333 369 0
13 370 0
33 370 0
142 370 0
158 370 1
270 370 0
368 370 0
145 371 0
261 371 0
203 372 0
257 372 0
262 372 0
286 372 1
213 373 0
286 373 0
102 374 0
259 374 0
353 374 0
118 375 0
137 375 0
241 375 0
323 375 0
147 376 0
330 376 0
362 376 0
367 376 0
97 377 0
120 377 0
309 377 0
372 377 0
21 378 1
318 379 1
376 379 1
23 380 1
24 380 0
267 380 0
22 381 0
231 381 0
242 381 1
321 381 0
233 382 0
270 382 1
292 382 0
133 383 2
265 383 0
339 383 0
235 384 0
39 385 0
297 385 0
175 386 0
228 386 0
283 386 0
52 387 0
194 387 0
351 387 0
367 387 1
131 388 0
84 389 1
91 389 0
300 389 0
334 389 0
384 389 2
61 390 0
157 390 0
370 390 0
37 392 0
215 392 0
254 392 0
314 392 0
19 394 0
63 394 0
170 394 0
178 394 0
218 394 0
72 395 1
78 395 0
326 395 0
96 396 0
179 396 0
291 396 0
96 397 0
108 397 0
132 397 2
249 397 0
16 398 1
45 398 0
232 398 1
238 398 0
358 398 0
21 399 0
40 399 0
308 399 1
344 399 0
350 399 0
385 399 0
137 400 0
227 400 1
342 400 1
134 401 2
319 401 0
22 402 0
134 402 0
172 402 0
284 402 0
290 402 2
63 403 1
133 403 1
45 404 0
266 404 0
53 405 0
190 405 0
36 406 0
75 406 0
97 406 1
203 406 0
217 406 0
66 407 0
175 407 0
102 408 0
243 408 0
255 408 0
13 409 0
150 409 0
128 410 0
194 410 0
239 410 0
76 411 0
304 411 0
340 411 1
299 412 0
314 412 1
320 412 0
13 413 0
162 413 0
5 414 0
88 414 0
138 414 0
161 414 0
241 414 0
51 415 0
158 415 0
322 416 0
146 417 0
244 417 1
24 418 1
78 418 0
165 419 0
171 419 1
64 420 0
191 420 0
376 420 0
108 421 1
177 421 0
289 421 0
236 422 0
61 423 0
166 423 1
310 423 0
112 424 0
131 424 1
150 424 0
240 424 1
15 425 0
256 425 0
267 425 0
170 426 1
380 427 1
412 427 1
265 429 0
91 430 0
288 430 2
378 430 0
60 431 0
142 431 0
176 431 0
273 431 0
341 431 1
63 432 0
148 432 0
160 432 0
375 432 1
397 432 0
40 433 1
119 433 0
317 433 0
17 434 0
307 434 1
417 434 0
323 435 0
373 435 0
9 436 0
93 436 0
68 437 0
155 437 0
246 437 1
62 438 0
260 438 0
377 438 0
417 438 0
105 439 1
111 439 0
209 439 1
321 439 1
352 439 0
361 439 0
72 440 0
85 440 0
236 440 0
283 440 1
349 440 1
427 440 0
65 441 0
151 441 1
335 441 0
344 441 1
122 442 0
177 442 0
205 442 0
285 442 0
382 442 0
231 443 0
59 444 0
148 444 0
254 445 0
276 445 1
282 445 0
318 445 0
400 445 0
106 446 0
110 446 0
212 446 0
323 446 1
384 446 1
414 446 0
82 447 0
176 447 0
203 447 0
305 447 1
117 448 0
163 448 0
228 448 0
261 448 1
1 449 0
5 449 0
121 449 0
246 449 0
349 449 1
366 449 1
230 450 1
343 450 0
364 450 0
374 450 0
23 451 0
47 451 0
400 451 1
126 452 1
186 452 1
217 452 1
316 452 0
47 453 0
128 453 1
174 453 0
274 453 0
11 454 0
189 454 0
220 454 0
359 454 0
366 454 0
373 454 0
387 454 0
451 454 0
136 455 0
222 455 1
428 455 0
449 455 0
300 456 0
388 456 2
419 456 0
149 457 0
234 457 0
156 458 0
183 458 0
207 458 0
250 458 1
326 458 0
386 458 1
446 458 0
49 459 0
71 459 0
222 459 0
374 459 0
396 459 1
403 459 0
36 460 0
160 460 0
304 460 0
415 460 0
97 461 0
198 461 0
394 461 0
409 461 0
390 462 0
418 462 0
90 463 0
182 463 0
316 463 0
169 464 0
178 464 0
197 464 0
234 464 0
74 465 1
256 465 1
370 465 1
382 465 0
19 466 0
132 466 0
421 466 0
450 466 0
388 467 1
427 467 0
309 468 0
347 468 0
349 468 2
42 469 0
49 469 0
343 469 0
408 469 0
444 469 1
87 470 1
120 470 0
168 470 0
219 470 0
312 470 1
107 471 1
165 471 0
224 471 0
238 471 0
291 471 1
350 471 0
16 472 0
22 472 0
159 472 1
240 472 1
287 472 0
60 473 0
323 473 0
325 473 0
373 473 0
385 473 0
445 473 1
64 474 1
203 474 1
251 474 0
362 474 0
436 474 1
446 474 0
47 475 1
49 475 0
404 475 1
207 476 0
217 476 3
271 476 0
332 476 0
452 476 1
38 477 0
88 477 0
119 477 0
185 477 0
310 477 2
7 478 0
331 478 1
349 478 0
409 478 0
31 479 0
158 479 0
200 479 1
269 479 1
407 479 0
12 481 1
80 481 0
187 481 0
209 481 0
263 481 1
385 481 0
437 481 2
139 482 0
164 482 0
176 482 0
258 482 1
294 482 0
332 482 1
346 482 0
446 482 1
30 483 1
141 483 0
326 483 0
351 483 0
392 483 0
408 483 1
481 483 1
16 484 0
80 484 0
100 484 0
239 484 0
289 484 0
352 484 0
442 484 0
96 485 0
152 485 0
291 485 0
375 485 0
467 485 0
133 486 0
148 486 0
211 486 0
247 486 0
350 486 0
422 486 0
464 486 0
480 486 0
14 487 0
156 487 0
157 487 0
162 487 0
332 487 0
435 487 0
452 487 0
12 488 0
34 488 0
175 488 0
278 488 1
295 488 0
447 488 0
9 489 0
46 489 0
141 489 1
179 489 1
328 489 0
369 489 0
165 490 0
238 490 0
259 490 0
447 490 1
279 491 0
371 491 0
419 491 0
56 492 0
77 492 1
315 492 0
383 492 0
415 492 0
489 492 0
2 493 0
336 493 0
398 493 0
62 494 0
109 494 0
111 494 0
123 494 2
126 494 1
377 494 1
94 495 0
104 495 0
117 495 0
193 495 0
310 495 0
343 495 0
399 495 1
68 496 0
232 496 0
369 496 0
73 497 0
126 497 1
220 497 1
221 497 1
261 497 0
149 498 0
161 498 1
191 498 1
283 498 1
351 498 0
448 498 0
99 499 0
377 499 0
401 499 1
34 500 0
90 500 0
227 500 1
287 500 0
321 500 0
454 500 0
181 501 0
255 501 0
267 501 0
363 501 0
427 501 0
444 501 0
466 501 0
344 502 0
410 502 0
442 502 0
446 502 1
448 502 1
482 502 1
493 502 0
1 503 1
124 503 0
151 503 2
393 503 0
48 504 1
98 504 0
119 504 0
262 504 0
47 505 1
118 505 0
141 505 0
244 505 0
411 505 1
475 505 1
9 506 0
25 507 0
304 507 0
385 507 0
464 507 0
474 507 0
480 507 0
86 508 0
135 508 1
187 508 2
325 508 0
374 508 0
443 508 0
477 508 0
105 509 1
252 509 2
279 509 1
410 509 0
455 509 0
23 510 0
186 510 1
225 510 0
355 510 1
400 510 0
452 510 1
199 511 0
203 511 1
230 511 0
252 511 0
334 511 0
369 511 0
419 511 0
11 512 0
20 512 0
92 512 0
120 512 0
128 512 0
285 512 1
328 512 0
412 512 0
48 513 1
173 513 0
319 513 0
392 513 0
494 513 0
497 513 0
20 514 0
439 514 0
504 514 0
78 515 0
95 515 0
224 515 0
226 515 0
266 515 0
267 515 0
468 515 0
470 515 0
14 516 0
83 516 0
101 516 0
189 516 0
296 516 1
410 516 0
57 517 0
80 517 0
233 517 0
274 517 0
331 517 1
359 517 2
420 517 0
162 518 2
165 518 1
327 518 0
409 518 0
444 518 0
465 518 1
15 519 0
422 519 0
434 519 0
471 519 3
477 519 0
321 520 0
343 520 0
379 520 0
486 520 2
157 521 0
291 521 1
292 521 1
416 521 0
146 522 0
255 522 1
360 522 0
415 522 0
262 523 1
318 523 1
333 523 2
367 523 0
382 523 0
9 524 0
31 524 0
60 524 0
351 524 2
384 524 1
404 524 1
36 525 0
85 525 0
232 525 1
401 525 1
457 525 0
524 525 0
59 526 1
70 526 0
224 526 0
353 526 0
468 526 0
110 527 0
290 527 0
304 527 0
381 527 0
404 527 0
471 527 1
493 527 0
519 527 1
521 527 0
35 528 0
110 528 0
245 528 0
289 528 0
295 528 0
351 528 0
354 528 1
355 528 0
220 529 0
465 529 0
59 530 0
129 530 1
205 530 0
316 530 0
344 530 0
367 530 0
470 530 0
505 530 0
123 531 0
386 531 0
413 531 1
440 531 1
467 531 0
480 531 1
184 532 1
204 532 0
289 532 0
437 532 0
443 532 0
43 533 0
99 533 0
153 533 0
403 533 0
435 533 1
506 533 0
17 534 0
196 534 0
221 534 0
315 534 0
469 534 0
510 534 0
69 535 0
71 535 0
78 535 0
93 535 0
107 535 1
214 535 0
282 535 0
378 535 1
17 536 0
76 536 0
171 536 0
355 536 1
478 536 0
510 536 2
148 537 1
154 537 0
182 537 0
243 537 2
425 537 1
520 537 0
70 538 2
215 538 0
255 538 0
437 538 0
195 539 0
233 539 0
442 539 2
475 539 1
125 540 0
417 540 1
484 540 0
76 541 0
167 541 0
279 541 0
371 541 1
466 541 0
505 541 1
189 542 0
191 542 0
408 542 0
416 542 0
453 542 0
500 542 0
511 542 0
27 543 0
120 543 0
217 543 0
396 543 0
427 543 1
429 543 0
487 543 0
517 543 0
122 544 0
148 544 1
321 544 0
390 544 1
472 544 2
532 544 0
21 545 1
106 545 0
186 545 0
207 545 1
418 545 1
482 545 0
27 546 0
110 546 0
312 546 0
326 546 1
346 546 0
360 546 1
457 546 0
520 546 1
533 546 1
4 547 0
226 547 0
229 547 0
395 547 0
496 547 2
544 547 0
65 548 1
124 548 1
168 548 1
370 548 0
399 548 0
195 549 0
252 549 1
361 549 0
380 549 0
393 549 0
532 549 0
546 549 0
9 550 0
39 550 0
115 550 0
245 550 0
306 550 1
350 550 0
356 550 0
358 550 0
106 551 0
143 551 1
190 551 0
479 551 0
69 552 1
192 552 0
319 552 0
418 552 0
518 552 0
117 553 0
134 553 0
429 553 0
441 553 0
455 553 0
515 553 0
536 553 0
187 554 0
227 554 1
246 554 0
400 554 1
526 554 1
530 554 0
110 555 0
200 555 1
242 555 1
313 555 0
371 555 0
395 555 0
539 555 0
18 556 0
273 556 0
296 556 0
333 556 0
422 556 2
209 557 0
220 557 0
266 557 1
397 557 1
414 557 1
466 557 0
488 557 0
503 557 1
545 557 0
231 558 1
242 558 0
265 558 1
318 558 1
411 558 2
416 558 0
505 558 1
523 558 1
3 559 0
330 559 0
367 559 0
380 559 0
423 559 1
495 559 0
507 559 1
508 559 2
510 559 0
67 560 1
148 560 0
207 560 1
259 560 0
405 560 0
64 561 0
310 561 0
377 561 0
414 561 0
476 561 2
28 562 0
32 562 1
175 562 0
234 562 0
463 562 0
83 563 0
258 563 0
293 563 1
501 563 0
551 563 0
53 564 1
79 564 1
432 564 0
450 564 0
501 564 0
8 565 1
26 565 0
106 565 0
114 565 0
230 565 0
412 565 0
470 565 0
500 565 1
29 566 0
33 566 0
52 566 0
204 566 0
0 567 0
11 567 0
31 567 0
172 567 0
223 567 0
257 567 1
565 567 0
21 568 0
79 568 0
251 568 1
276 568 1
311 568 0
445 568 1
467 568 1
539 568 0
68 569 0
100 569 0
239 569 0
326 569 0
391 569 0
421 569 0
451 569 0
488 569 0
0 570 0
95 570 1
325 570 0
357 570 1
358 570 0
463 570 1
475 570 0
11 571 0
74 571 0
202 571 0
251 571 1
319 571 0
357 571 0
373 571 0
422 571 0
38 572 1
67 572 0
183 572 0
184 572 0
296 572 1
320 572 2
376 572 0
516 572 1
229 573 2
311 573 0
363 573 0
454 573 0
476 573 0
499 573 1
524 573 0
35 574 0
102 574 0
361 574 0
28 575 0
52 575 0
144 575 0
160 575 0
196 575 0
247 575 0
287 575 0
440 575 0
497 575 0
90 576 0
104 576 0
176 576 0
265 576 0
328 576 0
345 576 0
409 576 0
499 576 0
213 577 0
219 577 1
262 577 0
351 577 0
433 577 1
458 577 0
562 577 0
568 577 2
6 578 0
15 578 0
41 578 0
65 578 0
136 578 0
137 578 0
262 578 0
303 578 0
335 578 1
391 578 0
130 579 0
198 579 0
215 579 0
269 579 1
306 579 0
33 580 0
110 580 0
357 580 0
392 580 0
411 580 0
136 581 0
161 581 0
277 581 0
324 581 0
375 581 0
34 582 0
76 582 0
144 582 0
178 582 0
242 582 1
331 582 1
381 582 2
76 583 0
142 583 1
208 583 0
258 583 0
352 583 0
432 583 0
534 583 2
156 584 0
160 584 0
176 584 1
357 584 1
375 584 0
422 584 1
437 584 0
448 584 0
454 584 0
463 584 0
522 584 0
7 585 0
33 585 0
60 585 0
356 585 0
364 585 2
405 585 1
64 586 0
135 586 0
148 586 0
234 586 1
282 586 0
337 586 1
539 586 0
68 587 0
429 587 0
470 587 1
497 587 1
92 588 0
109 588 0
136 588 0
280 588 0
505 588 0
521 588 0
80 589 0
141 589 0
214 589 0
345 589 1
382 589 0
463 589 0
471 589 0
472 589 0
485 589 1
70 590 0
111 590 1
239 590 1
330 590 1
427 590 0
465 590 0
587 590 0
23 591 1
70 591 0
268 591 0
380 591 1
407 591 0
424 591 0
444 591 0
462 591 0
511 591 0
544 591 0
550 591 0
568 591 0
182 592 0
248 592 0
277 592 0
301 592 0
368 592 0
381 592 0
396 592 0
401 592 1
415 592 0
450 592 0
496 592 0
504 592 0
520 592 0
528 592 0
45 593 0
54 593 1
127 593 1
326 593 0
409 593 1
410 593 1
556 593 1
46 594 0
181 594 0
222 594 0
303 594 2
376 594 1
379 594 1
405 594 1
551 594 1
167 595 0
187 595 0
211 595 1
251 595 0
319 595 0
351 595 0
390 595 0
170 596 0
249 596 2
308 596 0
436 596 0
487 596 0
488 596 1
497 596 1
579 596 1
38 597 0
194 597 0
273 597 0
280 597 0
303 597 0
328 597 1
306 598 2
345 598 1
469 598 1
475 598 1
550 598 2
581 598 0
589 598 1
138 599 0
142 599 0
327 599 0
395 599 1
468 599 0
482 599 1
521 599 0
582 599 0
593 599 0
103 600 0
121 600 2
167 600 1
279 600 0
400 600 0
448 600 0
485 600 0
490 600 0
561 600 0
144 601 0
292 601 1
305 601 0
364 601 0
411 601 1
430 601 1
440 601 0
462 601 0
501 601 1
506 601 0
512 601 0
556 601 1
101 602 0
147 602 0
169 602 0
240 602 1
275 602 0
393 602 0
582 602 0
12 603 0
92 603 0
100 603 1
216 603 0
298 603 0
407 603 0
427 603 0
549 603 0
106 604 0
334 604 0
378 604 1
441 604 0
442 604 0
482 604 0
529 604 0
563 604 0
588 604 0
34 605 0
110 605 0
190 605 0
223 605 0
334 605 0
418 605 1
477 605 0
543 605 2
545 605 1
593 605 0
17 606 0
309 606 1
428 606 2
451 606 0
500 606 0
58 607 1
337 607 0
349 607 1
393 607 0
409 607 0
570 607 0
118 608 1
249 608 1
267 608 1
306 608 0
595 608 0
596 608 1
13 609 0
218 609 0
514 609 0
532 609 0
553 609 1
577 609 0
154 610 0
177 610 1
184 610 0
313 610 0
432 610 0
528 610 0
18 611 0
77 611 1
196 611 0
212 611 0
378 611 1
381 611 0
386 611 0
456 611 0
465 611 0
480 611 0
535 611 1
24 612 0
226 612 0
360 612 0
362 612 1
402 612 0
505 612 0
579 612 0
101 613 1
116 613 0
230 613 0
275 613 0
297 613 0
333 613 0
360 613 0
373 613 0
426 613 0
124 614 0
189 614 1
285 614 0
309 614 0
494 614 1
509 614 0
515 614 0
30 615 0
109 615 1
114 615 0
341 615 0
411 615 0
413 615 1
414 615 1
420 615 0
553 615 0
605 615 1
169 616 0
277 616 1
323 616 1
416 616 1
438 616 1
517 616 0
564 616 0
76 617 0
141 617 0
226 617 0
241 617 0
243 617 0
340 617 0
518 617 1
527 617 0
570 617 0
36 618 0
98 618 0
195 618 0
251 618 1
315 618 0
338 618 0
367 618 0
393 618 0
443 618 1
568 618 1
5 619 0
8 619 0
11 619 1
417 619 0
436 619 1
597 619 1
612 619 1
191 620 0
195 620 0
197 620 0
320 620 0
350 620 0
532 620 0
551 620 1
583 620 0
136 621 0
187 621 0
239 621 0
241 621 0
276 621 1
391 621 0
438 621 3
118 622 0
193 622 0
279 622 0
355 622 0
383 622 0
395 622 0
396 622 0
554 622 0
559 622 1
560 622 0
12 623 0
143 623 0
150 623 0
197 623 1
475 623 0
592 623 0
602 623 0
146 624 0
229 624 0
355 624 0
390 624 2
439 624 0
493 624 0
530 624 0
544 624 1
607 624 1
616 624 1
123 625 1
296 625 0
384 625 1
435 625 0
499 625 0
524 625 1
560 625 2
600 625 0
179 626 0
374 626 0
398 626 0
422 626 0
478 626 1
495 626 0
533 626 0
573 626 0
17 627 0
138 627 1
291 627 0
326 627 1
358 627 0
404 627 0
455 627 0
520 627 1
546 627 3
576 627 2
588 627 0
14 628 1
142 628 0
143 628 2
256 628 0
398 628 0
523 628 1
537 628 0
3 629 0
12 629 0
328 629 0
361 629 0
389 629 0
417 629 0
454 629 0
470 629 0
579 629 0
599 629 0
611 629 0
627 629 0
174 630 1
196 630 0
294 630 1
312 630 0
484 630 0
503 630 1
12 631 1
65 631 0
150 631 0
183 631 0
302 631 0
334 631 0
355 631 0
481 631 1
513 631 0
595 631 0
626 631 0
103 632 0
112 632 0
142 632 0
392 632 1
432 632 0
456 632 1
490 632 1
526 632 0
54 633 1
81 633 0
186 633 0
205 633 1
554 633 0
90 634 0
183 634 0
201 634 0
358 634 0
378 634 0
380 634 0
491 634 1
513 634 0
554 634 0
563 634 1
564 634 0
567 634 0
43 635 0
239 635 0
312 635 0
320 635 2
480 635 1
581 635 0
11 636 0
145 636 0
169 636 0
330 636 0
362 636 2
368 636 0
401 636 0
612 636 1
624 636 0
628 636 1
34 637 1
140 637 1
363 637 0
522 637 2
624 637 1
33 638 0
36 638 0
101 638 0
132 638 0
214 638 0
290 638 0
426 638 1
576 638 0
577 638 0
626 638 0
0 639 0
186 639 0
258 639 1
312 639 0
332 639 1
343 639 0
401 639 0
412 639 0
423 639 0
451 639 0
531 639 0
553 639 2
609 639 2
88 640 0
143 640 0
427 640 1
456 640 1
508 640 1
523 640 0
589 640 0
619 640 1
636 640 0
329 641 0
439 641 0
490 641 2
515 641 0
625 641 1
65 642 0
73 642 1
356 642 0
430 642 0
443 642 0
457 642 1
542 642 1
587 642 0
626 642 0
7 643 0
121 643 0
130 643 0
335 643 0
396 643 0
416 643 0
623 643 0
24 644 0
224 644 0
256 644 0
303 644 0
339 644 0
420 644 1
535 644 1
548 644 1
590 644 1
8 645 0
368 645 0
540 645 0
566 645 2
104 646 0
190 646 0
250 646 0
295 646 1
305 646 0
445 646 2
62 647 0
259 647 0
581 647 2
595 647 0
602 647 0
5 648 0
40 648 0
47 648 0
101 648 1
128 648 0
241 648 0
316 648 1
378 648 0
383 648 0
515 648 0
538 648 2
552 648 0
2 649 1
111 649 0
193 649 0
260 649 1
387 649 1
491 649 0
529 649 2
606 649 0
616 649 0
172 650 1
343 650 0
492 650 0
531 650 0
577 650 0
585 650 0
649 650 0
5 651 1
205 651 1
227 651 0
254 651 1
289 651 0
468 651 0
490 651 0
562 651 0
602 651 0
609 651 0
633 651 2
2 652 0
155 652 0
223 652 0
379 652 0
430 652 1
501 652 1
601 652 2
62 653 0
250 653 0
310 653 1
323 653 0
357 653 1
413 653 0
467 653 1
477 653 1
528 653 0
584 653 1
115 654 0
313 654 1
332 654 0
384 654 1
461 654 0
539 654 1
592 654 0
597 654 2
619 654 1
645 654 2
646 654 3
45 655 0
80 655 0
110 655 0
161 655 2
248 655 0
482 655 0
486 655 0
498 655 1
574 655 1
159 656 0
255 656 0
256 656 1
331 656 1
344 656 1
367 656 0
430 656 1
434 656 3
441 656 2
465 656 2
484 656 0
532 656 0
130 657 1
166 657 0
324 657 0
326 657 0
531 657 0
540 657 1
630 657 0
653 657 1
25 658 1
180 658 2
444 658 1
472 658 0
474 658 2
547 658 0
608 658 1
649 658 0
100 659 0
182 659 1
392 659 0
534 659 0
541 659 1
542 659 0
600 659 0
607 659 0
628 659 0
646 659 0
93 660 0
128 660 0
145 660 0
264 660 0
324 660 1
354 660 0
513 660 0
547 660 0
628 660 1
109 661 0
202 661 0
294 661 0
394 661 0
409 661 0
426 661 0
555 661 0
621 661 0
633 661 0
19 662 0
242 662 0
271 662 0
393 662 0
462 662 0
463 662 0
547 662 2
639 662 0
648 662 0
49 663 0
61 663 0
297 663 0
474 663 1
496 663 0
522 663 1
612 663 1
4 664 0
114 664 0
136 664 0
140 664 1
176 664 0
335 664 0
388 664 0
459 664 0
460 664 0
537 664 2
610 664 0
614 664 0
177 665 1
215 665 1
222 665 0
295 665 0
475 665 1
563 665 1
610 665 3
633 665 0
25 666 1
54 666 1
65 666 0
78 666 0
263 666 0
272 666 0
298 666 1
358 666 0
366 666 0
407 666 0
532 666 1
568 666 0
600 666 0
23 667 1
50 667 1
236 667 0
307 667 2
424 667 0
487 667 0
555 667 1
603 667 0
604 667 0
657 667 1
17 668 0
25 668 0
58 668 0
248 668 0
268 668 0
327 668 0
473 668 0
475 668 0
494 668 0
566 668 1
576 668 0
618 668 0
664 668 1
1 669 0
27 669 0
35 669 1
75 669 0
91 669 0
153 669 1
164 669 2
490 669 0
576 669 0
57 670 0
123 670 0
127 670 0
406 670 0
416 670 0
433 670 0
461 670 1
574 670 2
576 670 0
650 670 0
50 671 0
125 671 0
176 671 0
339 671 1
394 671 0
415 671 0
422 671 1
426 671 0
514 671 0
517 671 0
556 671 1
607 671 0
637 671 1
655 671 1
4 672 0
5 672 2
102 672 0
223 672 0
328 672 0
552 672 0
554 672 0
582 672 0
643 672 0
651 672 1
655 672 0
669 672 0
67 673 0
433 673 2
488 673 1
579 673 2
584 673 0
586 673 0
596 673 2
635 673 0
654 673 1
661 673 1
135 674 0
209 674 0
247 674 1
305 674 0
355 674 0
377 674 1
477 674 1
526 674 0
657 674 0
185 675 0
204 675 0
230 675 0
240 675 1
401 675 1
408 675 0
449 675 0
491 675 1
604 675 0
624 675 0
630 675 0
3 676 0
56 676 0
72 676 0
182 676 1
214 676 0
340 676 2
541 676 1
659 676 3
65 677 0
148 677 0
355 677 0
365 677 1
462 677 1
557 677 0
567 677 1
659 677 0
663 677 0
84 678 0
195 678 0
361 678 2
378 678 0
404 678 0
464 678 0
585 678 0
636 678 0
6 679 0
44 679 1
141 679 0
209 679 1
285 679 0
294 679 0
461 679 1
545 679 1
550 679 1
67 680 2
117 680 1
208 680 0
299 680 0
407 680 0
443 680 0
555 680 0
629 680 0
659 680 0
671 680 0
134 681 3
196 681 2
312 681 1
401 681 2
410 681 1
414 681 0
443 681 0
531 681 1
548 681 2
554 681 0
644 681 2
658 681 0
675 681 1
101 682 0
169 682 1
252 682 0
365 682 1
413 682 0
457 682 1
495 682 0
504 682 0
569 682 0
44 683 2
129 683 0
237 683 0
309 683 1
460 683 1
510 683 0
570 683 0
582 683 0
42 684 2
185 684 0
336 684 1
382 684 0
431 684 0
507 684 0
508 684 1
548 684 0
590 684 2
640 684 1
647 684 0
655 684 1
77 685 0
137 685 0
147 685 0
279 685 0
294 685 0
368 685 0
371 685 0
418 685 1
469 685 2
613 685 0
643 685 0
9 686 1
118 686 0
179 686 0
301 686 2
351 686 0
352 686 1
388 686 0
645 686 0
116 687 0
117 687 0
147 687 0
210 687 0
351 687 1
519 687 1
524 687 1
589 687 1
617 687 0
660 687 0
32 688 1
155 688 1
259 688 0
314 688 0
429 688 0
450 688 0
458 688 0
562 688 1
580 688 2
631 688 0
632 688 0
188 689 0
226 689 0
390 689 0
411 689 0
420 689 0
551 689 0
606 689 2
664 689 1
668 689 2
683 689 2
31 690 0
70 690 0
416 690 1
467 690 0
480 690 2
491 690 0
497 690 0
499 690 1
594 690 0
609 690 1
616 690 1
680 690 1
76 691 0
137 691 0
193 691 0
221 691 0
284 691 0
437 691 0
571 691 0
575 691 0
577 691 0
123 692 0
154 692 1
231 692 0
352 692 0
363 692 1
366 692 2
468 692 0
569 692 1
609 692 1
649 692 0
143 693 1
332 693 0
404 693 1
408 693 1
452 693 1
565 693 0
616 693 2
620 693 0
628 693 3
140 694 2
149 694 0
188 694 2
219 694 0
381 694 0
405 694 0
417 694 0
476 694 1
478 694 1
510 694 2
626 694 1
665 694 0
678 694 0
12 695 0
122 695 0
262 695 0
333 695 0
382 695 2
522 695 1
560 695 2
625 695 1
662 695 0
675 695 1
685 695 0
692 695 2
3 696 0
140 696 3
153 696 0
178 696 0
240 696 0
307 696 1
331 696 0
352 696 0
434 696 1
516 696 0
621 696 1
633 696 2
637 696 1
659 696 0
682 696 1
693 696 0
31 697 0
60 697 0
78 697 1
157 697 0
159 697 1
173 697 1
227 697 0
323 697 0
356 697 0
493 697 0
504 697 0
614 697 0
69 698 1
130 698 0
234 698 0
324 698 0
338 698 1
425 698 1
437 698 1
481 698 1
497 698 0
574 698 0
611 698 0
645 698 0
10 699 0
59 699 0
113 699 2
294 699 1
347 699 0
487 699 0
509 699 0
529 699 1
607 699 0
648 699 0
653 699 1
658 699 2
3 700 0
13 700 0
163 700 0
233 700 0
329 700 1
405 700 0
420 700 1
507 700 0
514 700 0
535 700 1
590 700 1
600 700 0
635 700 0
640 700 0
644 700 4
688 700 1
131 701 0
240 701 1
243 701 1
262 701 0
277 701 1
292 701 0
365 701 1
394 701 0
471 701 2
519 701 1
623 701 1
642 701 1
652 701 1
682 701 1
234 702 0
286 702 0
331 702 0
353 702 1
390 702 1
637 702 0
640 702 0
652 702 1
95 703 2
222 703 1
265 703 0
357 703 2
485 703 0
570 703 3
599 703 0
644 703 0
676 703 2
341 704 0
397 704 0
442 704 2
495 704 1
587 704 2
608 704 0
612 704 3
616 704 4
693 704 2
15 705 0
177 705 0
244 705 0
269 705 1
286 705 1
372 705 1
489 705 0
500 705 0
525 705 1
529 705 1
579 705 2
603 705 0
677 705 0
699 705 2
704 705 1
49 706 0
54 706 0
149 706 0
216 706 0
263 706 0
271 706 0
287 706 0
307 706 1
368 706 0
378 706 0
428 706 0
461 706 1
530 706 0
591 706 0
667 706 1
214 707 1
307 707 0
329 707 0
387 707 1
458 707 0
496 707 0
503 707 0
521 707 0
540 707 0
574 707 1
623 707 0
660 707 1
695 707 1
1 708 0
121 708 0
166 708 1
240 708 0
290 708 2
316 708 1
372 708 0
470 708 1
567 708 1
632 708 1
648 708 1
37 709 0
109 709 0
202 709 1
213 709 0
322 709 0
372 709 0
487 709 0
555 709 0
10 710 0
171 710 1
183 710 0
217 710 0
226 710 0
253 710 0
407 710 0
461 710 1
503 710 0
554 710 0
644 710 0
678 710 0
175 711 1
199 711 0
206 711 1
234 711 1
242 711 0
282 711 1
297 711 0
598 711 1
679 711 1
707 711 0
64 712 1
116 712 0
180 712 1
242 712 0
266 712 0
379 712 0
436 712 2
474 712 3
635 712 1
658 712 3
695 712 0
702 712 2
68 713 0
81 713 0
102 713 0
113 713 1
128 713 0
153 713 0
178 713 0
534 713 1
581 713 0
643 713 1
665 713 1
27 714 0
82 714 0
109 714 1
199 714 0
257 714 0
279 714 1
308 714 2
342 714 0
399 714 2
502 714 0
509 714 1
615 714 1
650 714 1
100 715 2
282 715 0
432 715 0
504 715 0
562 715 0
603 715 1
609 715 0
713 715 3
32 716 0
48 716 0
129 716 0
273 716 0
296 716 1
301 716 2
383 716 1
409 716 0
412 716 1
540 716 0
599 716 0
643 716 0
684 716 2
715 716 0
237 717 0
329 717 1
340 717 1
363 717 3
371 717 2
380 717 0
420 717 0
527 717 0
585 717 0
599 717 0
676 717 1
713 717 0
96 718 0
98 718 1
142 718 0
172 718 0
192 718 0
221 718 0
252 718 1
263 718 0
287 718 0
298 718 0
348 718 0
375 718 1
429 718 1
539 718 0
549 718 1
608 718 0
615 718 1
672 718 0
164 719 0
214 719 1
276 719 0
299 719 0
319 719 0
387 719 1
505 719 0
551 719 0
619 719 0
651 719 1
657 719 2
662 719 0
667 719 2
707 719 3
45 720 2
161 720 0
393 720 1
448 720 2
452 720 1
490 720 0
502 720 1
583 720 0
623 720 1
638 720 0
698 720 2
709 720 2
37 721 1
154 721 0
313 721 1
332 721 2
353 721 0
354 721 1
417 721 0
451 721 0
497 721 1
525 721 0
653 721 0
672 721 0
3 722 0
249 722 0
313 722 2
384 722 0
520 722 2
552 722 1
622 722 2
686 722 2
693 722 1
714 722 0
721 722 1
54 723 0
171 723 0
196 723 1
227 723 0
253 723 2
265 723 1
268 723 0
325 723 0
505 723 0
506 723 1
659 723 1
681 723 1
704 723 1
51 724 0
212 724 0
252 724 0
302 724 0
318 724 0
416 724 2
451 724 1
493 724 0
552 724 0
597 724 0
82 725 2
116 725 0
121 725 0
313 725 2
326 725 0
331 725 1
418 725 0
478 725 2
636 725 1
722 725 2
69 726 0
99 726 0
104 726 0
125 726 0
153 726 0
213 726 0
215 726 0
307 726 0
342 726 0
521 726 0
522 726 1
553 726 0
569 726 0
574 726 0
701 726 0
76 727 0
89 727 0
239 727 0
254 727 0
297 727 0
322 727 0
378 727 1
382 727 0
391 727 2
434 727 1
461 727 0
537 727 1
573 727 1
604 727 1
52 728 1
69 728 0
73 728 0
85 728 1
166 728 0
275 728 1
378 728 0
384 728 0
391 728 1
434 728 1
479 728 1
520 728 0
548 728 0
656 728 1
700 728 0
77 729 0
113 729 1
288 729 1
295 729 0
325 729 0
345 729 0
372 729 0
428 729 0
462 729 1
468 729 0
485 729 0
561 729 0
645 729 0
699 729 1
265 730 0
373 730 0
402 730 0
512 730 1
519 730 0
529 730 0
652 730 1
667 730 0
673 730 0
676 730 0
41 731 0
86 731 1
110 731 0
180 731 1
203 731 0
330 731 0
337 731 1
486 731 1
579 731 1
673 731 1
689 731 0
702 731 1
16 732 1
47 732 0
160 732 1
244 732 0
256 732 0
277 732 1
282 732 0
398 732 2
434 732 0
492 732 0
605 732 0
627 732 0
634 732 0
646 732 0
693 732 0
21 733 0
123 733 0
139 733 0
167 733 1
295 733 0
438 733 1
577 733 0
585 733 0
610 733 0
621 733 1
636 733 0
693 733 0
69 734 0
169 734 0
360 734 0
404 734 2
450 734 0
524 734 1
561 734 1
565 734 0
655 734 0
664 734 0
677 734 0
683 734 2
704 734 0
45 735 0
105 735 0
112 735 0
116 735 2
238 735 2
324 735 2
409 735 0
417 735 2
437 735 1
487 735 0
540 735 1
586 735 0
628 735 2
660 735 2
693 735 1
711 735 1
723 735 0
206 736 0
280 736 0
320 736 1
348 736 1
415 736 1
455 736 1
533 736 2
560 736 2
572 736 1
618 736 0
652 736 0
683 736 1
92 737 0
109 737 0
168 737 1
267 737 0
299 737 1
441 737 0
473 737 1
476 737 1
548 737 3
564 737 0
713 737 0
34 738 0
36 738 0
84 738 1
99 738 0
112 738 0
162 738 2
389 738 1
437 738 0
448 738 0
451 738 0
508 738 1
514 738 0
518 738 1
559 738 2
586 738 1
710 738 0
0 739 2
63 739 0
132 739 1
245 739 0
321 739 0
374 739 0
414 739 0
538 739 0
552 739 0
585 739 0
610 739 0
641 739 0
649 739 0
30 740 1
101 740 0
264 740 0
350 740 0
475 740 1
545 740 0
576 740 0
589 740 0
676 740 1
688 740 0
22 741 0
99 741 0
122 741 0
194 741 0
304 741 1
448 741 1
451 741 1
478 741 0
516 741 1
607 741 2
701 741 0
38 742 0
99 742 0
146 742 1
183 742 0
219 742 2
264 742 0
341 742 0
406 742 0
407 742 3
480 742 0
584 742 0
617 742 1
625 742 1
85 743 0
164 743 0
204 743 0
364 743 0
370 743 0
387 743 0
393 743 1
422 743 0
427 743 1
498 743 1
589 743 0
620 743 2
652 743 1
682 743 0
96 744 1
107 744 0
139 744 0
273 744 0
315 744 1
481 744 0
529 744 0
558 744 1
563 744 1
622 744 0
682 744 0
697 744 0
719 744 0
59 745 1
84 745 2
132 745 0
228 745 0
255 745 1
297 745 0
364 745 0
526 745 1
552 745 0
669 745 3
730 745 0
731 745 0
734 745 1
94 746 0
153 746 1
192 746 0
195 746 0
229 746 1
280 746 0
395 746 1
573 746 3
628 746 0
642 746 0
712 746 0
734 746 0
126 747 0
303 747 0
391 747 0
511 747 0
585 747 0
598 747 2
687 747 1
737 747 2
742 747 0
73 748 1
107 748 0
213 748 0
227 748 1
258 748 1
278 748 0
311 748 0
330 748 1
433 748 0
551 748 1
604 748 0
613 748 0
657 748 1
712 748 0
740 748 0
747 748 1
19 749 0
157 749 0
172 749 1
220 749 1
274 749 0
346 749 0
457 749 0
497 749 1
589 749 0
650 749 2
732 749 0
18 750 0
24 750 0
46 750 0
62 750 0
156 750 0
179 750 1
252 750 1
356 750 1
399 750 1
411 750 0
436 750 0
457 750 1
471 750 1
509 750 1
563 750 0
574 750 1
637 750 2
671 750 1
701 750 1
30 751 0
51 751 0
58 751 0
235 751 0
355 751 0
365 751 0
436 751 0
533 751 1
679 751 0
687 751 1
703 751 0
23 752 0
108 752 1
268 752 0
317 752 2
370 752 0
382 752 0
406 752 2
496 752 2
526 752 0
573 752 2
669 752 2
702 752 0
738 752 0
6 753 0
149 753 0
153 753 1
223 753 0
228 753 0
288 753 1
300 753 0
368 753 1
397 753 0
417 753 1
501 753 0
526 753 0
532 753 0
717 753 1
722 753 1
0 754 0
235 754 0
245 754 1
271 754 1
289 754 0
314 754 0
354 754 1
466 754 1
498 754 0
573 754 0
587 754 2
685 754 0
704 754 2
711 754 1
715 754 0
15 755 0
73 755 2
205 755 0
340 755 0
347 755 0
493 755 0
504 755 0
506 755 0
512 755 0
528 755 0
598 755 0
603 755 2
607 755 0
706 755 0
748 755 1
36 756 0
73 756 1
87 756 0
134 756 1
221 756 1
225 756 1
464 756 0
478 756 0
489 756 0
605 756 0
667 756 0
671 756 0
751 756 3
755 756 5
58 757 0
202 757 0
336 757 0
337 757 1
341 757 0
403 757 0
407 757 0
464 757 0
638 757 0
679 757 1
723 757 0
738 757 0
747 757 1
138 758 0
156 758 0
166 758 0
184 758 0
205 758 0
274 758 0
374 758 0
378 758 0
439 758 1
515 758 0
539 758 0
592 758 0
603 758 1
20 759 1
197 759 0
229 759 0
256 759 0
257 759 0
361 759 0
404 759 1
498 759 0
593 759 1
595 759 0
642 759 1
646 759 2
707 759 0
260 760 1
274 760 0
315 760 1
366 760 0
423 760 1
501 760 0
579 760 3
603 760 2
624 760 0
650 760 1
714 760 1
751 760 4
756 760 1
28 761 0
260 761 0
320 761 0
434 761 1
465 761 2
518 761 2
523 761 0
566 761 2
585 761 2
594 761 0
632 761 0
646 761 1
656 761 2
749 761 1
281 762 2
358 762 0
366 762 2
566 762 2
569 762 1
589 762 0
613 762 1
641 762 1
695 762 2
734 762 0
744 762 0
751 762 0
63 763 0
181 763 0
188 763 2
218 763 1
240 763 4
320 763 0
376 763 0
424 763 1
435 763 0
472 763 1
504 763 0
540 763 0
602 763 1
621 763 0
631 763 0
675 763 2
678 763 0
55 764 0
174 764 1
205 764 0
210 764 0
244 764 0
375 764 2
428 764 1
432 764 1
537 764 0
547 764 0
555 764 0
620 764 0
630 764 1
637 764 1
639 764 0
640 764 2
712 764 1
4 765 1
108 765 0
118 765 2
346 765 0
356 765 2
399 765 2
418 765 1
422 765 0
485 765 0
495 765 1
502 765 0
525 765 2
533 765 1
606 765 1
689 765 1
750 765 2
759 765 0
0 766 1
22 766 0
72 766 1
96 766 0
278 766 1
394 766 0
429 766 2
519 766 1
589 766 1
628 766 0
687 766 2
712 766 0
737 766 0
739 766 1
758 766 1
20 767 1
83 767 0
92 767 0
345 767 0
390 767 0
400 767 2
451 767 2
470 767 0
584 767 1
620 767 0
696 767 0
724 767 3
726 767 0
757 767 0
759 767 2
83 768 0
165 768 0
186 768 0
215 768 0
224 768 2
272 768 2
387 768 0
390 768 0
400 768 0
500 768 0
503 768 2
512 768 0
630 768 2
677 768 0
684 768 0
42 769 0
246 769 0
259 769 1
425 769 1
492 769 0
576 769 2
617 769 2
627 769 2
671 769 0
725 769 0
761 769 1
767 769 0
147 770 1
150 770 0
189 770 1
191 770 0
219 770 1
263 770 1
293 770 0
447 770 0
478 770 0
481 770 2
575 770 1
598 770 0
605 770 0
641 770 0
644 770 1
175 771 1
202 771 0
320 771 1
428 771 2
466 771 0
499 771 1
509 771 0
605 771 0
612 771 0
618 771 0
633 771 1
667 771 0
669 771 0
691 771 1
703 771 0
711 771 3
13 772 0
102 772 0
178 772 0
236 772 0
243 772 0
311 772 1
341 772 0
412 772 0
444 772 0
547 772 1
553 772 1
637 772 0
645 772 0
662 772 1
663 772 1
668 772 1
690 772 0
714 772 0
720 772 0
76 773 0
251 773 0
280 773 0
325 773 0
328 773 0
351 773 0
357 773 2
361 773 0
389 773 1
409 773 1
428 773 1
605 773 0
674 773 0
676 773 2
703 773 3
737 773 0
0 774 1
204 774 0
212 774 0
228 774 0
323 774 2
405 774 0
574 774 2
626 774 1
637 774 1
648 774 0
683 774 1
712 774 0
739 774 2
767 774 0
124 775 0
167 775 0
181 775 1
359 775 0
447 775 1
575 775 0
607 775 1
626 775 0
652 775 0
667 775 1
674 775 1
732 775 0
734 775 0
79 776 0
197 776 0
209 776 1
257 776 0
266 776 0
284 776 0
299 776 0
343 776 0
419 776 0
437 776 1
684 776 0
704 776 1
708 776 2
739 776 0
741 776 0
775 776 0
170 777 0
362 777 1
446 777 2
463 777 1
525 777 1
594 777 0
595 777 1
645 777 0
663 777 0
719 777 0
733 777 3
765 777 1
117 778 1
276 778 0
305 778 0
368 778 1
384 778 0
403 778 0
407 778 0
415 778 0
424 778 1
428 778 1
464 778 0
506 778 0
515 778 0
581 778 0
584 778 1
588 778 0
606 778 2
626 778 0
753 778 2
71 779 0
153 779 0
154 779 0
303 779 1
425 779 1
467 779 0
478 779 0
543 779 0
594 779 1
647 779 2
659 779 0
715 779 0
724 779 0
744 779 0
766 779 2
769 779 4
28 780 1
56 780 0
168 780 0
263 780 0
356 780 0
388 780 3
456 780 3
521 780 0
574 780 1
614 780 0
733 780 1
760 780 0
774 780 2
107 781 1
171 781 1
183 781 0
205 781 0
225 781 0
256 781 0
306 781 0
366 781 1
420 781 1
443 781 0
450 781 0
511 781 0
597 781 0
601 781 0
604 781 1
653 781 0
701 781 0
757 781 0
762 781 1
32 782 0
47 782 0
55 782 0
138 782 0
141 782 0
221 782 0
236 782 1
261 782 1
289 782 0
618 782 0
638 782 0
641 782 0
657 782 0
665 782 1
672 782 0
769 782 0
776 782 0
129 783 1
231 783 2
253 783 2
298 783 0
306 783 1
352 783 0
365 783 0
438 783 1
494 783 0
533 783 2
546 783 1
673 783 3
723 783 2
767 783 1
773 783 2
94 784 0
129 784 0
253 784 1
365 784 2
380 784 1
419 784 0
463 784 0
467 784 0
481 784 0
527 784 0
538 784 0
541 784 0
557 784 0
558 784 1
576 784 0
590 784 0
637 784 1
703 784 1
761 784 1
24 785 0
66 785 0
138 785 0
206 785 0
276 785 0
419 785 1
430 785 0
492 785 0
516 785 1
555 785 0
573 785 0
607 785 1
611 785 0
631 785 1
643 785 1
740 785 0
57 786 2
72 786 1
109 786 0
245 786 0
310 786 1
311 786 0
322 786 0
405 786 0
406 786 1
472 786 0
496 786 1
540 786 0
564 786 0
599 786 0
630 786 0
693 786 0
723 786 0
752 786 3
770 786 1
29 787 1
54 787 0
84 787 0
138 787 1
185 787 0
449 787 0
468 787 1
484 787 1
577 787 2
591 787 1
643 787 1
715 787 1
744 787 0
753 787 1
208 788 0
238 788 1
243 788 0
315 788 0
325 788 0
340 788 0
413 788 1
462 788 1
566 788 1
595 788 0
596 788 3
598 788 0
610 788 1
657 788 0
660 788 0
706 788 1
721 788 3
45 789 2
195 789 0
202 789 1
205 789 0
249 789 0
271 789 0
430 789 0
452 789 1
559 789 1
628 789 0
647 789 0
709 789 4
720 789 3
738 789 2
756 789 3
261 790 0
393 790 2
402 790 0
403 790 0
425 790 1
428 790 0
509 790 0
593 790 1
610 790 1
623 790 0
683 790 0
40 791 0
145 791 0
235 791 1
237 791 0
337 791 0
407 791 1
534 791 1
553 791 0
580 791 1
581 791 1
730 791 0
738 791 1
740 791 1
742 791 3
142 792 0
170 792 0
172 792 0
174 792 1
234 792 1
331 792 2
381 792 1
383 792 0
474 792 1
575 792 1
582 792 2
598 792 1
626 792 0
633 792 0
656 792 2
658 792 1
682 792 0
700 792 0
711 792 3
733 792 0
763 792 0
779 792 0
24 793 0
64 793 1
145 793 1
260 793 1
261 793 0
322 793 0
379 793 2
419 793 0
542 793 1
572 793 0
627 793 1
721 793 0
734 793 0
739 793 1
749 793 3
35 794 1
201 794 0
225 794 1
514 794 0
517 794 1
587 794 0
591 794 2
659 794 0
713 794 1
751 794 3
755 794 2
756 794 4
766 794 0
789 794 1
32 795 0
102 795 0
185 795 0
299 795 2
317 795 1
415 795 0
457 795 0
471 795 1
496 795 0
519 795 1
534 795 0
535 795 1
622 795 0
631 795 0
686 795 0
692 795 0
746 795 2
754 795 0
34 796 0
68 796 1
150 796 1
436 796 3
514 796 1
541 796 1
658 796 3
702 796 3
712 796 4
716 796 0
761 796 2
769 796 1
773 796 1
29 797 0
66 797 1
162 797 1
182 797 0
199 797 0
223 797 0
226 797 0
250 797 0
262 797 1
313 797 2
333 797 1
370 797 0
387 797 0
423 797 1
523 797 3
570 797 0
600 797 0
628 797 2
636 797 1
645 797 2
738 797 1
758 797 0
762 797 0
125 798 0
140 798 0
159 798 0
168 798 0
317 798 3
338 798 0
424 798 0
443 798 0
476 798 0
496 798 2
519 798 0
547 798 1
611 798 0
675 798 0
690 798 2
731 798 0
741 798 0
746 798 1
752 798 3
38 799 0
224 799 1
289 799 0
324 799 0
353 799 1
367 799 1
387 799 2
397 799 0
518 799 0
540 799 1
577 799 1
583 799 0
709 799 0
740 799 1
787 799 3
228 800 1
308 800 0
361 800 2
388 800 1
392 800 1
473 800 1
488 800 0
489 800 0
514 800 1
572 800 1
587 800 1
635 800 2
645 800 1
652 800 2
678 800 4
701 800 1
702 800 2
707 800 1
719 800 1
731 800 1
2 801 0
66 801 0
154 801 1
225 801 0
227 801 0
317 801 0
462 801 1
479 801 1
541 801 0
555 801 0
564 801 0
594 801 0
606 801 0
632 801 0
664 801 1
674 801 0
715 801 1
766 801 1
29 802 1
118 802 1
383 802 0
400 802 0
444 802 0
462 802 2
473 802 1
610 802 1
614 802 1
617 802 1
624 802 0
628 802 0
677 802 1
744 802 0
788 802 2
32 803 0
79 803 0
128 803 1
185 803 0
209 803 0
254 803 1
284 803 2
358 803 0
438 803 0
453 803 3
554 803 0
572 803 0
602 803 0
731 803 0
780 803 4
788 803 1
119 804 0
246 804 0
339 804 0
373 804 0
429 804 2
472 804 0
526 804 1
558 804 0
567 804 0
586 804 0
669 804 0
705 804 0
718 804 2
761 804 0
789 804 0
801 804 0
10 805 1
32 805 1
43 805 2
103 805 0
122 805 2
301 805 0
331 805 0
334 805 0
365 805 0
388 805 2
456 805 3
496 805 1
547 805 2
608 805 0
681 805 1
738 805 1
749 805 0
762 805 0
791 805 1
794 805 0
179 806 1
196 806 0
266 806 0
290 806 1
298 806 0
371 806 1
408 806 1
431 806 0
504 806 0
531 806 0
582 806 0
591 806 1
640 806 1
645 806 0
663 806 0
693 806 1
708 806 1
717 806 2
764 806 3
773 806 0
791 806 0
794 806 1
799 806 0
225 807 0
261 807 2
298 807 0
420 807 1
422 807 0
506 807 3
731 807 3
733 807 1
782 807 1
786 807 0
796 807 4
173 808 1
313 808 0
390 808 1
397 808 0
441 808 0
445 808 2
466 808 0
536 808 0
619 808 0
632 808 0
641 808 0
646 808 1
660 808 0
667 808 0
674 808 1
677 808 2
780 808 1
84 809 0
91 809 0
93 809 1
106 809 0
170 809 0
295 809 1
299 809 0
318 809 1
335 809 0
364 809 3
388 809 1
458 809 0
467 809 2
504 809 0
573 809 1
585 809 2
631 809 2
654 809 2
752 809 1
8 810 0
55 810 0
62 810 0
247 810 3
290 810 1
399 810 0
403 810 0
453 810 1
490 810 0
502 810 1
583 810 0
656 810 0
759 810 0
780 810 4
804 810 0
805 810 2
79 811 2
293 811 0
369 811 0
412 811 1
434 811 0
435 811 1
469 811 0
480 811 1
482 811 1
564 811 2
599 811 1
635 811 1
652 811 0
675 811 0
753 811 3
774 811 2
53 812 0
82 812 0
164 812 3
171 812 0
281 812 1
350 812 0
477 812 0
520 812 1
610 812 1
666 812 0
669 812 4
737 812 0
745 812 3
776 812 0
807 812 3
2 813 0
18 813 0
27 813 1
39 813 0
40 813 2
52 813 0
58 813 0
141 813 0
158 813 0
222 813 0
304 813 1
348 813 0
433 813 1
516 813 1
591 813 0
609 813 0
626 813 0
644 813 1
662 813 1
676 813 0
741 813 4
752 813 0
769 813 0
185 814 2
212 814 0
218 814 0
284 814 0
368 814 0
524 814 2
540 814 1
582 814 1
600 814 0
631 814 1
649 814 1
713 814 1
756 814 3
804 814 0
69 815 3
86 815 0
241 815 1
250 815 0
275 815 0
379 815 1
563 815 1
566 815 1
569 815 1
695 815 5
707 815 1
733 815 1
736 815 1
762 815 6
777 815 1
779 815 1
2 816 1
33 816 0
272 816 1
338 816 0
415 816 0
426 816 1
466 816 0
495 816 1
509 816 0
525 816 0
606 816 0
636 816 2
691 816 4
704 816 1
725 816 2
772 816 0
807 816 0
28 817 0
41 817 0
157 817 0
232 817 0
268 817 2
324 817 1
342 817 0
452 817 3
466 817 0
513 817 0
524 817 0
537 817 0
596 817 2
688 817 2
693 817 2
706 817 1
721 817 3
788 817 4
111 818 1
115 818 0
120 818 0
133 818 1
172 818 0
264 818 0
302 818 0
341 818 0
391 818 0
403 818 1
491 818 0
502 818 0
588 818 1
637 818 0
655 818 0
689 818 1
709 818 1
721 818 0
725 818 0
726 818 0
759 818 0
766 818 0
812 818 0
61 819 0
141 819 2
201 819 0
310 819 1
322 819 0
325 819 0
342 819 0
352 819 1
477 819 2
489 819 1
516 819 0
619 819 0
657 819 1
661 819 0
748 819 1
749 819 2
777 819 1
94 820 0
157 820 2
243 820 0
260 820 2
338 820 0
349 820 2
379 820 2
449 820 3
468 820 1
615 820 0
625 820 1
634 820 0
647 820 0
760 820 2
793 820 2
815 820 1
1 821 1
137 821 0
143 821 0
221 821 1
361 821 0
376 821 0
557 821 1
558 821 1
563 821 1
746 821 0
768 821 4
779 821 0
790 821 0
122 822 0
142 822 1
147 822 0
165 822 0
210 822 1
281 822 0
294 822 0
305 822 1
447 822 3
449 822 0
486 822 0
502 822 1
538 822 0
611 822 0
672 822 0
690 822 0
775 822 4
777 822 1
810 822 1
82 823 0
92 823 1
95 823 0
105 823 0
198 823 0
225 823 0
448 823 0
525 823 1
594 823 0
597 823 0
649 823 0
687 823 1
700 823 0
770 823 0
789 823 0
790 823 2
14 824 1
143 824 4
147 824 0
238 824 1
253 824 1
311 824 0
413 824 1
425 824 2
463 824 0
513 824 0
534 824 1
551 824 1
583 824 1
596 824 2
628 824 2
633 824 2
650 824 0
694 824 0
696 824 1
721 824 2
747 824 1
788 824 5
36 825 1
60 825 0
70 825 0
308 825 2
353 825 1
458 825 0
485 825 0
507 825 0
531 825 1
535 825 0
545 825 0
568 825 0
619 825 0
687 825 0
689 825 1
708 825 0
710 825 0
714 825 2
743 825 1
757 825 0
797 825 0
799 825 2
0 826 0
10 826 1
89 826 1
199 826 1
247 826 2
284 826 3
519 826 0
564 826 0
595 826 0
662 826 2
668 826 1
676 826 1
775 826 1
803 826 4
810 826 3
819 826 1
115 827 0
174 827 0
198 827 0
200 827 2
375 827 0
435 827 2
445 827 0
460 827 0
465 827 0
474 827 0
479 827 1
531 827 1
555 827 1
610 827 1
621 827 0
622 827 0
641 827 0
674 827 1
711 827 0
713 827 1
729 827 0
741 827 0
812 827 1
66 828 1
203 828 0
245 828 1
341 828 1
429 828 0
463 828 1
499 828 0
604 828 1
605 828 1
658 828 1
665 828 0
699 828 1
709 828 0
726 828 0
733 828 2
777 828 6
781 828 1
794 828 2
126 829 1
155 829 0
201 829 1
235 829 1
293 829 3
294 829 2
429 829 1
445 829 0
494 829 2
509 829 0
540 829 0
563 829 1
564 829 0
570 829 0
578 829 1
581 829 1
590 829 0
630 829 2
655 829 0
674 829 0
712 829 0
768 829 1
791 829 2
802 829 0
812 829 0
51 830 1
123 830 0
248 830 0
299 830 2
371 830 0
386 830 0
395 830 0
406 830 1
418 830 0
427 830 0
476 830 1
503 830 0
542 830 1
548 830 3
647 830 0
648 830 0
682 830 1
737 830 5
749 830 2
756 830 0
793 830 2
795 830 2
15 831 0
62 831 0
83 831 1
186 831 0
213 831 0
300 831 0
339 831 1
349 831 1
356 831 0
393 831 1
421 831 1
504 831 1
588 831 1
655 831 1
671 831 2
723 831 0
729 831 0
736 831 0
751 831 1
790 831 1
794 831 2
14 832 1
202 832 0
216 832 1
285 832 2
341 832 0
376 832 0
421 832 3
448 832 0
511 832 0
574 832 0
643 832 0
667 832 1
719 832 1
755 832 0
783 832 1
784 832 0
0 833 0
13 833 0
97 833 0
142 833 2
176 833 0
181 833 1
419 833 0
423 833 0
465 833 0
513 833 0
564 833 0
583 833 2
602 833 0
645 833 0
697 833 1
775 833 3
778 833 0
780 833 1
813 833 1
821 833 0
822 833 2
828 833 0
156 834 0
185 834 1
315 834 2
422 834 0
469 834 1
509 834 0
524 834 1
528 834 1
539 834 1
581 834 1
616 834 1
630 834 2
634 834 2
666 834 1
705 834 2
729 834 0
744 834 2
814 834 2
100 835 1
152 835 2
197 835 0
267 835 2
274 835 0
309 835 0
354 835 0
373 835 0
465 835 0
496 835 1
507 835 0
526 835 0
586 835 0
647 835 0
661 835 0
702 835 0
757 835 1
793 835 2
814 835 0
18 836 0
38 836 1
75 836 1
161 836 2
218 836 1
358 836 1
362 836 0
441 836 0
499 836 2
501 836 0
567 836 0
572 836 2
654 836 0
663 836 0
664 836 0
678 836 2
703 836 1
798 836 0
823 836 1
5 837 0
107 837 2
193 837 0
250 837 0
252 837 0
328 837 1
352 837 0
362 837 0
394 837 0
419 837 0
447 837 0
492 837 1
493 837 0
556 837 1
586 837 0
597 837 2
639 837 1
746 837 2
790 837 0
0 838 0
98 838 1
131 838 0
145 838 0
189 838 1
233 838 0
245 838 2
304 838 0
317 838 1
347 838 0
449 838 1
465 838 0
532 838 0
536 838 2
561 838 1
614 838 1
690 838 3
713 838 0
718 838 1
798 838 2
820 838 3
22 839 1
248 839 0
254 839 0
316 839 0
318 839 0
321 839 1
322 839 0
327 839 0
368 839 1
373 839 0
417 839 1
511 839 0
514 839 0
529 839 1
549 839 0
587 839 0
674 839 0
735 839 1
751 839 1
755 839 2
756 839 3
767 839 0
820 839 0
61 840 0
112 840 0
144 840 0
162 840 0
220 840 0
248 840 0
275 840 0
329 840 2
343 840 0
346 840 1
460 840 1
523 840 0
534 840 1
545 840 0
573 840 0
578 840 1
621 840 0
670 840 0
676 840 0
698 840 0
700 840 1
747 840 2
757 840 1
798 840 0
832 840 1
30 841 0
31 841 0
55 841 1
190 841 0
197 841 0
201 841 1
217 841 1
246 841 0
444 841 1
476 841 2
506 841 4
538 841 0
552 841 1
561 841 1
663 841 0
683 841 0
722 841 3
733 841 1
765 841 0
796 841 3
805 841 0
807 841 5
186 842 1
299 842 1
346 842 1
386 842 1
470 842 1
485 842 0
505 842 0
538 842 1
580 842 1
621 842 2
624 842 0
625 842 3
705 842 0
720 842 0
745 842 0
771 842 0
774 842 0
782 842 1
4 843 1
101 843 1
108 843 2
132 843 0
340 843 0
355 843 0
386 843 0
527 843 0
541 843 0
543 843 2
613 843 1
616 843 0
632 843 1
651 843 0
680 843 0
752 843 1
776 843 1
780 843 1
810 843 1
816 843 0
817 843 1
83 844 1
173 844 1
264 844 0
273 844 0
283 844 1
308 844 0
337 844 1
392 844 1
408 844 0
426 844 0
440 844 2
501 844 0
532 844 0
602 844 0
680 844 1
691 844 0
697 844 1
718 844 0
747 844 1
748 844 1
759 844 1
790 844 1
823 844 1
830 844 0
6 845 0
98 845 0
119 845 0
162 845 0
281 845 0
343 845 0
396 845 3
459 845 2
474 845 1
538 845 0
562 845 0
579 845 1
609 845 1
652 845 1
663 845 2
682 845 0
741 845 0
751 845 3
758 845 1
760 845 3
782 845 0
794 845 1
808 845 0
833 845 0
274 846 0
390 846 2
411 846 0
491 846 1
506 846 1
525 846 2
624 846 1
670 846 1
697 846 1
699 846 3
705 846 4
723 846 1
726 846 0
748 846 0
761 846 0
795 846 1
808 846 1
823 846 2
832 846 0
834 846 4
177 847 0
184 847 2
193 847 0
300 847 4
347 847 0
353 847 0
360 847 0
404 847 0
459 847 1
530 847 0
532 847 1
571 847 1
614 847 0
641 847 2
679 847 1
725 847 0
740 847 0
795 847 0
815 847 2
845 847 1
50 848 0
60 848 0
168 848 0
174 848 1
246 848 1
369 848 1
386 848 2
437 848 4
458 848 1
481 848 2
483 848 2
515 848 1
545 848 0
561 848 1
686 848 1
711 848 2
713 848 0
721 848 0
731 848 0
734 848 1
735 848 3
751 848 0
776 848 2
792 848 2
121 849 1
143 849 1
165 849 1
190 849 0
191 849 0
229 849 1
289 849 0
391 849 0
398 849 0
438 849 0
499 849 2
514 849 0
530 849 0
573 849 2
600 849 1
608 849 0
690 849 4
715 849 2
817 849 1
820 849 4
838 849 3
843 849 1
20 850 0
41 850 1
104 850 1
115 850 1
151 850 1
160 850 0
301 850 2
315 850 0
374 850 0
385 850 0
503 850 2
530 850 0
541 850 0
551 850 0
606 850 1
680 850 1
686 850 2
708 850 0
727 850 2
754 850 0
807 850 0
811 850 0
848 850 1
72 851 0
191 851 1
225 851 0
227 851 0
230 851 0
271 851 0
331 851 0
384 851 0
418 851 0
449 851 2
529 851 2
539 851 0
587 851 1
600 851 0
649 851 2
670 851 1
707 851 1
742 851 0
774 851 1
775 851 0
802 851 1
820 851 1
88 852 0
144 852 0
190 852 0
353 852 0
355 852 0
367 852 1
408 852 0
450 852 0
459 852 0
463 852 1
505 852 0
507 852 0
549 852 0
553 852 1
570 852 1
606 852 0
633 852 0
638 852 0
642 852 0
652 852 0
666 852 1
709 852 1
810 852 1
26 853 1
55 853 2
120 853 1
121 853 1
278 853 0
299 853 1
357 853 0
374 853 0
439 853 1
489 853 0
491 853 0
526 853 0
562 853 1
600 853 1
629 853 0
654 853 1
661 853 0
672 853 0
689 853 0
726 853 0
749 853 1
831 853 0
841 853 1
27 854 1
114 854 0
214 854 0
356 854 0
424 854 0
480 854 1
490 854 0
583 854 1
599 854 0
625 854 1
627 854 1
647 854 0
662 854 1
710 854 0
728 854 0
741 854 1
775 854 1
783 854 1
813 854 4
833 854 3
837 854 1
842 854 2
28 855 0
198 855 1
203 855 1
249 855 0
270 855 1
332 855 0
363 855 0
431 855 0
474 855 2
490 855 0
537 855 2
544 855 0
617 855 1
630 855 0
653 855 1
680 855 2
763 855 1
766 855 3
769 855 4
779 855 2
798 855 1
804 855 3
844 855 1
124 856 0
150 856 0
153 856 0
196 856 1
199 856 0
206 856 0
215 856 0
237 856 1
285 856 0
355 856 0
416 856 0
552 856 0
644 856 0
651 856 1
668 856 0
671 856 0
719 856 2
734 856 2
740 856 0
747 856 1
790 856 2
74 857 1
111 857 0
127 857 0
158 857 1
208 857 0
312 857 0
370 857 2
465 857 2
469 857 0
542 857 0
615 857 0
629 857 2
633 857 0
716 857 2
729 857 1
764 857 2
785 857 1
837 857 2
846 857 0
39 858 0
179 858 1
204 858 1
246 858 0
263 858 0
318 858 0
362 858 1
395 858 0
400 858 0
455 858 0
472 858 2
556 858 0
607 858 0
636 858 1
642 858 0
646 858 0
655 858 0
717 858 1
737 858 1
747 858 2
764 858 3
796 858 1
806 858 3
819 858 1
824 858 2
854 858 0
11 859 1
92 859 0
127 859 0
199 859 1
202 859 0
269 859 0
326 859 0
369 859 0
456 859 1
457 859 1
484 859 1
562 859 0
572 859 0
597 859 1
606 859 0
607 859 3
632 859 1
650 859 0
728 859 0
741 859 2
750 859 1
775 859 3
785 859 2
813 859 1
822 859 2
826 859 3
127 860 1
132 860 2
185 860 1
331 860 0
397 860 1
411 860 0
420 860 0
460 860 1
566 860 2
593 860 3
613 860 2
661 860 2
739 860 2
740 860 1
762 860 3
788 860 2
790 860 2
794 860 1
814 860 3
823 860 1
70 861 1
138 861 1
297 861 1
307 861 0
392 861 1
433 861 1
435 861 1
460 861 0
511 861 0
538 861 2
616 861 0
632 861 2
648 861 1
678 861 1
724 861 1
752 861 1
760 861 0
787 861 4
814 861 2
852 861 0
48 862 0
139 862 1
277 862 1
284 862 2
304 862 0
319 862 0
347 862 0
376 862 0
380 862 1
410 862 0
415 862 0
426 862 1
427 862 2
510 862 0
533 862 1
577 862 1
614 862 1
640 862 1
643 862 5
730 862 0
751 862 1
785 862 1
787 862 2
802 862 1
826 862 1
860 862 2
108 863 1
200 863 0
222 863 2
243 863 0
245 863 0
339 863 0
360 863 2
421 863 3
500 863 0
521 863 0
546 863 1
574 863 1
575 863 1
614 863 1
640 863 0
662 863 1
678 863 0
714 863 0
730 863 1
790 863 2
815 863 0
848 863 1
82 864 1
98 864 0
127 864 0
186 864 0
206 864 1
280 864 1
292 864 0
303 864 1
335 864 0
433 864 1
475 864 0
499 864 0
519 864 0
566 864 2
594 864 1
604 864 0
645 864 4
646 864 1
654 864 3
666 864 0
725 864 1
742 864 1
763 864 0
797 864 1
819 864 1
837 864 0
11 865 1
119 865 0
159 865 1
168 865 1
274 865 0
292 865 0
298 865 0
301 865 1
333 865 1
472 865 3
485 865 0
525 865 0
544 865 1
611 865 0
612 865 2
619 865 3
640 865 2
663 865 1
675 865 0
676 865 0
689 865 1
716 865 1
754 865 0
764 865 3
858 865 3
23 866 1
119 866 0
271 866 1
393 866 0
407 866 1
426 866 1
458 866 0
517 866 1
528 866 0
596 866 0
598 866 0
601 866 0
633 866 2
638 866 2
649 866 0
651 866 1
663 866 1
667 866 3
724 866 0
742 866 1
745 866 0
754 866 1
772 866 3
775 866 2
801 866 0
63 867 1
78 867 0
104 867 0
125 867 0
157 867 0
173 867 0
191 867 0
204 867 1
232 867 0
363 867 2
372 867 0
403 867 1
574 867 3
608 867 1
717 867 3
724 867 0
734 867 2
747 867 2
750 867 1
777 867 2
822 867 1
856 867 3
863 867 1
43 868 0
82 868 1
90 868 0
176 868 0
220 868 0
280 868 2
285 868 1
349 868 1
468 868 1
480 868 3
499 868 2
512 868 1
595 868 2
641 868 4
660 868 0
663 868 0
709 868 0
743 868 0
771 868 1
786 868 1
847 868 2
859 868 0
52 869 0
115 869 2
133 869 0
183 869 0
194 869 0
301 869 1
353 869 0
423 869 1
440 869 0
460 869 2
477 869 1
484 869 0
503 869 1
507 869 1
539 869 2
644 869 0
674 869 1
683 869 1
685 869 1
694 869 1
723 869 0
776 869 1
840 869 1
845 869 0
850 869 5
35 870 0
100 870 0
145 870 0
171 870 0
176 870 1
190 870 0
298 870 0
404 870 2
422 870 1
444 870 0
483 870 0
572 870 1
578 870 1
584 870 4
619 870 0
629 870 1
656 870 1
687 870 0
714 870 0
724 870 2
725 870 0
734 870 1
759 870 3
767 870 3
778 870 1
792 870 1
799 870 0
844 870 1
861 870 2
862 870 0
11 871 1
48 871 1
188 871 3
272 871 4
281 871 0
302 871 2
328 871 1
334 871 1
348 871 1
549 871 1
557 871 1
583 871 0
646 871 0
694 871 2
697 871 0
709 871 1
763 871 1
769 871 3
779 871 2
804 871 3
816 871 1
842 871 1
859 871 1
22 872 0
53 872 1
169 872 1
291 872 2
292 872 4
427 872 2
437 872 0
454 872 1
513 872 0
521 872 2
535 872 0
545 872 0
560 872 2
564 872 4
569 872 0
601 872 1
716 872 1
730 872 2
748 872 0
753 872 3
803 872 1
806 872 0
811 872 3
856 872 1
44 873 0
45 873 2
96 873 0
100 873 2
117 873 0
134 873 2
267 873 1
279 873 1
381 873 0
439 873 0
457 873 0
565 873 1
613 873 1
643 873 1
705 873 0
715 873 1
720 873 2
793 873 2
812 873 1
835 873 5
860 873 2
862 873 2
44 874 0
51 874 1
71 874 0
76 874 0
88 874 0
109 874 1
113 874 0
138 874 0
210 874 0
222 874 0
229 874 1
410 874 0
558 874 0
564 874 1
568 874 0
571 874 0
574 874 1
669 874 3
686 874 3
722 874 3
745 874 3
756 874 0
781 874 0
812 874 4
834 874 0
841 874 3
865 874 0
867 874 1
872 874 1
1 875 0
13 875 0
74 875 3
79 875 1
121 875 1
131 875 1
135 875 0
288 875 2
316 875 1
339 875 0
373 875 0
377 875 0
385 875 1
424 875 1
430 875 2
495 875 0
567 875 3
597 875 0
717 875 1
723 875 1
737 875 0
753 875 5
775 875 0
811 875 4
819 875 1
47 876 0
60 876 0
85 876 1
116 876 0
192 876 0
251 876 1
290 876 1
291 876 2
300 876 3
333 876 1
455 876 1
457 876 1
464 876 0
467 876 0
469 876 1
471 876 1
523 876 2
571 876 3
609 876 1
641 876 1
692 876 1
758 876 1
775 876 0
847 876 5
118 877 1
136 877 0
403 877 0
473 877 3
489 877 0
493 877 0
543 877 2
574 877 2
634 877 0
641 877 0
661 877 2
670 877 3
673 877 2
707 877 1
708 877 0
743 877 1
745 877 1
783 877 3
797 877 0
801 877 0
802 877 2
826 877 1
846 877 1
854 877 2
7 878 1
15 878 0
24 878 1
97 878 0
113 878 0
178 878 1
194 878 0
213 878 0
366 878 0
389 878 1
415 878 1
418 878 1
419 878 0
502 878 1
521 878 0
529 878 0
533 878 1
538 878 0
547 878 1
606 878 1
662 878 3
668 878 2
689 878 2
728 878 1
736 878 2
790 878 0
826 878 2
111 879 0
114 879 0
164 879 0
234 879 2
246 879 0
269 879 0
277 879 0
293 879 1
364 879 0
407 879 1
423 879 1
424 879 0
428 879 1
444 879 1
467 879 1
507 879 3
511 879 0
559 879 2
586 879 2
606 879 1
651 879 0
653 879 1
660 879 1
742 879 1
807 879 1
14 880 0
88 880 1
160 880 0
241 880 0
246 880 0
279 880 0
372 880 0
445 880 2
473 880 2
599 880 0
638 880 0
670 880 2
677 880 2
712 880 0
730 880 0
758 880 0
808 880 3
861 880 1
864 880 0
877 880 3
38 881 0
112 881 0
164 881 1
167 881 2
280 881 2
314 881 1
322 881 0
486 881 0
499 881 1
531 881 0
536 881 3
560 881 3
600 881 1
728 881 1
782 881 0
791 881 1
803 881 0
811 881 2
820 881 2
823 881 0
838 881 3
868 881 5
878 881 1
64 882 0
124 882 0
191 882 1
260 882 1
354 882 0
366 882 2
449 882 2
544 882 0
569 882 1
594 882 0
610 882 2
650 882 0
657 882 0
665 882 3
692 882 4
706 882 0
729 882 0
752 882 0
821 882 1
841 882 0
851 882 4
879 882 1
33 883 1
50 883 2
94 883 0
191 883 0
235 883 1
253 883 0
281 883 2
332 883 0
348 883 2
468 883 1
571 883 2
601 883 0
604 883 0
626 883 0
657 883 2
682 883 0
685 883 2
812 883 1
850 883 0
133 884 1
166 884 2
257 884 2
315 884 1
381 884 0
383 884 1
396 884 2
412 884 0
452 884 0
513 884 0
517 884 2
561 884 0
572 884 0
598 884 0
609 884 1
669 884 0
695 884 0
751 884 3
760 884 4
774 884 1
795 884 0
806 884 0
845 884 5
849 884 0
864 884 0
269 885 1
345 885 0
354 885 0
385 885 0
409 885 1
442 885 0
479 885 2
480 885 1
498 885 0
535 885 1
558 885 2
581 885 2
591 885 0
595 885 0
614 885 0
634 885 2
649 885 0
653 885 2
699 885 2
744 885 2
746 885 1
773 885 1
801 885 2
817 885 0
834 885 4
837 885 2
846 885 2
19 886 0
35 886 1
90 886 0
185 886 0
207 886 0
238 886 0
282 886 0
312 886 0
367 886 0
391 886 0
502 886 1
519 886 0
602 886 0
620 886 2
650 886 0
669 886 2
690 886 0
695 886 0
724 886 1
740 886 2
743 886 4
752 886 1
823 886 0
825 886 2
873 886 0
878 886 1
32 887 0
173 887 0
179 887 2
180 887 1
194 887 0
221 887 1
224 887 1
236 887 0
300 887 0
313 887 1
390 887 1
408 887 0
485 887 1
489 887 2
522 887 1
565 887 1
570 887 0
589 887 1
619 887 0
658 887 1
702 887 1
710 887 0
750 887 1
818 887 0
860 887 0
880 887 1
29 888 1
36 888 1
166 888 3
205 888 0
225 888 0
323 888 0
330 888 1
331 888 1
337 888 1
359 888 3
401 888 2
423 888 2
517 888 4
580 888 0
592 888 1
603 888 1
646 888 0
650 888 0
709 888 1
748 888 1
751 888 1
767 888 0
802 888 2
815 888 1
821 888 0
825 888 1
843 888 0
884 888 4
4 889 0
111 889 0
146 889 0
209 889 2
222 889 0
237 889 1
263 889 0
314 889 1
330 889 0
447 889 1
514 889 0
526 889 1
554 889 1
580 889 1
623 889 0
650 889 0
692 889 0
732 889 0
733 889 0
776 889 2
779 889 0
788 889 1
832 889 0
868 889 1
877 889 0
25 890 2
96 890 1
113 890 1
178 890 0
260 890 0
462 890 1
470 890 1
490 890 1
514 890 0
520 890 1
561 890 0
563 890 2
587 890 1
602 890 0
636 890 0
641 890 1
658 890 3
661 890 1
666 890 1
699 890 3
711 890 0
722 890 1
744 890 2
745 890 0
795 890 1
801 890 1
823 890 1
846 890 4
862 890 0
880 890 1
41 891 1
53 891 1
103 891 0
115 891 2
154 891 0
233 891 0
278 891 0
296 891 1
326 891 0
391 891 3
423 891 1
499 891 1
630 891 1
710 891 0
716 891 1
727 891 1
728 891 1
773 891 1
775 891 1
788 891 3
803 891 1
807 891 0
836 891 1
860 891 1
866 891 1
869 891 2
889 891 1
82 892 2
88 892 0
105 892 0
168 892 1
219 892 0
258 892 0
338 892 0
379 892 0
531 892 1
540 892 2
574 892 2
655 892 2
691 892 2
692 892 1
719 892 1
740 892 3
774 892 1
791 892 2
792 892 0
799 892 3
814 892 1
825 892 3
828 892 1
865 892 1
868 892 1
871 892 0
882 892 1
886 892 2
13 893 0
77 893 2
80 893 0
87 893 0
192 893 0
221 893 0
240 893 1
243 893 2
245 893 2
251 893 1
269 893 0
356 893 0
359 893 0
442 893 0
466 893 2
537 893 2
546 893 0
611 893 1
664 893 1
701 893 2
706 893 1
709 893 2
731 893 0
754 893 2
769 893 0
784 893 1
838 893 1
852 893 2
856 893 0
208 894 1
238 894 1
241 894 0
249 894 0
302 894 1
311 894 1
348 894 1
364 894 0
384 894 0
429 894 2
525 894 0
537 894 2
550 894 0
578 894 1
637 894 2
647 894 1
664 894 2
691 894 0
703 894 2
727 894 3
735 894 1
750 894 1
766 894 3
779 894 3
784 894 2
801 894 2
829 894 3
847 894 0
850 894 2
871 894 3
2 895 0
42 895 0
155 895 0
187 895 1
230 895 2
235 895 2
273 895 0
286 895 0
291 895 1
316 895 1
353 895 0
364 895 0
408 895 0
508 895 1
683 895 0
725 895 2
755 895 1
794 895 3
817 895 0
828 895 1
838 895 1
876 895 3
73 896 0
167 896 0
188 896 1
223 896 0
270 896 1
330 896 1
425 896 1
431 896 1
435 896 1
463 896 0
488 896 1
518 896 1
544 896 0
581 896 2
604 896 0
608 896 2
617 896 2
647 896 3
665 896 1
688 896 1
790 896 2
804 896 4
827 896 1
853 896 2
871 896 3
880 896 0
67 897 2
97 897 0
99 897 0
111 897 1
135 897 1
137 897 1
306 897 1
389 897 0
393 897 1
417 897 2
428 897 0
510 897 2
521 897 1
528 897 0
546 897 0
643 897 1
645 897 1
680 897 4
720 897 1
753 897 1
757 897 1
788 897 0
823 897 1
852 897 0
876 897 0
896 897 2
26 898 0
152 898 2
177 898 1
295 898 0
316 898 1
357 898 1
422 898 1
424 898 0
426 898 2
493 898 0
516 898 0
534 898 2
556 898 3
583 898 1
643 898 3
660 898 0
713 898 4
715 898 2
760 898 1
777 898 0
831 898 0
835 898 3
836 898 2
860 898 1
862 898 3
881 898 1
147 899 1
148 899 1
189 899 1
195 899 0
210 899 0
219 899 3
361 899 0
362 899 0
394 899 0
398 899 2
481 899 1
506 899 0
544 899 1
575 899 3
607 899 0
642 899 1
710 899 1
732 899 3
742 899 2
770 899 7
786 899 2
792 899 1
816 899 0
869 899 1
884 899 0
42 900 0
58 900 0
106 900 0
120 900 0
254 900 1
257 900 1
322 900 0
387 900 1
410 900 0
419 900 1
438 900 0
451 900 1
482 900 0
492 900 0
506 900 0
549 900 0
623 900 1
629 900 1
651 900 1
674 900 2
716 900 3
741 900 2
775 900 2
822 900 1
828 900 0
857 900 3
868 900 2
884 900 1
885 900 0
57 901 1
72 901 1
108 901 1
119 901 0
289 901 1
296 901 0
320 901 0
342 901 0
466 901 1
497 901 0
521 901 0
547 901 1
548 901 3
571 901 0
573 901 1
668 901 0
681 901 2
720 901 0
737 901 2
746 901 3
786 901 2
795 901 3
805 901 2
830 901 3
832 901 0
887 901 0
892 901 2
893 901 1
8 902 1
94 902 0
137 902 0
187 902 0
210 902 1
219 902 1
288 902 2
329 902 0
352 902 1
430 902 2
455 902 1
485 902 0
489 902 0
540 902 0
622 902 0
653 902 1
656 902 1
686 902 1
719 902 1
743 902 1
748 902 0
749 902 1
822 902 1
843 902 0
856 902 1
886 902 1
889 902 0
63 903 0
149 903 1
253 903 1
302 903 2
326 903 0
414 903 1
452 903 0
512 903 0
523 903 1
562 903 1
581 903 2
608 903 2
647 903 2
658 903 2
662 903 0
683 903 0
733 903 0
747 903 0
796 903 1
798 903 1
804 903 4
808 903 1
832 903 1
843 903 0
855 903 4
871 903 3
876 903 1
877 903 0
896 903 5
131 904 0
135 904 1
234 904 1
286 904 2
334 904 0
377 904 3
433 904 0
493 904 0
494 904 1
534 904 2
563 904 2
637 904 1
645 904 1
656 904 0
699 904 0
791 904 4
812 904 0
815 904 3
830 904 0
847 904 3
851 904 2
868 904 3
879 904 2
881 904 2
882 904 2
897 904 5
900 904 2
62 905 0
134 905 3
140 905 0
167 905 0
196 905 1
240 905 0
255 905 4
280 905 0
324 905 0
373 905 0
399 905 1
460 905 0
483 905 0
484 905 0
489 905 1
522 905 3
539 905 0
565 905 3
596 905 0
646 905 0
652 905 0
663 905 1
681 905 2
714 905 1
745 905 1
767 905 1
783 905 1
829 905 1
873 905 2
887 905 3
891 905 1
894 905 1
21 906 3
54 906 1
207 906 2
208 906 1
209 906 1
262 906 0
313 906 0
375 906 1
378 906 1
408 906 1
409 906 1
434 906 0
456 906 0
483 906 1
545 906 3
551 906 2
588 906 0
593 906 3
620 906 2
639 906 1
650 906 1
679 906 3
692 906 0
707 906 0
718 906 1
743 906 2
748 906 1
749 906 2
763 906 0
793 906 1
837 906 1
5 907 1
81 907 1
204 907 1
255 907 2
257 907 0
314 907 0
357 907 1
472 907 2
544 907 1
553 907 1
565 907 2
594 907 1
620 907 2
672 907 1
685 907 1
702 907 2
712 907 2
724 907 1
773 907 4
780 907 1
796 907 6
798 907 0
834 907 2
846 907 2
858 907 3
886 907 4
891 907 2
905 907 3
1 908 3
17 908 0
53 908 0
75 908 1
79 908 0
89 908 1
108 908 0
122 908 1
228 908 1
334 908 0
430 908 0
462 908 2
503 908 2
516 908 0
529 908 0
590 908 0
635 908 2
636 908 1
691 908 1
732 908 0
742 908 2
757 908 0
768 908 5
791 908 1
816 908 3
821 908 5
836 908 3
864 908 2
882 908 1
268 909 3
272 909 0
274 909 0
277 909 1
297 909 1
311 909 0
377 909 1
388 909 0
429 909 1
520 909 0
556 909 1
557 909 0
582 909 1
588 909 0
643 909 1
690 909 0
717 909 2
766 909 3
814 909 3
839 909 0
842 909 1
854 909 1
857 909 0
861 909 6
862 909 2
904 909 1
44 910 1
48 910 1
84 910 1
90 910 2
174 910 0
248 910 1
282 910 0
306 910 2
379 910 0
506 910 0
513 910 1
549 910 0
598 910 3
654 910 1
673 910 3
674 910 0
675 910 0
683 910 2
692 910 1
710 910 0
734 910 2
744 910 0
745 910 3
747 910 2
765 910 1
783 910 3
812 910 2
882 910 3
40 911 0
44 911 0
68 911 1
78 911 1
89 911 1
98 911 1
112 911 1
154 911 1
264 911 1
270 911 2
281 911 2
317 911 0
382 911 3
388 911 0
411 911 0
524 911 1
529 911 1
607 911 1
661 911 0
692 911 4
695 911 5
697 911 2
741 911 1
814 911 2
815 911 4
833 911 2
842 911 0
855 911 1
880 911 0
883 911 2
130 912 0
137 912 0
152 912 0
188 912 0
193 912 2
235 912 2
302 912 0
303 912 1
305 912 0
418 912 2
443 912 0
459 912 0
496 912 0
554 912 0
571 912 2
621 912 1
665 912 1
679 912 1
696 912 1
702 912 1
721 912 1
744 912 1
758 912 1
765 912 1
877 912 1
883 912 5
895 912 5
35 913 1
68 913 1
69 913 2
112 913 2
135 913 0
161 913 0
258 913 0
328 913 0
344 913 0
428 913 2
491 913 0
526 913 0
585 913 0
590 913 2
604 913 0
622 913 1
680 913 0
684 913 3
692 913 2
715 913 0
736 913 1
749 913 0
762 913 3
771 913 2
794 913 1
815 913 6
825 913 0
841 913 0
884 913 0
890 913 1
911 913 5
91 914 0
123 914 3
144 914 1
146 914 1
242 914 0
270 914 0
282 914 0
372 914 0
385 914 1
416 914 1
421 914 3
459 914 0
474 914 0
476 914 0
494 914 2
517 914 1
623 914 1
625 914 1
698 914 2
720 914 3
771 914 0
799 914 1
807 914 1
832 914 2
866 914 1
874 914 0
89 915 2
107 915 0
162 915 0
250 915 3
262 915 0
295 915 1
298 915 0
319 915 0
327 915 1
335 915 0
376 915 1
459 915 0
546 915 0
566 915 4
585 915 2
623 915 0
636 915 0
645 915 2
682 915 1
688 915 0
761 915 3
794 915 1
813 915 0
831 915 1
902 915 2
903 915 0
909 915 0
911 915 2
41 916 0
96 916 0
105 916 0
113 916 0
138 916 0
247 916 2
250 916 1
292 916 0
315 916 1
325 916 0
345 916 0
377 916 1
383 916 0
386 916 0
388 916 1
550 916 0
596 916 0
674 916 5
722 916 0
726 916 0
776 916 0
780 916 3
781 916 0
790 916 0
808 916 2
810 916 2
827 916 1
834 916 3
854 916 2
877 916 1
887 916 1
900 916 1
50 917 3
95 917 2
203 917 1
307 917 0
318 917 0
348 917 2
402 917 1
418 917 0
426 917 3
459 917 0
508 917 2
511 917 1
559 917 2
620 917 0
622 917 2
652 917 0
687 917 1
698 917 0
710 917 0
719 917 1
751 917 2
754 917 0
760 917 3
779 917 0
816 917 1
820 917 1
835 917 4
873 917 1
883 917 3
892 917 1
898 917 5
15 918 0
49 918 0
129 918 2
132 918 0
180 918 0
231 918 2
238 918 0
270 918 0
279 918 2
324 918 0
340 918 2
420 918 1
450 918 0
530 918 1
549 918 0
562 918 0
570 918 3
659 918 2
676 918 4
694 918 0
703 918 3
736 918 0
757 918 0
773 918 4
783 918 5
811 918 3
867 918 1
873 918 2
899 918 3
4 919 2
105 919 1
200 919 0
226 919 0
232 919 2
236 919 1
252 919 1
264 919 0
342 919 0
415 919 0
416 919 1
425 919 0
436 919 0
478 919 0
491 919 1
509 919 2
518 919 1
519 919 0
525 919 2
530 919 0
538 919 1
541 919 0
569 919 0
578 919 1
648 919 1
675 919 2
683 919 0
745 919 0
763 919 1
765 919 2
782 919 1
783 919 0
857 919 0
870 919 1
3 920 0
23 920 0
146 920 1
158 920 0
219 920 2
273 920 0
284 920 0
286 920 2
299 920 1
312 920 1
336 920 1
366 920 0
424 920 2
436 920 1
478 920 0
523 920 0
533 920 2
586 920 1
625 920 2
681 920 1
738 920 1
742 920 4
765 920 1
778 920 1
815 920 1
821 920 2
832 920 0
842 920 3
899 920 2
904 920 3
9 921 2
28 921 0
42 921 1
51 921 1
180 921 2
221 921 0
272 921 0
293 921 1
295 921 0
335 921 1
442 921 0
486 921 1
544 921 0
552 921 0
578 921 1
597 921 0
641 921 0
675 921 0
686 921 2
703 921 0
723 921 0
730 921 1
731 921 5
736 921 1
758 921 0
759 921 0
807 921 4
812 921 3
826 921 3
863 921 1
874 921 4
879 921 2
60 922 0
93 922 1
106 922 0
146 922 0
224 922 0
306 922 0
307 922 0
360 922 0
377 922 1
413 922 1
480 922 2
491 922 0
508 922 0
531 922 3
541 922 0
620 922 1
642 922 1
661 922 2
677 922 2
688 922 0
759 922 2
771 922 1
808 922 2
826 922 2
827 922 1
829 922 0
855 922 0
860 922 1
877 922 3
880 922 4
885 922 1
904 922 1
907 922 3
12 923 0
30 923 1
62 923 0
141 923 2
173 923 0
210 923 0
219 923 1
275 923 1
320 923 0
352 923 1
371 923 1
467 923 2
493 923 0
542 923 1
544 923 0
561 923 0
568 923 2
577 923 2
599 923 0
628 923 0
642 923 1
665 923 0
682 923 0
702 923 1
728 923 1
740 923 3
749 923 1
796 923 2
819 923 5
860 923 3
886 923 1
910 923 0
14 924 1
66 924 0
129 924 0
159 924 1
182 924 0
217 924 0
229 924 0
266 924 2
338 924 1
359 924 1
367 924 0
381 924 0
385 924 0
433 924 4
455 924 0
500 924 0
502 924 0
524 924 0
536 924 1
568 924 1
569 924 0
577 924 2
593 924 1
673 924 2
677 924 0
698 924 3
830 924 0
832 924 4
861 924 1
879 924 0
903 924 1
913 924 0
69 925 2
140 925 1
151 925 1
165 925 0
166 925 1
201 925 0
264 925 1
267 925 1
317 925 0
375 925 0
429 925 1
431 925 1
441 925 1
488 925 1
608 925 3
617 925 2
624 925 0
639 925 0
647 925 2
665 925 2
698 925 2
709 925 2
711 925 1
720 925 2
769 925 3
770 925 2
779 925 3
804 925 3
815 925 3
839 925 1
888 925 3
896 925 7
899 925 1
912 925 2
19 926 0
45 926 2
97 926 1
251 926 0
386 926 1
406 926 1
421 926 1
436 926 0
467 926 1
516 926 0
530 926 0
549 926 1
551 926 0
566 926 2
580 926 1
609 926 1
612 926 0
639 926 2
666 926 1
668 926 2
709 926 2
724 926 0
768 926 1
769 926 1
772 926 3
789 926 3
791 926 1
838 926 1
871 926 3
873 926 1
880 926 0
895 926 3
912 926 1
915 926 1
923 926 1
92 927 1
110 927 0
149 927 1
151 927 0
155 927 0
163 927 0
172 927 0
173 927 1
181 927 0
186 927 1
220 927 0
232 927 0
285 927 0
318 927 0
356 927 0
435 927 1
451 927 0
471 927 0
493 927 0
547 927 0
687 927 1
715 927 1
730 927 0
808 927 3
814 927 1
823 927 2
842 927 2
855 927 1
883 927 1
894 927 0
903 927 3
914 927 1
33 928 1
192 928 0
204 928 1
230 928 2
313 928 1
323 928 2
342 928 0
410 928 2
446 928 1
450 928 2
455 928 1
478 928 1
479 928 0
535 928 0
614 928 0
647 928 1
670 928 0
681 928 1
691 928 2
725 928 5
739 928 0
744 928 1
752 928 1
853 928 1
861 928 1
866 928 2
867 928 1
875 928 1
883 928 5
895 928 4
904 928 0
912 928 5
2 929 1
27 929 0
213 929 0
222 929 1
300 929 2
314 929 0
344 929 0
374 929 0
396 929 1
455 929 5
548 929 1
556 929 1
560 929 1
567 929 1
612 929 0
691 929 2
731 929 1
736 929 3
749 929 4
761 929 2
762 929 0
784 929 1
785 929 0
799 929 0
811 929 2
816 929 3
819 929 2
830 929 3
847 929 2
875 929 4
876 929 4
883 929 2
898 929 1
902 929 2
921 929 2
928 929 5
25 930 0
49 930 0
73 930 1
83 930 0
157 930 1
195 930 1
222 930 2
225 930 0
237 930 1
278 930 1
327 930 1
346 930 1
393 930 2
415 930 0
494 930 1
557 930 0
588 930 0
614 930 2
617 930 1
632 930 0
635 930 0
642 930 1
670 930 0
689 930 2
703 930 3
742 930 1
743 930 1
790 930 3
820 930 1
854 930 0
856 930 3
863 930 3
865 930 1
894 930 1
915 930 1
2 931 0
31 931 0
46 931 0
81 931 1
117 931 2
163 931 1
192 931 0
236 931 0
286 931 1
311 931 0
314 931 2
343 931 0
412 931 1
508 931 1
510 931 1
551 931 0
556 931 1
606 931 1
643 931 2
648 931 0
680 931 2
701 931 0
742 931 1
757 931 2
778 931 2
791 931 2
804 931 1
819 931 1
863 931 0
889 931 1
896 931 3
897 931 6
898 931 4
904 931 3
917 931 3
42 932 2
88 932 1
112 932 1
122 932 0
154 932 1
189 932 0
239 932 1
281 932 2
330 932 1
342 932 0
389 932 0
512 932 0
540 932 1
558 932 1
581 932 1
588 932 0
590 932 5
622 932 2
634 932 1
657 932 2
684 932 4
729 932 0
762 932 4
765 932 0
801 932 2
810 932 0
815 932 4
823 932 0
847 932 1
869 932 0
880 932 2
885 932 4
913 932 7
917 932 1
42 933 2
69 933 3
188 933 0
215 933 0
232 933 2
241 933 1
281 933 3
301 933 0
366 933 2
398 933 1
439 933 1
456 933 0
545 933 1
552 933 1
556 933 0
606 933 0
682 933 2
684 933 4
692 933 4
695 933 4
762 933 7
815 933 7
821 933 1
830 933 1
835 933 1
860 933 1
902 933 2
911 933 6
913 933 7
915 933 3
916 933 1
932 933 6
41 934 1
77 934 1
244 934 0
254 934 0
332 934 1
398 934 0
451 934 0
473 934 0
475 934 2
492 934 1
500 934 2
519 934 0
529 934 2
536 934 1
587 934 2
608 934 2
614 934 0
711 934 2
736 934 0
739 934 3
754 934 3
774 934 4
781 934 1
789 934 1
793 934 1
811 934 1
833 934 1
882 934 2
891 934 1
915 934 1
925 934 2
15 935 0
93 935 1
181 935 0
230 935 1
264 935 0
268 935 3
308 935 0
337 935 1
342 935 1
344 935 0
351 935 1
400 935 2
417 935 1
420 935 2
440 935 0
471 935 0
492 935 1
524 935 1
647 935 0
697 935 0
703 935 1
715 935 2
724 935 1
725 935 1
767 935 2
787 935 1
807 935 2
810 935 0
823 935 1
836 935 2
837 935 2
840 935 0
849 935 1
895 935 4
909 935 2
84 936 1
85 936 0
148 936 0
150 936 1
164 936 2
169 936 1
278 936 0
288 936 1
334 936 0
402 936 0
433 936 0
456 936 0
520 936 3
566 936 1
585 936 1
596 936 0
618 936 0
679 936 1
686 936 3
722 936 3
729 936 1
731 936 1
761 936 3
777 936 1
779 936 0
781 936 0
796 936 3
807 936 4
808 936 0
812 936 3
872 936 1
881 936 1
2 937 1
46 937 0
57 937 1
132 937 0
217 937 1
226 937 1
299 937 2
310 937 1
317 937 3
329 937 1
387 937 3
395 937 1
441 937 1
527 937 1
548 937 0
573 937 3
595 937 1
649 937 2
727 937 1
746 937 5
752 937 4
767 937 0
786 937 4
795 937 3
798 937 3
799 937 1
802 937 3
811 937 0
853 937 3
857 937 4
868 937 3
900 937 4
26 938 0
33 938 0
89 938 1
93 938 2
114 938 1
125 938 0
198 938 1
217 938 0
269 938 0
290 938 3
394 938 0
402 938 2
404 938 1
453 938 4
456 938 3
522 938 0
610 938 0
613 938 0
622 938 1
658 938 0
693 938 2
722 938 2
761 938 0
780 938 4
803 938 4
805 938 3
810 938 6
819 938 3
821 938 0
824 938 2
826 938 6
836 938 1
839 938 0
858 938 2
895 938 0
922 938 2
923 938 2
37 939 0
66 939 2
79 939 0
84 939 0
167 939 2
218 939 0
276 939 2
279 939 1
305 939 0
391 939 0
413 939 2
431 939 2
522 939 0
543 939 4
550 939 2
553 939 0
560 939 2
650 939 0
688 939 1
733 939 3
741 939 1
777 939 7
828 939 7
843 939 2
846 939 1
856 939 2
872 939 2
881 939 2
892 939 3
901 939 1
918 939 2
927 939 3
8 940 1
46 940 1
134 940 1
145 940 0
159 940 0
164 940 1
214 940 0
275 940 0
300 940 0
316 940 0
340 940 1
373 940 0
375 940 1
397 940 0
419 940 0
436 940 1
522 940 1
565 940 2
578 940 0
580 940 2
624 940 1
637 940 3
644 940 2
681 940 2
688 940 3
700 940 3
709 940 2
758 940 0
764 940 3
767 940 0
789 940 2
796 940 3
807 940 1
817 940 1
857 940 1
886 940 1
893 940 1
907 940 3
72 941 2
114 941 1
136 941 0
173 941 0
189 941 0
243 941 1
271 941 0
278 941 2
288 941 1
291 941 0
302 941 1
395 941 3
414 941 2
435 941 2
444 941 0
453 941 1
488 941 2
537 941 2
554 941 0
579 941 0
599 941 1
659 941 0
670 941 0
758 941 2
766 941 6
769 941 2
787 941 2
804 941 3
827 941 1
855 941 6
861 941 4
902 941 1
903 941 4
905 941 0
909 941 3
919 941 0
18 942 1
67 942 0
116 942 3
203 942 0
212 942 0
238 942 2
250 942 2
259 942 1
319 942 1
333 942 2
363 942 3
397 942 0
458 942 1
469 942 1
477 942 0
633 942 0
638 942 2
686 942 0
717 942 2
735 942 3
751 942 0
766 942 2
785 942 0
807 942 0
822 942 0
843 942 1
861 942 3
863 942 0
865 942 3
873 942 0
882 942 1
909 942 5
19 943 0
58 943 0
130 943 0
159 943 1
247 943 0
260 943 0
282 943 1
285 943 2
308 943 0
329 943 2
338 943 0
346 943 2
350 943 0
421 943 2
447 943 0
459 943 0
461 943 0
462 943 1
491 943 0
534 943 1
558 943 2
681 943 0
711 943 3
717 943 1
729 943 1
733 943 1
769 943 0
771 943 1
780 943 1
783 943 2
821 943 2
832 943 5
840 943 5
879 943 2
880 943 1
44 944 2
138 944 1
152 944 2
182 944 0
259 944 2
267 944 1
310 944 0
371 944 0
392 944 1
480 944 1
540 944 0
549 944 0
612 944 1
627 944 3
630 944 0
679 944 5
683 944 1
696 944 0
704 944 1
713 944 3
715 944 3
757 944 3
769 944 2
801 944 1
809 944 0
827 944 1
835 944 5
844 944 1
882 944 1
898 944 6
906 944 2
909 944 2
917 944 4
931 944 3
936 944 2
942 944 4
67 945 0
85 945 1
140 945 3
187 945 0
197 945 1
198 945 1
218 945 1
277 945 3
354 945 0
403 945 0
474 945 1
510 945 2
536 945 1
562 945 0
582 945 0
616 945 1
623 945 2
625 945 1
642 945 1
650 945 0
662 945 1
694 945 2
696 945 1
701 945 3
722 945 1
725 945 1
732 945 1
733 945 0
763 945 2
770 945 2
826 945 1
839 945 2
846 945 0
855 945 3
856 945 0
876 945 2
891 945 0
925 945 3
12 946 0
40 946 0
68 946 1
81 946 0
90 946 1
123 946 2
201 946 1
220 946 0
258 946 0
266 946 1
275 946 0
344 946 0
371 946 1
447 946 2
460 946 1
494 946 2
551 946 0
621 946 0
673 946 2
679 946 1
686 946 1
687 946 2
697 946 1
711 946 2
739 946 1
747 946 3
796 946 1
822 946 1
860 946 3
876 946 1
880 946 1
883 946 0
889 946 1
895 946 2
910 946 3
914 946 3
932 946 1
941 946 1
20 947 0
71 947 0
104 947 0
245 947 2
249 947 0
272 947 1
273 947 0
328 947 1
374 947 0
403 947 0
436 947 2
445 947 0
480 947 3
492 947 0
536 947 3
560 947 3
561 947 1
564 947 0
619 947 1
625 947 2
632 947 0
641 947 2
664 947 0
690 947 3
691 947 0
727 947 0
736 947 1
776 947 1
796 947 1
800 947 1
828 947 1
838 947 6
849 947 3
868 947 3
869 947 1
871 947 2
873 947 0
881 947 4
927 947 0
944 947 2
74 948 2
83 948 2
230 948 0
271 948 0
291 948 1
292 948 2
301 948 1
321 948 0
336 948 1
349 948 1
372 948 0
412 948 2
427 948 4
435 948 1
564 948 1
567 948 2
584 948 0
619 948 0
652 948 3
663 948 1
678 948 0
684 948 3
716 948 5
724 948 0
730 948 4
743 948 2
753 948 3
802 948 1
831 948 2
844 948 1
845 948 2
858 948 0
872 948 8
875 948 5
878 948 1
900 948 2
934 948 0
937 948 2
26 949 0
52 949 0
55 949 0
103 949 1
168 949 1
260 949 2
261 949 0
322 949 1
359 949 3
364 949 0
461 949 1
464 949 0
529 949 4
562 949 0
567 949 1
574 949 1
587 949 3
589 949 0
609 949 0
612 949 2
613 949 1
630 949 0
649 949 4
665 949 1
670 949 4
704 949 4
708 949 2
776 949 2
802 949 2
814 949 2
851 949 6
854 949 0
882 949 4
888 949 3
911 949 2
914 949 0
924 949 2
934 949 3
30 950 1
46 950 0
54 950 1
102 950 0
130 950 0
209 950 2
307 950 0
345 950 1
346 950 0
368 950 0
394 950 0
429 950 0
439 950 3
470 950 1
483 950 1
495 950 1
509 950 0
523 950 0
538 950 0
562 950 1
633 950 1
637 950 0
662 950 0
668 950 0
687 950 0
694 950 0
708 950 2
722 950 0
744 950 0
757 950 0
760 950 0
785 950 0
786 950 0
791 950 0
843 950 2
851 950 0
853 950 2
889 950 2
933 950 1
55 951 0
82 951 1
83 951 0
157 951 1
184 951 1
300 951 2
337 951 1
343 951 0
413 951 1
416 951 3
418 951 2
457 951 1
518 951 2
612 951 0
625 951 2
657 951 2
679 951 2
685 951 2
691 951 3
724 951 1
731 951 1
746 951 3
761 951 1
816 951 1
820 951 3
835 951 2
847 951 5
849 951 1
876 951 5
883 951 5
892 951 3
895 951 3
901 951 3
912 951 6
919 951 2
928 951 4
933 951 2
945 951 2
116 952 2
193 952 1
217 952 1
218 952 0
272 952 1
374 952 0
380 952 0
395 952 1
414 952 3
432 952 0
476 952 1
503 952 2
532 952 0
557 952 4
565 952 0
576 952 2
581 952 0
615 952 2
680 952 1
684 952 1
718 952 2
730 952 2
735 952 2
755 952 0
766 952 3
769 952 5
804 952 5
854 952 1
855 952 5
867 952 1
871 952 4
910 952 1
912 952 2
925 952 3
941 952 6
942 952 3
948 952 2
42 953 0
117 953 0
216 953 2
242 953 1
275 953 1
285 953 2
315 953 0
326 953 0
348 953 1
366 953 0
425 953 1
453 953 0
467 953 1
501 953 0
521 953 0
555 953 1
608 953 1
670 953 1
689 953 1
698 953 3
727 953 0
730 953 2
736 953 1
737 953 1
747 953 3
809 953 2
832 953 5
857 953 0
867 953 3
886 953 1
888 953 1
907 953 3
922 953 1
924 953 5
943 953 2
949 953 3
950 953 0
952 953 2
16 954 0
25 954 1
34 954 1
64 954 0
67 954 2
104 954 1
155 954 0
161 954 0
214 954 0
244 954 2
247 954 0
248 954 0
309 954 1
324 954 0
391 954 1
417 954 3
421 954 0
422 954 0
424 954 1
508 954 0
527 954 0
534 954 1
606 954 2
628 954 1
637 954 2
680 954 3
693 954 1
752 954 0
790 954 1
805 954 0
850 954 3
851 954 1
853 954 1
873 954 0
891 954 1
896 954 3
897 954 5
904 954 5
920 954 2
932 954 0
935 954 1
56 955 0
81 955 4
244 955 0
276 955 2
341 955 2
382 955 0
413 955 3
431 955 2
446 955 1
514 955 2
543 955 5
566 955 0
590 955 1
594 955 1
595 955 0
605 955 3
640 955 0
743 955 2
796 955 3
799 955 0
800 955 2
809 955 1
812 955 0
828 955 4
841 955 1
856 955 2
871 955 0
877 955 3
906 955 2
907 955 5
909 955 0
912 955 2
931 955 1
933 955 3
939 955 9
951 955 3
953 955 3
21 956 1
78 956 1
97 956 1
104 956 0
118 956 2
136 956 0
191 956 1
196 956 1
207 956 1
222 956 1
274 956 1
304 956 0
308 956 1
360 956 1
494 956 1
498 956 2
538 956 0
548 956 0
597 956 0
598 956 1
608 956 1
645 956 1
677 956 0
685 956 0
722 956 1
765 956 2
790 956 2
818 956 1
819 956 1
825 956 1
829 956 1
856 956 3
863 956 3
864 956 3
906 956 3
908 956 1
910 956 3
933 956 0
936 956 1
952 956 1
75 957 0
86 957 1
90 957 1
116 957 0
127 957 0
159 957 1
248 957 1
268 957 2
275 957 1
321 957 0
361 957 0
421 957 4
426 957 0
432 957 0
437 957 0
488 957 0
504 957 1
526 957 1
579 957 1
588 957 1
603 957 2
693 957 1
702 957 0
760 957 2
762 957 0
770 957 1
804 957 1
807 957 2
817 957 3
831 957 3
832 957 5
882 957 1
910 957 3
914 957 4
924 957 4
926 957 1
935 957 2
945 957 1
953 957 5
955 957 1
18 958 1
55 958 1
95 958 2
114 958 1
208 958 1
211 958 3
213 958 0
319 958 2
369 958 0
383 958 1
527 958 0
591 958 2
593 958 2
597 958 1
602 958 0
644 958 1
660 958 1
721 958 1
770 958 2
772 958 0
777 958 5
787 958 4
794 958 3
814 958 3
819 958 2
828 958 3
853 958 1
860 958 5
861 958 7
880 958 2
883 958 2
906 958 3
909 958 6
917 958 4
923 958 2
936 958 2
942 958 5
944 958 5
103 959 0
111 959 2
200 959 0
274 959 1
278 959 2
282 959 0
283 959 1
309 959 1
392 959 1
400 959 0
435 959 2
498 959 3
533 959 3
556 959 0
590 959 3
592 959 0
611 959 0
683 959 4
686 959 1
689 959 3
703 959 1
709 959 1
728 959 0
734 959 3
736 959 2
800 959 3
816 959 0
818 959 4
838 959 1
840 959 1
856 959 5
867 959 2
906 959 2
924 959 0
927 959 1
930 959 4
932 959 1
955 959 4
956 959 6
36 960 0
41 960 0
50 960 0
59 960 1
86 960 2
130 960 0
212 960 0
233 960 1
256 960 0
311 960 1
372 960 0
532 960 1
548 960 0
553 960 4
560 960 1
639 960 2
660 960 1
666 960 3
682 960 0
707 960 2
771 960 2
772 960 5
787 960 1
821 960 2
831 960 0
835 960 0
851 960 2
852 960 4
866 960 3
887 960 0
893 960 2
907 960 2
910 960 1
920 960 2
922 960 2
926 960 4
928 960 1
7 961 0
8 961 1
12 961 0
56 961 1
71 961 1
111 961 1
139 961 0
165 961 1
226 961 0
265 961 0
271 961 0
378 961 0
402 961 0
463 961 0
480 961 4
483 961 0
536 961 2
559 961 1
560 961 2
561 961 1
621 961 0
641 961 3
651 961 0
680 961 2
690 961 3
699 961 0
712 961 0
714 961 1
762 961 1
778 961 0
816 961 0
820 961 2
825 961 1
849 961 5
854 961 2
868 961 3
872 961 1
891 961 0
897 961 2
902 961 1
82 962 1
353 962 1
363 962 2
396 962 1
441 962 0
450 962 1
469 962 5
475 962 2
487 962 0
571 962 3
593 962 0
598 962 2
630 962 2
638 962 2
655 962 0
666 962 1
676 962 1
685 962 2
694 962 1
702 962 3
725 962 3
740 962 3
758 962 3
760 962 1
816 962 3
834 962 3
876 962 4
883 962 5
891 962 1
908 962 2
912 962 6
913 962 0
928 962 5
929 962 5
930 962 2
942 962 4
943 962 1
948 962 1
51 963 1
84 963 2
86 963 1
162 963 1
291 963 0
406 963 4
444 963 3
453 963 3
469 963 2
506 963 3
562 963 1
568 963 1
586 963 1
660 963 1
669 963 3
685 963 1
686 963 2
737 963 3
739 963 0
745 963 3
752 963 2
782 963 1
801 963 0
820 963 1
821 963 2
823 963 1
830 963 4
841 963 4
873 963 1
879 963 4
880 963 1
897 963 1
903 963 1
929 963 1
936 963 4
943 963 4
16 964 0
107 964 4
123 964 0
171 964 2
184 964 0
198 964 0
235 964 1
237 964 1
329 964 0
391 964 1
420 964 3
434 964 2
441 964 1
445 964 1
513 964 0
535 964 3
542 964 0
580 964 3
583 964 1
618 964 2
627 964 1
630 964 1
710 964 2
727 964 4
781 964 5
795 964 2
821 964 2
837 964 5
850 964 3
862 964 0
885 964 2
889 964 2
894 964 2
895 964 2
896 964 0
901 964 2
918 964 2
934 964 2
935 964 3
6 965 1
92 965 1
108 965 2
134 965 1
175 965 1
200 965 0
254 965 1
283 965 0
338 965 0
364 965 0
381 965 0
401 965 2
464 965 0
542 965 0
632 965 3
657 965 4
673 965 0
676 965 0
708 965 4
719 965 1
746 965 2
749 965 1
768 965 0
770 965 0
776 965 4
803 965 1
842 965 2
843 965 5
848 965 3
861 965 2
875 965 1
878 965 1
883 965 2
889 965 2
890 965 0
893 965 0
932 965 1
942 965 2
948 965 2
950 965 3
951 965 3
34 966 0
151 966 0
221 966 4
358 966 1
366 966 0
425 966 1
443 966 3
457 966 0
462 966 1
473 966 1
479 966 1
491 966 0
497 966 2
572 966 2
587 966 2
629 966 1
635 966 4
678 966 4
688 966 0
728 966 1
739 966 0
756 966 3
768 966 5
789 966 2
800 966 8
814 966 1
821 966 5
832 966 1
844 966 0
845 966 0
857 966 1
867 966 1
898 966 2
899 966 1
908 966 7
918 966 2
932 966 0
936 966 0
947 966 1
957 966 1
962 966 1
61 967 0
66 967 1
117 967 0
152 967 0
200 967 0
251 967 0
295 967 0
383 967 1
483 967 0
491 967 2
545 967 1
563 967 4
579 967 3
582 967 0
634 967 3
658 967 1
661 967 1
684 967 2
691 967 2
705 967 3
716 967 3
741 967 2
760 967 1
777 967 2
787 967 0
791 967 2
816 967 1
821 967 2
831 967 0
834 967 5
846 967 6
847 967 2
880 967 1
890 967 5
892 967 3
897 967 1
900 967 3
904 967 5
907 967 3
933 967 4
939 967 7
955 967 3
3 968 0
25 968 0
41 968 1
144 968 0
227 968 0
233 968 0
236 968 1
289 968 1
379 968 0
380 968 0
398 968 1
410 968 2
434 968 2
441 968 3
445 968 2
464 968 0
555 968 0
579 968 1
583 968 1
593 968 2
613 968 0
630 968 2
646 968 2
656 968 2
710 968 2
715 968 0
736 968 0
759 968 2
781 968 1
802 968 1
822 968 0
834 968 2
837 968 2
850 968 3
857 968 2
869 968 2
899 968 3
901 968 2
928 968 1
937 968 4
961 968 0
964 968 10
967 968 2
91 969 0
139 969 0
165 969 1
201 969 2
301 969 1
339 969 1
356 969 0
401 969 1
405 969 0
434 969 0
473 969 2
479 969 0
486 969 1
505 969 1
506 969 4
518 969 2
520 969 2
523 969 0
541 969 1
569 969 0
575 969 0
582 969 0
609 969 1
667 969 0
686 969 4
690 969 2
698 969 0
737 969 2
745 969 3
798 969 1
807 969 4
820 969 1
841 969 6
847 969 1
859 969 1
874 969 4
877 969 2
908 969 0
936 969 4
963 969 9
38 970 0
43 970 1
70 970 0
95 970 2
113 970 1
116 970 1
152 970 0
245 970 0
309 970 0
324 970 0
363 970 1
369 970 1
371 970 2
405 970 2
455 970 0
541 970 2
551 970 1
579 970 0
594 970 2
610 970 0
658 970 2
661 970 1
672 970 0
703 970 1
713 970 3
715 970 2
755 970 1
756 970 2
793 970 0
796 970 3
814 970 4
831 970 0
847 970 1
860 970 3
865 970 1
884 970 0
901 970 1
917 970 1
923 970 4
927 970 2
942 970 3
951 970 2
22 971 1
86 971 1
98 971 0
157 971 0
301 971 0
303 971 1
314 971 1
321 971 1
337 971 3
359 971 3
369 971 0
399 971 0
410 971 0
423 971 3
461 971 2
517 971 4
523 971 0
529 971 1
588 971 1
590 971 0
603 971 3
634 971 0
663 971 0
698 971 0
706 971 1
710 971 1
757 971 1
760 971 4
794 971 2
808 971 0
818 971 2
839 971 5
857 971 0
881 971 2
884 971 4
888 971 6
895 971 3
912 971 3
921 971 0
935 971 3
945 971 1
962 971 3
127 972 0
159 972 2
211 972 0
257 972 1
266 972 2
288 972 0
385 972 1
416 972 2
421 972 3
432 972 0
479 972 0
483 972 0
498 972 2
533 972 3
567 972 1
575 972 1
578 972 1
617 972 1
631 972 1
672 972 0
673 972 2
686 972 2
697 972 3
711 972 2
743 972 2
746 972 1
747 972 3
783 972 3
802 972 1
803 972 1
809 972 1
835 972 1
840 972 4
846 972 1
852 972 0
863 972 2
872 972 1
886 972 1
914 972 5
920 972 1
943 972 5
946 972 7
951 972 3
959 972 4
9 973 1
26 973 0
42 973 1
65 973 1
120 973 1
211 973 0
217 973 1
250 973 3
275 973 0
333 973 1
338 973 0
364 973 3
376 973 1
405 973 2
448 973 0
456 973 1
473 973 0
481 973 0
566 973 3
585 973 4
603 973 1
635 973 0
640 973 1
654 973 4
661 973 0
671 973 0
676 973 1
697 973 0
729 973 1
755 973 2
782 973 0
809 973 4
826 973 2
857 973 2
864 973 2
872 973 0
887 973 2
915 973 5
916 973 3
921 973 3
937 973 3
942 973 2
1 974 2
4 974 1
23 974 0
40 974 1
80 974 1
81 974 2
139 974 1
181 974 1
290 974 2
302 974 0
311 974 0
345 974 1
362 974 1
384 974 2
389 974 2
395 974 0
405 974 1
413 974 3
460 974 0
462 974 1
495 974 1
543 974 5
550 974 2
605 974 3
615 974 3
621 974 2
644 974 1
679 974 2
688 974 2
777 974 4
813 974 2
843 974 4
876 974 1
896 974 1
904 974 0
908 974 2
914 974 0
939 974 9
944 974 1
950 974 3
955 974 6
970 974 1
44 975 0
215 975 1
216 975 1
228 975 0
243 975 0
253 975 1
266 975 2
294 975 1
317 975 1
412 975 1
440 975 1
461 975 0
477 975 0
484 975 1
531 975 2
542 975 0
550 975 2
570 975 1
571 975 0
593 975 1
598 975 2
620 975 0
665 975 2
669 975 0
681 975 1
698 975 3
699 975 1
704 975 0
713 975 2
732 975 0
747 975 3
794 975 1
811 975 2
834 975 0
859 975 1
914 975 4
918 975 3
924 975 5
927 975 3
939 975 4
953 975 5
957 975 4
972 975 3
28 976 1
29 976 1
43 976 3
63 976 0
107 976 1
115 976 0
122 976 1
141 976 1
166 976 0
198 976 1
207 976 0
217 976 0
247 976 2
284 976 2
349 976 1
369 976 2
388 976 3
401 976 1
421 976 1
440 976 1
444 976 1
460 976 0
479 976 0
525 976 1
559 976 0
615 976 0
658 976 2
727 976 0
735 976 1
780 976 6
803 976 4
805 976 5
810 976 4
826 976 5
833 976 1
837 976 1
848 976 3
849 976 0
863 976 2
897 976 0
923 976 3
936 976 0
949 976 0
970 976 4
26 977 1
70 977 1
154 977 0
163 977 1
165 977 0
166 977 1
232 977 1
237 977 1
346 977 2
384 977 1
386 977 2
466 977 0
477 977 1
515 977 1
520 977 0
538 977 2
558 977 1
635 977 0
646 977 1
651 977 0
654 977 3
656 977 0
687 977 0
699 977 0
708 977 2
764 977 1
772 977 0
773 977 0
782 977 2
819 977 2
842 977 5
848 977 3
853 977 4
857 977 2
887 977 0
895 977 0
896 977 2
899 977 0
931 977 3
933 977 2
937 977 3
943 977 3
963 977 3
965 977 4
9 978 0
74 978 2
99 978 0
121 978 1
134 978 1
177 978 0
292 978 2
299 978 0
335 978 0
427 978 3
430 978 1
435 978 2
454 978 1
498 978 0
512 978 1
543 978 2
552 978 0
563 978 0
567 978 3
575 978 1
618 978 1
677 978 2
720 978 2
730 978 3
746 978 1
753 978 5
778 978 1
783 978 3
786 978 1
811 978 6
812 978 2
837 978 2
872 978 7
873 978 4
875 978 7
877 978 2
881 978 1
899 978 4
910 978 3
914 978 1
918 978 6
948 978 10
960 978 2
962 978 1
964 978 3
6 979 0
30 979 0
75 979 0
101 979 1
126 979 0
177 979 1
218 979 1
224 979 2
238 979 1
272 979 3
278 979 1
320 979 3
348 979 0
388 979 2
428 979 3
433 979 0
443 979 3
449 979 0
522 979 1
580 979 2
601 979 0
635 979 5
648 979 1
678 979 4
712 979 2
764 979 4
768 979 6
771 979 3
789 979 2
800 979 6
821 979 4
858 979 2
865 979 3
890 979 1
898 979 3
913 979 3
934 979 3
942 979 2
954 979 0
959 979 2
964 979 4
966 979 10
969 979 0
976 979 1
19 980 0
116 980 0
119 980 0
151 980 1
227 980 1
261 980 2
323 980 2
353 980 0
354 980 2
404 980 1
406 980 1
416 980 1
428 980 0
430 980 0
443 980 0
448 980 3
475 980 3
487 980 0
500 980 4
528 980 2
529 980 1
550 980 0
565 980 1
647 980 1
674 980 0
717 980 0
720 980 1
724 980 1
737 980 1
741 980 1
754 980 4
774 980 5
803 980 0
807 980 1
814 980 0
828 980 0
836 980 1
884 980 1
889 980 0
898 980 1
934 980 6
941 980 0
960 980 0
963 980 3
63 981 0
74 981 1
103 981 2
145 981 1
151 981 2
152 981 0
259 981 0
322 981 1
335 981 0
436 981 1
442 981 3
486 981 1
503 981 1
507 981 1
520 981 1
528 981 2
539 981 4
542 981 0
547 981 0
602 981 0
607 981 1
612 981 2
613 981 1
615 981 0
616 981 6
624 981 2
626 981 1
654 981 2
693 981 2
704 981 8
754 981 2
774 981 5
811 981 2
834 981 4
879 981 1
902 981 2
916 981 3
918 981 2
920 981 1
933 981 3
949 981 5
955 981 1
973 981 2
980 981 5
219 982 1
272 982 2
290 982 1
296 982 1
323 982 4
359 982 0
391 982 0
396 982 0
431 982 0
442 982 3
475 982 4
500 982 2
539 982 4
552 982 0
563 982 1
610 982 3
616 982 3
647 982 2
660 982 1
665 982 5
685 982 1
704 982 3
725 982 1
753 982 1
762 982 0
774 982 5
780 982 2
782 982 1
787 982 4
790 982 1
791 982 0
799 982 1
832 982 0
866 982 1
869 982 2
871 982 1
882 982 3
902 982 3
915 982 3
928 982 4
934 982 7
958 982 2
979 982 2
980 982 7
981 982 7
49 983 0
50 983 1
87 983 1
107 983 2
124 983 3
132 983 1
192 983 0
253 983 1
287 983 0
307 983 1
337 983 2
359 983 0
367 983 3
397 983 2
440 983 1
464 983 0
471 983 1
555 983 1
557 983 2
586 983 1
590 983 0
609 983 0
626 983 0
627 983 1
662 983 2
665 983 0
667 983 4
685 983 1
720 983 0
770 983 1
773 983 1
780 983 2
803 983 1
809 983 0
824 983 2
844 983 2
851 983 0
852 983 1
863 983 2
866 983 2
878 983 1
907 983 3
952 983 1
964 983 2
24 984 1
50 984 1
112 984 0
174 984 0
201 984 2
212 984 1
235 984 0
268 984 1
300 984 1
319 984 1
336 984 0
363 984 4
370 984 0
371 984 2
402 984 1
426 984 1
430 984 0
488 984 1
496 984 1
587 984 0
672 984 0
692 984 1
708 984 0
717 984 4
758 984 2
759 984 0
777 984 4
799 984 0
808 984 1
835 984 2
847 984 3
860 984 2
861 984 3
867 984 3
899 984 0
909 984 5
917 984 5
927 984 2
930 984 1
939 984 3
941 984 5
945 984 0
946 984 4
958 984 6
962 984 3
967 984 3
969 984 3
124 985 1
140 985 0
184 985 0
194 985 0
206 985 1
223 985 0
365 985 2
367 985 1
382 985 2
386 985 1
453 985 2
472 985 0
587 985 0
629 985 0
633 985 2
638 985 2
650 985 0
653 985 1
677 985 2
689 985 1
691 985 1
695 985 4
706 985 1
711 985 2
732 985 1
738 985 1
747 985 0
771 985 4
772 985 3
784 985 2
789 985 2
815 985 2
866 985 5
885 985 1
893 985 3
899 985 3
911 985 3
918 985 2
919 985 0
926 985 4
936 985 1
938 985 1
960 985 7
963 985 3
978 985 4
983 985 3
6 986 0
65 986 2
72 986 0
124 986 1
133 986 1
144 986 0
148 986 1
167 986 0
261 986 1
276 986 0
277 986 0
295 986 3
313 986 3
318 986 3
352 986 0
364 986 2
379 986 1
383 986 2
405 986 1
423 986 1
438 986 0
472 986 0
478 986 0
479 986 0
537 986 1
548 986 2
580 986 0
597 986 2
645 986 4
646 986 4
654 986 6
663 986 0
670 986 1
704 986 0
759 986 2
761 986 2
797 986 3
800 986 1
809 986 5
850 986 0
880 986 4
887 986 3
915 986 4
922 986 2
925 986 0
958 986 3
973 986 7
56 987 2
71 987 1
143 987 2
175 987 0
206 987 1
241 987 0
256 987 0
266 987 1
268 987 0
280 987 3
347 987 1
393 987 0
432 987 0
433 987 3
450 987 0
476 987 1
480 987 2
484 987 1
490 987 1
498 987 0
536 987 4
559 987 1
560 987 2
561 987 2
641 987 3
653 987 0
673 987 2
703 987 0
717 987 1
787 987 2
799 987 1
802 987 0
820 987 3
824 987 1
833 987 2
849 987 3
864 987 3
867 987 1
868 987 5
881 987 5
883 987 1
901 987 0
911 987 2
924 987 4
934 987 2
940 987 0
954 987 0
961 987 11
10 988 0
48 988 2
139 988 1
163 988 0
211 988 2
334 988 1
379 988 1
431 988 1
438 988 2
446 988 2
470 988 1
476 988 1
492 988 0
504 988 1
507 988 2
521 988 1
539 988 1
595 988 3
615 988 1
621 988 4
638 988 3
649 988 0
673 988 0
694 988 4
702 988 1
740 988 1
777 988 6
793 988 2
818 988 1
828 988 3
842 988 5
850 988 1
868 988 2
869 988 4
871 988 4
879 988 2
889 988 1
897 988 1
920 988 1
930 988 1
939 988 5
942 988 2
943 988 2
962 988 8
971 988 2
974 988 6
985 988 1
5 989 0
9 989 0
46 989 1
88 989 0
140 989 3
160 989 1
169 989 1
170 989 0
188 989 2
265 989 0
284 989 0
287 989 0
296 989 1
348 989 0
447 989 0
457 989 2
493 989 0
510 989 2
580 989 1
617 989 0
633 989 1
642 989 2
664 989 1
682 989 3
694 989 3
696 989 3
700 989 1
702 989 0
715 989 1
732 989 2
737 989 0
763 989 1
789 989 1
810 989 0
811 989 2
827 989 0
833 989 0
849 989 1
865 989 0
881 989 1
885 989 0
897 989 1
899 989 2
929 989 1
940 989 4
949 989 0
959 989 0
982 989 1
10 990 2
29 990 2
43 990 2
93 990 2
114 990 2
140 990 0
180 990 1
193 990 1
198 990 2
250 990 1
290 990 5
330 990 0
402 990 2
453 990 3
456 990 3
506 990 0
625 990 1
631 990 2
651 990 0
708 990 1
721 990 2
741 990 0
756 990 2
780 990 5
787 990 4
789 990 1
803 990 5
805 990 5
809 990 2
814 990 2
817 990 1
826 990 5
838 990 1
842 990 1
875 990 0
912 990 2
915 990 2
921 990 2
923 990 2
931 990 0
938 990 12
941 990 3
956 990 1
959 990 2
960 990 1
974 990 1
976 990 8
982 990 4
22 991 0
74 991 1
108 991 1
120 991 2
155 991 2
156 991 0
158 991 0
167 991 0
175 991 1
236 991 0
237 991 0
281 991 0
287 991 0
425 991 1
452 991 1
461 991 1
468 991 0
483 991 1
514 991 0
527 991 1
554 991 0
559 991 0
566 991 1
580 991 2
602 991 0
620 991 0
655 991 2
679 991 1
684 991 1
688 991 3
714 991 0
749 991 3
755 991 1
759 991 0
778 991 0
793 991 1
817 991 2
824 991 1
842 991 2
848 991 2
853 991 4
892 991 1
914 991 0
928 991 1
937 991 3
956 991 0
965 991 5
973 991 4
37 992 2
48 992 1
67 992 0
93 992 1
124 992 1
126 992 2
143 992 1
155 992 0
235 992 0
236 992 1
249 992 1
268 992 3
324 992 2
332 992 2
367 992 1
385 992 1
403 992 0
447 992 1
452 992 2
490 992 2
497 992 3
596 992 5
632 992 1
633 992 1
635 992 0
721 992 7
726 992 1
735 992 1
740 992 0
762 992 0
764 992 1
788 992 4
806 992 1
817 992 6
824 992 6
863 992 1
875 992 2
881 992 2
898 992 1
909 992 4
934 992 1
935 992 4
937 992 1
958 992 2
968 992 2
971 992 2
975 992 0
983 992 4
10 993 0
50 993 0
130 993 1
161 993 4
171 993 1
221 993 2
224 993 5
228 993 3
229 993 0
255 993 2
260 993 0
293 993 0
327 993 1
339 993 0
358 993 2
361 993 3
419 993 3
425 993 3
443 993 3
537 993 2
623 993 1
653 993 3
655 993 1
657 993 2
678 993 6
725 993 0
768 993 5
785 993 3
800 993 5
810 993 2
824 993 2
836 993 6
852 993 1
855 993 2
887 993 2
900 993 2
902 993 1
907 993 1
908 993 5
920 993 1
938 993 3
939 993 0
944 993 1
946 993 0
966 993 10
979 993 7
144 994 1
146 994 1
153 994 0
181 994 0
183 994 0
216 994 0
224 994 2
426 994 0
429 994 0
453 994 1
482 994 0
503 994 1
536 994 2
546 994 1
556 994 2
568 994 1
571 994 0
576 994 2
593 994 1
597 994 2
627 994 5
659 994 0
716 994 1
754 994 1
785 994 3
793 994 1
799 994 2
822 994 1
826 994 1
834 994 1
837 994 4
839 994 0
848 994 0
849 994 2
854 994 5
857 994 3
859 994 5
888 994 0
895 994 0
914 994 3
916 994 2
944 994 3
947 994 3
952 994 3
961 994 3
963 994 4
969 994 2
980 994 2
993 994 3
21 995 0
66 995 0
86 995 3
129 995 0
153 995 3
162 995 2
164 995 2
202 995 0
206 995 0
216 995 0
253 995 0
296 995 0
339 995 1
401 995 4
406 995 1
431 995 0
499 995 2
506 995 4
518 995 2
588 995 0
618 995 0
622 995 1
623 995 0
669 995 5
677 995 0
722 995 4
731 995 3
740 995 0
746 995 3
753 995 2
796 995 2
807 995 7
812 995 5
826 995 1
836 995 1
841 995 7
851 995 1
852 995 1
874 995 6
888 995 1
921 995 5
933 995 1
937 995 2
960 995 3
963 995 8
965 995 3
969 995 9
977 995 4
984 995 1
986 995 0
20 996 0
86 996 2
108 996 1
134 996 2
161 996 1
199 996 1
210 996 0
237 996 1
255 996 2
307 996 0
359 996 1
365 996 1
368 996 2
380 996 1
385 996 0
396 996 2
423 996 1
439 996 1
485 996 0
516 996 1
603 996 4
608 996 1
629 996 1
631 996 1
640 996 0
691 996 0
739 996 1
755 996 3
756 996 3
758 996 3
784 996 2
785 996 3
817 996 1
838 996 0
839 996 4
845 996 3
846 996 0
870 996 1
872 996 0
883 996 0
884 996 3
901 996 1
905 996 2
934 996 2
957 996 4
971 996 6
975 996 1
977 996 1
981 996 0
993 996 3
59 997 0
70 997 0
74 997 2
170 997 1
231 997 3
253 997 4
265 997 2
287 997 0
316 997 2
340 997 2
389 997 2
411 997 3
413 997 0
426 997 1
428 997 1
438 997 2
522 997 1
556 997 2
558 997 4
570 997 1
586 997 0
601 997 2
616 997 3
659 997 2
678 997 0
687 997 1
704 997 4
705 997 1
714 997 0
723 997 6
726 997 2
727 997 0
768 997 1
773 997 4
774 997 2
783 997 6
784 997 2
785 997 0
851 997 1
875 997 4
878 997 1
895 997 3
903 997 1
909 997 2
918 997 7
926 997 2
946 997 2
952 997 0
981 997 5
992 997 3
7 998 0
80 998 1
81 998 2
121 998 0
146 998 0
175 998 0
201 998 0
211 998 2
247 998 0
276 998 3
350 998 0
384 998 3
389 998 2
438 998 2
446 998 4
453 998 1
454 998 0
468 998 2
543 998 3
561 998 0
596 998 0
619 998 0
621 998 5
623 998 0
635 998 0
652 998 0
770 998 2
777 998 6
787 998 3
793 998 3
802 998 1
828 998 5
835 998 2
836 998 0
842 998 3
861 998 2
873 998 3
882 998 1
883 998 3
910 998 1
927 998 4
937 998 1
939 998 9
955 998 7
958 998 7
963 998 2
974 998 10
975 998 2
983 998 1
988 998 10
27 999 0
59 999 1
139 999 0
160 999 0
161 999 2
200 999 0
218 999 2
264 999 1
266 999 1
272 999 2
300 999 0
303 999 0
320 999 3
443 999 4
487 999 0
496 999 0
522 999 3
557 999 2
560 999 2
572 999 4
580 999 2
618 999 2
635 999 4
637 999 2
675 999 1
678 999 5
683 999 2
689 999 4
695 999 4
730 999 1
768 999 6
774 999 2
775 999 0
821 999 9
825 999 1
836 999 7
861 999 2
870 999 2
898 999 3
908 999 6
920 999 3
925 999 1
953 999 2
960 999 5
963 999 2
964 999 4
966 999 10
979 999 14
985 999 4
993 999 9
