6 20 0
17 20 0
8 28 0
21 31 0
28 32 0
15 33 0
8 43 0
18 44 0
9 46 0
1 53 0
22 56 2
43 60 1
40 72 0
52 73 0
85 92 1
73 98 0
76 98 1
55 101 0
15 102 1
28 103 0
52 104 0
25 105 0
79 105 0
94 105 0
7 106 0
13 106 0
77 106 0
84 108 0
44 112 0
47 112 0
11 114 0
25 115 0
17 119 0
54 119 0
45 121 0
37 125 0
19 127 0
26 127 1
85 128 0
12 133 0
42 133 0
103 133 0
38 134 0
7 135 0
71 135 0
129 141 0
128 142 1
67 143 0
73 146 0
141 147 0
85 149 0
79 150 0
99 150 0
38 152 0
92 152 0
130 153 0
27 154 0
90 154 0
42 156 0
93 156 0
131 156 0
32 158 0
59 158 0
54 159 0
108 162 0
130 162 0
9 163 0
71 164 0
77 165 0
115 165 0
19 167 1
144 168 0
42 169 0
90 169 0
131 169 0
28 171 0
79 172 0
86 175 1
154 175 1
86 176 0
94 176 0
155 178 1
108 179 0
99 181 0
59 182 0
76 182 0
160 182 0
66 184 1
149 184 0
85 185 0
92 186 0
148 186 0
64 188 0
163 188 0
187 188 0
117 189 0
111 190 0
189 190 0
48 192 0
81 192 0
72 193 0
89 193 0
33 195 1
68 195 0
89 196 0
102 197 0
157 197 0
6 198 0
73 198 1
187 198 0
145 199 0
5 200 0
121 202 0
148 202 0
183 205 1
29 206 0
32 206 0
155 206 0
53 213 0
69 213 0
78 213 1
79 213 2
34 214 0
103 214 0
70 215 0
81 216 0
105 216 0
3 218 1
51 219 1
101 220 1
29 221 0
179 221 0
189 221 0
20 222 0
155 222 0
16 223 0
150 223 0
70 225 1
82 225 0
100 226 0
19 228 1
174 229 0
65 230 0
75 230 0
207 231 0
91 233 0
36 234 0
40 234 0
71 234 0
192 235 0
225 235 0
232 236 0
126 237 0
203 237 0
210 240 1
212 240 0
38 241 0
117 242 0
203 243 1
131 244 0
63 246 0
174 246 0
217 246 0
227 247 0
14 248 0
65 249 1
170 249 0
205 249 0
36 250 0
82 251 0
245 251 0
197 252 0
127 253 0
164 253 1
229 253 1
129 254 0
129 255 0
168 255 0
97 256 0
62 258 0
88 258 0
90 258 0
232 258 0
253 258 0
24 259 0
191 259 0
191 260 0
201 260 0
231 260 0
118 261 0
181 261 0
128 262 1
156 262 0
62 263 0
228 263 1
197 264 0
85 265 0
41 266 0
194 270 0
206 270 0
209 270 0
222 270 0
105 271 0
113 271 0
141 271 0
172 272 0
217 273 0
234 276 0
238 276 0
51 277 0
121 277 0
258 277 0
144 279 0
211 279 0
31 280 0
63 280 0
53 282 0
13 284 1
10 285 1
37 285 2
45 287 0
201 288 0
95 289 0
286 289 0
1 290 1
69 290 0
101 290 0
154 290 1
287 291 0
18 292 0
138 292 0
49 293 1
104 293 0
234 293 0
236 293 0
103 294 1
129 294 0
119 295 0
148 295 0
156 296 0
199 296 0
286 296 0
31 297 1
87 297 1
235 297 0
31 298 0
169 298 0
193 298 0
45 299 1
161 299 0
218 299 0
280 299 0
23 300 0
36 300 0
33 301 0
80 301 0
70 302 0
210 302 0
4 303 0
186 303 0
236 303 0
283 303 0
74 304 0
193 304 0
294 304 0
182 305 0
231 305 0
118 306 0
190 306 0
14 307 0
177 308 0
91 309 0
136 309 1
210 309 0
150 310 0
222 310 0
233 310 0
227 311 0
305 312 0
14 313 0
264 313 1
298 313 1
122 314 0
228 314 0
267 314 0
155 315 0
169 315 0
110 316 0
251 316 0
260 316 0
163 317 1
144 318 0
206 318 0
209 318 0
223 318 0
291 318 0
101 319 0
124 319 0
236 319 0
288 319 0
280 320 0
137 321 0
198 321 0
274 321 0
5 322 0
209 322 0
316 323 0
54 324 0
74 324 0
114 324 0
13 325 0
235 325 0
279 326 0
302 326 0
134 327 0
183 327 0
8 328 0
92 328 0
106 328 0
244 328 0
119 329 0
190 329 0
224 329 0
92 330 0
273 330 0
300 330 0
66 331 1
184 331 1
290 331 0
61 332 0
82 332 0
140 332 0
276 332 0
314 332 0
179 333 1
326 333 0
252 334 0
321 334 0
148 335 0
157 335 0
175 335 0
204 335 0
75 336 0
80 336 0
113 336 0
135 336 0
143 336 0
57 337 0
79 337 1
213 337 1
294 337 1
29 338 0
75 338 1
223 338 0
183 339 0
28 340 0
37 340 1
106 340 0
162 340 0
209 340 0
285 340 1
92 342 0
95 342 0
104 342 0
202 342 0
305 342 0
93 343 0
176 343 0
256 343 0
267 343 0
142 344 1
171 344 0
198 344 0
35 345 0
126 345 0
275 345 0
281 345 0
339 345 0
116 346 0
147 346 0
180 347 1
222 347 1
300 347 1
201 348 0
46 349 0
74 349 0
227 349 0
89 350 0
56 351 0
278 351 0
60 352 0
144 352 0
35 353 0
147 353 0
289 353 0
320 353 1
140 354 0
302 354 0
171 355 0
179 355 0
180 355 1
219 356 0
242 356 0
253 356 0
260 356 0
274 356 0
353 356 0
154 357 2
174 357 0
175 357 1
293 357 0
308 357 0
82 358 0
159 358 0
217 358 0
344 358 0
16 359 0
208 359 1
17 360 0
66 360 0
189 360 0
238 360 0
261 360 1
318 360 0
24 361 0
325 361 0
292 362 0
225 363 0
289 363 0
94 364 0
248 364 0
284 364 0
341 364 1
31 365 0
122 365 0
167 365 0
179 365 0
233 365 0
345 365 0
29 366 0
201 367 1
277 367 0
293 367 0
279 368 0
59 369 0
249 369 0
256 369 0
292 369 0
305 369 0
36 370 1
266 370 0
64 371 1
67 371 0
191 371 0
212 371 0
323 371 0
60 372 1
251 372 0
265 372 0
15 373 0
52 373 0
83 373 1
258 374 0
234 375 0
250 375 0
266 375 0
269 375 1
227 376 0
293 376 0
200 377 0
144 378 0
238 378 0
320 378 0
346 379 0
9 380 1
114 380 0
229 380 0
244 380 0
47 381 0
79 381 0
92 381 0
297 381 1
298 381 0
343 381 0
14 382 0
117 382 1
140 382 0
2 383 1
37 383 0
46 383 0
296 383 0
302 383 0
157 384 0
258 385 0
328 385 0
57 386 1
199 386 0
215 386 0
242 386 0
188 387 0
279 387 0
84 388 0
211 388 0
214 388 1
223 388 0
30 389 0
281 389 0
153 390 0
156 390 0
104 391 0
107 391 0
122 391 0
347 391 0
352 391 0
78 392 0
103 392 1
19 393 1
228 393 1
23 394 0
75 394 0
89 394 1
99 395 0
119 395 0
169 395 0
246 395 0
358 395 0
148 396 0
166 396 0
291 396 0
311 396 0
321 396 1
366 396 0
38 397 0
127 397 0
222 397 0
234 397 0
307 397 1
326 397 0
10 398 0
111 398 0
229 398 0
392 398 1
48 399 0
120 399 0
176 399 1
235 399 0
301 399 0
390 399 0
65 400 1
215 400 0
219 400 0
249 400 2
359 400 0
118 401 1
10 402 1
139 402 0
221 402 0
224 402 0
285 402 1
358 402 0
74 403 0
165 403 0
237 403 0
23 404 0
237 404 0
281 404 1
282 404 0
376 404 1
207 405 1
244 405 0
137 406 0
378 406 1
394 406 0
34 407 0
406 407 0
340 408 0
370 408 0
1 409 0
37 409 0
163 409 0
246 409 0
35 410 0
91 410 0
137 410 0
257 410 0
62 411 0
109 411 0
255 411 0
345 411 0
200 412 0
237 412 0
385 412 0
101 413 0
68 414 1
165 414 0
217 414 0
71 415 1
76 415 1
221 415 0
239 415 0
230 416 0
248 416 0
38 417 0
356 417 0
379 417 0
385 417 1
34 418 0
89 418 0
99 418 0
160 418 0
323 418 0
108 419 0
265 419 0
285 419 0
301 419 0
14 420 0
16 420 0
61 420 0
266 420 0
338 421 1
359 421 0
409 421 0
123 422 0
203 422 0
238 422 0
284 422 0
399 422 0
234 423 2
374 423 1
16 424 0
206 424 0
209 424 0
214 424 0
378 424 1
415 424 0
54 425 0
199 425 0
295 425 2
405 425 0
67 426 0
78 426 0
168 426 0
208 426 0
323 426 0
228 427 1
403 427 0
210 428 0
211 428 0
33 429 0
278 429 0
18 430 1
135 430 0
307 430 0
174 431 0
399 432 0
261 433 1
325 433 1
80 434 0
332 434 0
46 435 0
81 435 0
129 435 0
238 435 0
271 435 0
321 435 1
152 436 0
189 436 0
195 436 0
207 436 0
401 436 0
416 436 0
68 437 0
248 437 0
378 437 0
310 438 0
364 438 0
398 438 0
69 439 1
139 439 0
183 439 1
232 439 0
21 440 1
202 440 0
143 441 0
275 442 0
322 442 1
342 442 0
93 443 0
96 443 0
151 443 0
189 443 0
219 443 0
295 444 1
330 444 1
425 444 1
194 445 1
220 445 0
2 446 0
121 446 0
145 446 0
237 446 0
295 446 0
296 446 0
348 446 0
372 446 0
391 446 0
5 447 0
139 447 0
257 447 1
364 447 0
393 447 1
16 448 0
172 448 0
178 448 0
7 449 0
20 449 0
209 449 0
303 449 0
317 449 2
384 449 0
397 449 0
1 450 0
35 450 0
139 450 0
330 450 0
413 450 0
325 451 0
366 451 0
424 451 0
18 452 0
340 452 0
346 452 1
372 452 0
21 453 0
84 453 0
146 453 0
246 453 0
380 453 0
45 454 0
86 454 0
177 454 0
197 454 1
311 454 0
406 454 0
139 455 0
195 455 0
360 455 0
437 455 0
210 456 0
318 456 0
351 456 0
403 456 0
26 457 0
98 457 0
286 457 0
391 457 0
432 457 0
453 457 0
162 458 0
238 458 0
97 459 1
168 459 0
195 459 0
234 459 1
385 459 0
158 460 0
176 460 0
194 460 0
280 460 0
419 460 0
84 461 0
178 461 0
238 462 0
240 462 1
261 462 1
265 462 0
433 462 1
438 462 0
461 462 0
0 463 0
10 463 0
24 463 0
391 463 0
413 463 1
90 464 0
394 464 0
169 465 0
217 465 0
276 465 0
297 465 0
304 465 0
417 465 0
423 465 2
2 466 0
192 466 0
282 466 1
426 466 0
78 467 0
136 467 0
191 467 0
361 467 0
405 467 0
451 467 0
18 468 0
31 468 2
39 468 0
121 468 0
297 468 2
369 468 0
381 468 1
405 468 0
50 469 0
291 469 1
345 469 1
361 469 0
51 470 0
193 470 0
317 470 0
355 470 0
394 470 0
28 471 0
84 471 0
188 471 1
292 471 0
348 471 0
445 471 1
76 472 0
275 472 0
426 472 0
43 473 0
159 473 0
175 473 0
188 473 0
283 473 0
80 474 0
420 474 0
433 474 0
7 475 0
19 475 0
379 475 1
1 476 0
150 476 0
172 476 0
267 476 0
278 476 1
397 476 0
26 477 0
32 477 0
254 477 1
301 477 0
317 477 1
438 477 0
229 478 0
379 478 0
23 479 0
309 479 0
430 479 1
255 480 1
348 480 0
450 480 1
115 481 0
145 481 0
16 482 1
236 482 0
266 482 0
340 482 0
341 482 0
433 482 0
480 482 0
12 483 0
277 483 0
350 483 0
410 483 0
216 484 1
335 484 0
97 485 0
255 485 0
365 485 1
427 485 0
107 486 0
249 486 0
464 486 0
70 487 0
72 487 0
100 487 0
260 487 0
333 487 1
386 487 0
429 487 0
133 488 0
193 488 0
240 488 1
372 488 0
157 489 1
288 489 0
329 489 1
12 490 0
20 490 0
160 490 0
164 490 0
349 490 0
425 490 0
479 490 1
394 491 0
412 491 0
471 491 0
176 492 0
206 492 0
323 492 0
340 492 0
8 493 0
132 493 0
170 493 0
201 493 1
300 493 1
310 493 0
347 493 1
367 493 1
467 493 0
154 494 0
331 494 0
432 494 1
131 495 0
224 495 0
321 495 0
368 495 1
78 496 1
82 496 0
233 496 0
259 496 0
380 496 0
47 497 0
194 497 0
268 497 0
288 497 0
107 498 0
278 498 0
345 498 0
378 498 0
425 498 0
471 498 0
493 498 0
174 499 0
220 499 0
240 499 0
480 499 0
126 500 0
189 500 0
369 500 0
417 500 0
435 500 0
470 500 0
96 501 1
269 501 0
285 501 0
418 501 0
437 501 2
12 502 0
125 502 1
231 502 0
374 502 1
419 502 0
478 502 0
107 503 0
209 503 0
236 503 0
254 503 0
412 503 0
453 503 0
358 504 0
387 504 0
389 504 0
390 504 1
210 505 0
253 505 0
264 505 0
282 505 0
491 505 0
173 506 0
225 506 0
413 506 0
440 506 1
94 507 0
112 507 0
252 507 0
311 507 1
350 507 0
28 508 0
107 508 0
320 508 1
353 508 1
432 508 1
27 509 0
29 509 0
49 509 1
62 509 0
207 509 2
405 509 1
58 510 0
102 510 0
303 510 0
320 510 0
358 510 0
371 510 0
394 510 0
294 511 1
295 511 1
387 511 1
400 511 0
420 511 0
425 511 1
439 511 0
45 512 0
254 512 0
272 512 0
292 512 1
427 512 0
472 512 1
267 513 0
287 513 0
358 513 0
377 513 0
432 513 1
486 513 0
325 514 0
349 514 0
430 514 3
481 514 2
18 515 0
216 515 0
353 515 1
465 515 0
503 515 1
152 516 0
293 516 0
328 516 0
329 516 0
380 516 0
42 517 0
134 517 1
286 517 0
333 517 0
355 517 0
411 517 0
481 517 0
40 518 0
118 518 0
267 518 0
318 518 1
370 518 0
78 519 0
87 519 0
315 519 0
343 519 0
361 519 0
515 519 0
48 520 0
166 520 1
168 520 0
201 520 0
430 520 1
453 520 0
134 521 0
150 521 0
181 521 0
265 521 0
306 521 0
418 521 0
442 521 0
482 521 0
513 521 0
6 522 0
151 522 1
240 522 0
331 522 0
363 522 1
412 522 0
37 523 0
203 523 0
273 523 0
352 523 0
216 524 0
230 524 1
343 524 0
390 524 0
456 524 1
112 525 0
125 525 1
182 525 0
217 525 0
355 525 0
150 526 0
170 526 1
269 526 1
275 526 0
312 526 0
182 527 0
463 527 0
512 527 1
93 528 0
128 528 1
264 528 0
317 528 1
403 528 0
449 528 1
454 528 0
458 528 0
466 528 1
124 529 0
233 529 0
374 529 1
462 529 0
9 530 0
115 530 0
208 530 0
417 530 0
433 530 1
468 530 0
471 530 0
506 530 1
4 531 0
11 531 1
41 531 0
187 531 0
205 531 0
337 531 0
441 531 3
445 531 1
460 531 0
161 532 0
322 532 0
83 533 1
166 533 0
271 533 0
284 533 0
385 533 1
429 533 0
464 533 1
227 534 0
252 534 0
273 534 0
347 534 0
390 534 0
440 534 0
497 534 1
519 534 0
212 535 0
241 535 0
259 535 1
308 535 0
323 535 1
406 535 1
423 535 1
5 536 0
76 536 1
98 536 1
212 536 0
311 536 1
337 536 0
356 536 0
420 536 0
486 536 1
498 536 0
80 537 0
350 537 0
24 538 0
263 538 0
341 538 0
447 538 0
237 539 0
306 539 0
458 539 0
132 540 0
452 540 1
81 541 0
115 541 0
122 541 0
201 541 0
220 541 2
325 541 0
508 541 2
239 542 0
461 542 0
519 542 0
529 542 0
112 543 0
186 543 0
263 543 0
340 543 0
532 543 1
262 544 1
309 544 0
438 544 1
484 544 0
511 544 0
58 545 0
102 545 0
5 546 1
146 546 0
202 546 0
422 546 0
535 546 1
27 547 0
43 547 1
263 547 0
275 547 0
392 547 0
481 547 1
190 548 0
236 548 0
312 548 0
413 548 0
120 549 0
307 549 1
504 549 0
546 549 1
5 550 0
198 550 0
227 550 0
296 550 0
326 550 0
178 551 0
193 551 0
398 551 0
519 551 0
537 551 0
69 552 0
146 552 1
148 552 0
315 552 0
376 552 1
392 552 0
404 552 1
542 552 0
127 553 0
161 553 0
268 553 0
395 553 0
486 553 1
537 553 0
8 554 0
45 554 0
177 554 0
270 554 1
488 554 1
519 554 0
26 555 0
47 555 0
166 555 0
418 555 0
507 555 0
548 555 0
1 556 0
231 556 1
254 556 0
376 556 0
459 556 1
490 556 0
505 556 1
6 557 0
51 557 0
139 557 0
269 558 1
405 558 0
411 558 0
487 558 0
508 558 1
169 559 1
189 559 0
226 559 1
330 559 0
380 559 1
512 559 1
534 559 0
34 560 0
92 560 0
131 560 0
246 560 2
278 560 0
473 560 1
550 560 0
10 561 0
53 561 0
263 561 0
377 561 0
417 561 1
424 561 0
453 561 0
88 562 0
108 562 0
223 562 0
225 562 0
279 562 0
558 562 0
108 563 0
159 563 0
254 563 0
268 563 0
292 563 0
300 563 0
311 563 0
443 563 0
258 564 0
286 564 0
309 564 2
366 564 0
371 564 0
373 564 0
540 564 0
27 565 0
100 565 0
229 565 0
332 565 0
446 565 0
539 565 1
544 565 0
124 566 0
196 566 0
212 566 0
242 566 1
428 566 0
488 566 1
563 566 0
280 567 0
335 567 0
336 567 0
357 567 0
461 567 1
29 568 0
251 568 0
359 568 0
435 568 0
512 568 0
549 568 0
218 569 0
272 569 0
408 569 0
418 569 0
483 569 1
504 569 1
139 570 0
202 570 1
275 570 1
371 570 0
44 571 1
68 571 0
71 571 1
354 571 0
368 571 0
34 572 0
56 572 0
145 572 0
227 572 0
300 572 1
338 572 2
421 572 2
444 572 0
445 572 0
555 572 0
137 573 0
205 573 0
280 573 0
399 573 1
486 573 0
552 573 0
556 573 0
128 574 0
225 574 0
242 574 0
296 574 0
352 574 0
364 574 0
514 574 0
532 574 0
542 574 1
80 575 0
93 575 1
136 575 0
205 575 0
240 575 0
256 575 0
442 575 0
448 575 1
15 576 0
110 576 3
132 576 1
395 576 0
432 576 0
107 577 0
257 577 0
412 577 0
480 577 0
518 577 0
187 578 0
260 578 0
261 578 1
299 578 0
360 578 1
491 578 0
507 578 0
519 578 0
573 578 0
6 579 0
268 579 0
275 579 0
298 579 1
313 579 1
354 579 1
371 579 0
389 579 1
411 579 0
490 579 0
71 580 1
94 580 0
307 580 0
449 580 0
529 580 0
555 580 0
567 580 0
32 581 0
291 581 0
444 581 0
500 581 0
539 581 0
2 582 0
40 582 1
111 582 1
411 582 0
453 582 0
464 582 0
508 582 0
535 582 0
178 583 0
289 583 0
350 583 1
361 583 0
389 583 0
423 583 0
498 583 0
166 584 0
258 584 0
274 584 0
382 584 0
388 584 0
481 584 0
511 584 0
554 584 0
39 585 0
209 585 0
276 585 0
323 585 0
427 585 0
464 585 0
481 585 0
3 586 0
74 586 0
79 586 0
313 586 0
342 586 0
440 586 0
453 586 0
478 586 0
495 586 0
529 586 0
38 587 0
168 587 0
171 587 0
335 587 0
478 587 1
530 587 0
581 587 0
584 587 0
138 588 0
252 588 0
428 588 0
336 589 0
426 589 0
495 589 0
529 589 0
256 590 0
334 590 1
401 590 0
551 590 1
70 591 1
126 591 0
128 591 0
131 591 1
205 591 0
315 591 0
334 591 0
352 591 0
445 591 0
89 592 0
248 592 0
443 592 0
250 593 0
260 593 0
294 593 0
315 593 0
477 593 0
506 593 0
536 593 0
574 593 0
23 594 0
145 594 1
254 594 0
310 594 0
314 594 0
337 594 0
363 594 0
388 594 0
428 594 0
455 594 0
579 594 0
196 595 0
199 595 0
403 595 0
270 596 0
339 596 2
465 596 0
549 596 0
558 596 0
560 596 0
576 596 0
584 596 0
238 597 0
256 597 0
283 597 0
300 597 1
337 597 0
436 597 0
437 597 0
548 597 0
572 597 1
1 598 0
40 598 0
58 598 0
123 598 1
177 598 0
431 598 1
436 598 0
496 598 0
507 598 0
219 599 0
377 599 0
442 599 0
444 599 0
478 599 0
517 599 0
301 600 1
506 600 1
565 600 0
587 600 0
27 601 0
164 601 0
166 601 0
331 601 0
350 601 1
408 601 0
420 601 0
461 601 0
116 602 0
341 602 0
347 602 0
499 602 0
508 602 1
581 602 2
16 603 0
237 603 0
265 603 1
295 603 1
395 603 0
479 603 1
555 603 0
562 603 0
77 604 0
81 604 0
175 604 0
384 604 1
518 604 0
549 604 0
551 604 0
584 604 0
592 604 0
73 605 0
177 605 0
455 605 0
460 605 0
464 605 2
600 605 0
171 606 1
195 606 1
375 606 0
395 606 0
456 606 0
476 606 0
516 606 0
49 607 0
62 607 0
142 607 0
146 607 1
173 607 0
243 607 0
537 607 1
567 607 0
569 607 0
577 607 0
95 608 0
164 608 0
172 608 0
267 608 1
269 608 1
463 608 0
494 608 0
509 608 0
544 608 0
3 609 0
54 609 0
86 609 0
143 609 0
354 609 0
362 609 0
438 609 0
507 609 0
602 609 1
75 610 0
87 610 0
147 610 1
360 610 0
448 610 1
476 610 0
500 610 0
97 611 0
371 611 0
374 611 1
427 611 0
431 611 0
440 611 1
525 611 0
546 611 1
549 611 1
138 612 0
140 612 1
329 612 0
351 612 0
387 612 0
492 612 1
509 612 0
564 612 0
595 612 1
132 613 0
178 613 0
286 613 2
288 613 0
382 613 1
385 613 0
14 614 0
33 614 0
45 614 0
235 614 0
259 614 1
263 614 0
300 614 0
367 614 1
393 614 0
477 614 1
517 614 0
27 615 1
436 615 0
503 615 0
525 615 0
595 615 0
138 616 0
139 616 0
215 616 0
298 616 0
365 616 0
366 616 1
452 616 0
534 616 0
190 617 0
228 617 0
476 617 0
482 617 1
561 617 0
605 617 2
614 617 0
102 618 0
303 618 0
447 618 0
514 618 1
543 618 0
231 619 0
323 619 0
472 619 0
516 619 1
525 619 0
563 619 0
20 620 0
170 620 0
191 620 0
245 620 0
294 620 1
335 620 1
337 620 1
398 620 0
437 620 0
4 621 1
142 621 0
166 621 1
227 621 0
359 621 1
495 621 0
581 621 1
590 621 1
602 621 1
47 622 0
114 622 1
297 622 0
320 622 0
328 622 0
431 622 0
527 622 0
573 622 0
599 622 2
42 623 1
61 623 0
248 623 0
410 623 1
570 623 0
577 623 1
593 623 0
119 624 0
160 624 1
194 624 1
277 624 0
352 624 0
463 624 0
482 624 0
552 624 0
590 624 0
27 625 0
108 625 0
134 625 1
182 625 1
359 625 0
550 625 3
574 625 1
619 625 0
59 626 0
138 626 1
171 626 0
230 626 0
334 626 1
439 626 0
510 626 1
540 626 1
557 626 0
49 627 1
52 627 0
53 627 0
155 627 0
203 627 0
211 627 1
343 627 0
494 627 0
509 627 1
605 627 0
610 627 0
6 628 0
60 628 0
66 628 0
122 628 0
215 628 0
229 628 1
253 628 1
414 628 0
554 628 0
47 629 0
64 629 0
422 629 0
489 629 1
564 629 0
581 629 2
72 630 0
96 630 0
140 630 0
270 630 0
324 630 0
522 630 1
573 630 1
594 630 0
145 631 0
151 631 0
152 631 0
242 631 0
287 631 1
431 631 0
491 631 1
621 631 0
623 631 1
40 632 0
131 632 0
145 632 0
155 632 0
239 632 0
254 632 1
323 632 1
385 632 0
477 632 2
535 632 1
119 633 0
141 633 0
192 633 1
197 633 0
254 633 0
283 633 1
325 633 1
410 633 0
433 633 2
553 633 0
570 633 0
21 634 1
61 634 0
183 634 0
266 634 0
386 634 1
440 634 1
484 634 1
527 634 0
556 634 0
560 634 0
577 634 0
626 634 0
100 635 1
108 635 1
134 635 0
161 635 0
215 635 0
326 635 1
373 635 0
375 635 0
428 635 0
20 636 0
167 636 0
211 636 0
241 636 0
410 636 1
474 636 0
484 636 0
521 636 0
606 636 0
623 636 1
255 637 0
303 637 0
311 637 0
338 637 0
363 637 0
466 637 1
527 637 0
544 637 1
627 637 0
630 637 1
121 638 0
331 638 0
472 638 0
484 638 0
556 638 1
592 638 2
624 638 1
51 639 0
118 639 0
139 639 0
148 639 0
160 639 1
231 639 0
364 639 0
514 639 0
605 639 0
64 640 0
96 640 0
129 640 0
342 640 0
379 640 1
385 640 0
460 640 0
534 640 0
569 640 0
590 640 0
619 640 0
55 641 0
250 641 0
263 641 0
267 641 1
304 641 0
316 641 0
340 641 0
440 641 0
474 641 0
488 641 0
516 641 1
621 641 0
228 642 0
249 642 0
488 642 1
554 642 1
576 642 1
588 642 2
616 642 0
622 642 0
26 643 0
96 643 0
117 643 0
131 643 0
175 643 0
179 643 0
376 643 0
433 643 0
539 643 0
548 643 0
589 643 2
605 643 2
26 644 0
114 644 0
277 644 0
301 644 0
319 644 0
404 644 0
429 644 0
520 644 0
594 644 0
628 644 0
5 645 1
194 645 1
400 645 0
436 645 0
546 645 2
590 645 0
591 645 0
608 645 1
13 646 0
91 646 0
98 646 0
134 646 0
140 646 0
150 646 0
154 646 0
241 646 1
313 646 0
370 646 0
479 646 0
530 646 0
52 647 0
61 647 1
143 647 0
252 647 0
266 647 1
356 647 0
426 647 0
69 648 1
98 648 0
183 648 0
406 648 0
434 648 0
489 648 1
532 648 1
644 648 1
22 649 1
46 649 0
78 649 0
133 649 1
249 649 0
319 649 0
330 649 0
433 649 0
475 649 1
538 649 1
630 649 0
8 650 0
54 650 1
116 650 0
264 650 1
433 650 1
476 650 0
530 650 1
552 650 0
631 650 0
4 651 0
129 651 0
142 651 0
249 651 0
282 651 0
375 651 0
434 651 1
484 651 1
555 651 1
602 651 1
609 651 1
634 651 1
1 652 1
87 652 1
183 652 1
185 652 1
205 652 1
218 652 0
290 652 1
297 652 1
337 652 0
382 652 0
191 653 0
359 653 1
420 653 0
515 653 0
578 653 0
53 654 0
117 654 1
241 654 0
247 654 0
250 654 0
288 654 0
382 654 1
499 654 0
538 654 0
606 654 0
650 654 0
161 655 0
194 655 0
196 655 0
296 655 0
318 655 0
334 655 0
398 655 0
450 655 1
488 655 0
491 655 2
517 655 0
540 655 0
610 655 1
631 655 1
55 656 0
173 656 0
266 656 2
309 656 1
446 656 0
541 656 0
647 656 1
19 657 0
164 657 0
199 657 0
247 657 1
294 657 0
360 657 0
407 657 0
458 657 0
509 657 0
527 657 0
547 657 0
565 657 0
638 657 1
59 658 0
121 658 0
123 658 0
175 658 0
262 658 0
326 658 0
329 658 0
386 658 2
595 658 0
610 658 0
653 658 0
3 659 0
94 659 0
165 659 0
317 659 1
407 659 0
430 659 2
441 659 0
514 659 1
518 659 0
624 659 0
654 659 0
185 660 0
203 660 0
216 660 0
217 660 0
224 660 0
232 660 0
333 660 1
642 660 0
153 661 0
219 661 0
298 661 0
305 661 0
374 661 0
377 661 0
550 661 1
585 661 0
589 661 1
625 661 1
627 661 0
42 662 1
116 662 1
140 662 1
183 662 1
353 662 0
405 662 0
419 662 0
439 662 1
478 662 1
574 662 0
623 662 1
68 663 0
238 663 0
330 663 1
401 663 1
520 663 0
659 663 0
367 664 0
384 664 0
430 664 0
448 664 1
488 664 0
506 664 0
619 664 1
75 665 0
129 665 0
249 665 0
363 665 1
414 665 0
558 665 0
600 665 1
617 665 0
636 665 0
9 666 0
65 666 0
72 666 0
115 666 1
136 666 0
256 666 0
276 666 0
410 666 0
424 666 0
540 666 0
663 666 0
130 667 0
288 667 0
352 667 0
413 667 0
478 667 2
520 667 1
572 667 1
583 667 1
662 667 1
71 668 1
201 668 0
281 668 1
303 668 0
444 668 0
580 668 1
650 668 0
657 668 0
45 669 1
102 669 0
204 669 0
221 669 0
277 669 1
364 669 0
390 669 1
481 669 0
499 669 0
504 669 1
648 669 0
9 670 0
252 670 0
366 670 0
405 670 0
423 670 0
440 670 2
454 670 0
593 670 1
97 671 0
188 671 0
285 671 0
306 671 2
437 671 0
442 671 0
538 671 2
560 671 1
561 671 0
664 671 0
140 672 0
216 672 0
247 672 0
289 672 1
324 672 0
346 672 1
436 672 0
470 672 1
571 672 1
594 672 0
637 672 0
642 672 0
653 672 0
2 673 0
72 673 1
163 673 0
185 673 0
355 673 0
368 673 0
459 673 0
461 673 0
518 673 1
541 673 0
597 673 0
668 673 0
113 674 0
135 674 0
304 674 0
382 674 0
448 674 0
530 674 0
14 675 1
156 675 0
164 675 0
197 675 0
211 675 0
441 675 1
589 675 1
600 675 1
609 675 0
640 675 0
63 676 0
76 676 1
107 676 0
133 676 0
248 676 0
334 676 0
351 676 0
497 676 1
534 676 1
535 676 1
546 676 1
563 676 0
568 676 0
667 676 0
71 677 0
96 677 0
163 677 0
320 677 0
477 677 2
507 677 0
603 677 0
618 677 0
632 677 1
676 677 0
156 678 0
230 678 0
374 678 0
440 678 0
445 678 1
459 678 1
503 678 0
556 678 1
650 678 0
677 678 1
152 679 0
204 679 1
289 679 0
324 679 0
325 679 0
378 679 1
379 679 1
406 679 1
536 679 0
592 679 1
653 679 0
667 679 0
17 680 1
139 680 0
153 680 0
242 680 1
284 680 0
477 680 0
546 680 1
573 680 1
672 680 0
30 681 1
47 681 0
363 681 0
409 681 0
422 681 0
492 681 0
519 681 0
571 681 1
597 681 0
608 681 2
625 681 1
7 682 0
54 682 0
147 682 0
200 682 0
303 682 0
448 682 0
495 682 0
599 682 1
622 682 1
647 682 1
661 682 0
69 683 0
157 683 1
206 683 0
233 683 0
296 683 0
411 683 0
480 683 1
511 683 0
624 683 0
661 683 0
125 684 2
525 684 1
527 684 0
557 684 1
630 684 1
65 685 0
91 685 0
228 685 1
568 685 0
606 685 0
684 685 2
48 686 0
91 686 0
107 686 0
153 686 0
310 686 0
333 686 1
383 686 0
418 686 1
455 686 0
461 686 0
524 686 0
544 686 0
585 686 0
626 686 0
660 686 1
666 686 0
684 686 0
130 687 1
170 687 0
180 687 1
226 687 2
248 687 0
279 687 0
314 687 1
369 687 0
505 687 0
621 687 0
226 688 0
370 688 0
431 688 0
505 688 0
511 688 0
520 688 0
591 688 0
652 688 0
660 688 0
105 689 0
145 689 0
195 689 0
236 689 0
372 689 0
376 689 0
492 689 0
494 689 0
101 690 0
114 690 0
135 690 1
528 690 1
540 690 1
548 690 0
67 691 0
178 691 0
226 691 0
287 691 0
316 691 1
458 691 0
474 691 1
557 691 0
616 691 1
660 691 0
17 692 0
35 692 1
76 692 0
192 692 0
362 692 0
373 692 0
389 692 1
454 692 0
480 692 0
524 692 0
621 692 0
653 692 1
9 693 0
96 693 1
165 693 0
314 693 0
501 693 1
510 693 0
529 693 0
635 693 0
651 693 0
676 693 0
14 694 0
132 694 1
163 694 0
168 694 0
270 694 0
286 694 0
396 694 0
482 694 0
500 694 0
583 694 0
648 694 0
244 695 0
281 695 1
313 695 0
509 695 1
514 695 1
597 695 0
616 695 1
654 695 0
668 695 2
6 696 0
16 696 0
150 696 0
152 696 0
154 696 1
283 696 0
357 696 2
472 696 0
501 696 0
547 696 1
614 696 0
161 697 1
192 697 1
245 697 0
290 697 1
315 697 0
408 697 0
478 697 0
494 697 1
497 697 0
513 697 0
542 697 0
548 697 0
633 697 1
664 697 1
11 698 1
95 698 0
122 698 0
198 698 1
305 698 0
334 698 1
341 698 2
498 698 2
531 698 1
551 698 0
624 698 0
652 698 1
672 698 0
675 698 0
12 699 0
25 699 0
241 699 0
309 699 2
427 699 0
458 699 1
470 699 0
557 699 0
564 699 1
565 699 0
571 699 0
641 699 0
656 699 2
3 700 0
42 700 0
285 700 0
305 700 0
320 700 0
331 700 0
420 700 0
472 700 0
476 700 0
490 700 0
540 700 0
580 700 0
581 700 0
674 700 0
697 700 0
39 701 1
125 701 1
315 701 1
336 701 1
338 701 2
479 701 1
490 701 1
493 701 2
575 701 1
590 701 1
632 701 1
329 702 0
342 702 0
343 702 1
388 702 0
494 702 0
554 702 1
582 702 0
30 703 0
173 703 0
178 703 0
215 703 0
221 703 0
348 703 0
579 703 0
657 703 1
59 704 0
285 704 0
293 704 0
344 704 1
359 704 0
437 704 0
456 704 1
475 704 0
521 704 0
524 704 1
15 705 0
50 705 0
225 705 1
272 705 0
381 705 0
406 705 1
421 705 0
535 705 1
601 705 0
611 705 1
619 705 0
629 705 0
656 705 0
675 705 0
687 705 0
100 706 2
147 706 0
241 706 1
297 706 0
363 706 0
365 706 0
397 706 0
398 706 0
646 706 1
50 707 0
54 707 0
69 707 1
344 707 0
400 707 0
404 707 0
504 707 0
648 707 3
2 708 0
23 708 0
133 708 1
180 708 0
183 708 0
291 708 0
292 708 0
297 708 0
429 708 0
522 708 0
549 708 0
585 708 0
592 708 1
627 708 0
679 708 3
41 709 0
53 709 0
121 709 1
241 709 0
354 709 0
374 709 1
407 709 2
461 709 0
502 709 1
564 709 0
599 709 0
651 709 0
147 710 0
240 710 1
270 710 1
415 710 0
462 710 2
493 710 1
497 710 1
525 710 1
546 710 0
554 710 1
561 710 0
571 710 0
576 710 0
658 710 0
690 710 1
27 711 0
61 711 1
304 711 0
312 711 2
392 711 2
443 711 0
445 711 0
452 711 0
477 711 0
495 711 0
496 711 1
611 711 1
631 711 0
647 711 1
167 712 0
210 712 0
214 712 0
366 712 1
395 712 1
496 712 0
539 712 0
614 712 0
623 712 0
640 712 0
3 713 1
60 713 0
78 713 1
213 713 1
218 713 1
225 713 1
243 713 0
422 713 0
447 713 0
452 713 0
460 713 1
568 713 0
573 713 0
600 713 0
705 713 1
712 713 0
88 714 1
308 714 0
317 714 0
583 714 2
17 715 0
25 715 0
45 715 1
93 715 0
235 715 0
368 715 0
607 715 0
647 715 0
669 715 1
5 716 0
41 716 0
95 716 0
125 716 0
141 716 0
227 716 1
392 716 1
404 716 0
415 716 1
457 716 0
479 716 1
527 716 0
542 716 1
685 716 0
0 717 0
174 717 0
199 717 1
324 717 0
353 717 0
364 717 1
473 717 1
589 717 1
633 717 0
634 717 0
643 717 1
682 717 0
26 718 0
185 718 0
339 718 1
383 718 0
515 718 1
610 718 0
615 718 0
663 718 1
83 719 0
260 719 0
264 719 0
294 719 0
368 719 0
456 719 0
473 719 0
544 719 0
549 719 0
576 719 0
706 719 1
718 719 0
50 720 0
53 720 0
185 720 0
265 720 0
374 720 0
395 720 0
526 720 2
544 720 0
551 720 0
619 720 0
676 720 0
703 720 1
143 721 0
162 721 0
187 721 0
190 721 0
222 721 1
347 721 1
394 721 1
542 721 0
555 721 0
677 721 1
233 722 0
270 722 0
437 722 1
467 722 0
501 722 2
562 722 0
622 722 1
649 722 1
650 722 0
18 723 0
72 723 0
85 723 0
126 723 0
148 723 1
409 723 0
589 723 2
592 723 1
707 723 0
137 724 2
152 724 0
251 724 0
268 724 0
458 724 0
468 724 0
566 724 0
684 724 0
63 725 0
74 725 0
134 725 0
138 725 1
166 725 0
239 725 1
323 725 0
413 725 1
500 725 1
565 725 0
644 725 2
647 725 0
648 725 2
684 725 0
5 726 0
82 726 0
136 726 1
165 726 1
187 726 0
204 726 0
245 726 0
321 726 0
374 726 0
412 726 0
471 726 0
485 726 0
637 726 0
670 726 0
202 727 0
261 727 0
308 727 0
338 727 0
341 727 2
407 727 0
422 727 1
443 727 0
590 727 0
724 727 1
1 728 0
35 728 1
48 728 0
59 728 0
194 728 1
273 728 0
339 728 0
492 728 0
560 728 1
568 728 0
597 728 0
622 728 0
645 728 1
691 728 0
692 728 1
727 728 1
42 729 0
79 729 0
230 729 1
242 729 1
244 729 0
283 729 1
426 729 0
456 729 0
484 729 0
630 729 1
658 729 0
659 729 1
15 730 1
159 730 1
205 730 0
281 730 0
401 730 0
481 730 0
483 730 1
512 730 0
554 730 0
673 730 0
107 731 1
288 731 0
337 731 0
390 731 1
582 731 1
586 731 0
635 731 0
674 731 0
685 731 1
21 732 1
25 732 0
61 732 0
75 732 1
127 732 0
149 732 1
202 732 0
258 732 0
424 732 0
442 732 0
612 732 0
638 732 1
652 732 0
656 732 0
673 732 0
721 732 0
0 733 0
50 733 0
348 733 0
524 733 0
578 733 1
606 733 1
17 734 1
94 734 0
137 734 0
254 734 0
291 734 1
302 734 0
306 734 0
434 734 0
452 734 0
469 734 1
470 734 0
526 734 1
634 734 0
680 734 1
685 734 0
12 735 0
136 735 0
214 735 0
326 735 2
410 735 0
411 735 0
454 735 0
562 735 0
594 735 1
656 735 1
715 735 1
721 735 0
723 735 0
93 736 0
142 736 0
281 736 0
384 736 0
489 736 0
492 736 0
506 736 1
527 736 0
530 736 1
540 736 0
585 736 0
658 736 0
678 736 0
693 736 0
301 737 0
319 737 1
373 737 0
416 737 0
486 737 0
523 737 0
570 737 1
620 737 0
647 737 0
659 737 0
287 738 1
369 738 0
381 738 2
386 738 0
457 738 1
564 738 0
589 738 0
631 738 1
640 738 0
663 738 1
703 738 0
724 738 0
731 738 0
737 738 0
186 739 0
258 739 0
273 739 1
312 739 0
464 739 1
542 739 0
558 739 1
597 739 0
605 739 1
606 739 0
620 739 0
631 739 1
638 739 1
730 739 0
66 740 0
288 740 0
391 740 0
506 740 0
551 740 2
687 740 0
704 740 0
739 740 1
474 741 0
497 741 0
501 741 1
532 741 2
544 741 0
552 741 0
582 741 0
596 741 0
611 741 0
635 741 0
654 741 0
0 742 0
101 742 0
158 742 1
394 742 0
438 742 0
442 742 1
467 742 0
490 742 0
534 742 0
586 742 0
598 742 0
638 742 0
674 742 0
13 743 0
222 743 0
232 743 0
414 743 0
580 743 0
607 743 1
609 743 0
613 743 0
650 743 0
653 743 1
713 743 1
718 743 1
742 743 0
74 744 0
187 744 1
281 744 0
305 744 0
329 744 1
368 744 0
532 744 0
575 744 1
624 744 0
690 744 0
694 744 0
10 745 0
11 745 0
117 745 0
355 745 1
379 745 0
437 745 1
443 745 0
480 745 0
501 745 2
508 745 2
558 745 2
602 745 1
631 745 1
674 745 0
719 745 0
739 745 2
741 745 1
90 746 0
104 746 0
187 746 0
312 746 0
348 746 0
445 746 1
485 746 0
490 746 0
497 746 0
558 746 2
559 746 0
699 746 0
702 746 1
707 746 1
28 747 0
296 747 0
349 747 0
362 747 0
403 747 0
432 747 1
478 747 0
513 747 2
583 747 1
665 747 1
693 747 1
714 747 1
10 748 1
85 748 1
92 748 1
120 748 0
172 748 0
434 748 1
541 748 0
543 748 0
553 748 0
663 748 0
695 748 1
714 748 1
740 748 0
94 749 0
341 749 2
423 749 0
495 749 0
501 749 0
584 749 0
605 749 1
686 749 0
691 749 1
727 749 3
744 749 0
57 750 0
172 750 0
174 750 0
216 750 1
256 750 0
291 750 1
306 750 0
344 750 1
355 750 0
378 750 0
428 750 0
484 750 1
578 750 2
604 750 0
616 750 0
674 750 0
693 750 0
716 750 0
733 750 1
132 751 0
146 751 2
210 751 0
380 751 0
395 751 0
502 751 0
596 751 0
607 751 2
649 751 0
668 751 1
680 751 2
692 751 0
743 751 1
25 752 0
259 752 0
379 752 1
401 752 0
439 752 0
481 752 0
504 752 0
515 752 0
530 752 0
541 752 1
578 752 0
605 752 1
622 752 0
680 752 0
691 752 0
696 752 0
17 753 0
190 753 0
405 753 1
418 753 0
465 753 0
550 753 0
570 753 1
581 753 2
610 753 1
656 753 1
664 753 1
682 753 0
703 753 1
719 753 0
737 753 1
744 753 0
46 754 0
66 754 1
77 754 1
84 754 0
123 754 0
208 754 1
235 754 0
275 754 0
279 754 0
359 754 2
468 754 0
502 754 0
636 754 0
693 754 0
733 754 3
64 755 0
99 755 0
205 755 0
241 755 0
297 755 0
432 755 0
594 755 0
596 755 0
599 755 0
625 755 1
627 755 0
704 755 0
122 756 1
155 756 0
171 756 0
347 756 0
388 756 0
409 756 0
494 756 0
588 756 1
623 756 0
640 756 0
755 756 0
13 757 0
70 757 0
105 757 1
118 757 0
153 757 0
154 757 0
181 757 0
200 757 0
236 757 0
369 757 0
469 757 0
618 757 0
635 757 0
668 757 1
669 757 0
695 757 1
709 757 1
729 757 0
103 758 0
113 758 0
140 758 2
244 758 0
390 758 0
520 758 1
527 758 1
548 758 0
568 758 0
569 758 1
612 758 1
721 758 1
734 758 1
75 759 0
118 759 1
128 759 0
152 759 0
185 759 0
254 759 0
289 759 0
302 759 1
356 759 0
370 759 0
526 759 0
557 759 0
604 759 0
613 759 0
668 759 0
674 759 0
680 759 0
697 759 1
712 759 1
747 759 0
51 760 1
116 760 0
126 760 1
219 760 1
271 760 0
378 760 0
412 760 0
475 760 2
524 760 1
532 760 1
607 760 0
627 760 0
653 760 0
665 760 1
671 760 0
675 760 0
694 760 0
741 760 1
18 761 0
146 761 0
289 761 1
301 761 0
329 761 1
342 761 0
346 761 1
366 761 0
428 761 0
489 761 2
571 761 1
580 761 0
608 761 0
660 761 0
672 761 3
715 761 2
735 761 1
30 762 0
265 762 0
268 762 0
280 762 0
335 762 0
348 762 0
360 762 0
427 762 0
457 762 1
545 762 0
549 762 0
588 762 1
625 762 1
646 762 1
682 762 0
683 762 0
702 762 1
707 762 0
738 762 1
755 762 2
135 763 0
207 763 1
304 763 0
315 763 0
354 763 1
363 763 2
505 763 1
554 763 0
564 763 2
650 763 1
683 763 0
752 763 1
81 764 1
114 764 0
141 764 0
176 764 0
273 764 0
362 764 0
409 764 0
425 764 0
430 764 0
539 764 0
546 764 0
600 764 0
708 764 1
758 764 1
66 765 0
77 765 1
86 765 0
149 765 1
223 765 0
224 765 0
247 765 0
467 765 0
635 765 0
670 765 0
700 765 1
707 765 1
753 765 2
756 765 1
112 766 0
125 766 1
147 766 0
282 766 0
310 766 0
398 766 0
427 766 1
465 766 0
474 766 0
530 766 0
586 766 0
588 766 2
638 766 0
756 766 1
28 767 0
89 767 1
184 767 1
242 767 0
368 767 0
385 767 0
387 767 0
394 767 1
396 767 0
490 767 1
625 767 0
727 767 0
765 767 0
30 768 0
61 768 0
360 768 0
403 768 0
485 768 1
496 768 0
509 768 0
592 768 2
616 768 0
713 768 0
741 768 1
758 768 1
23 769 0
83 769 0
131 769 1
158 769 0
212 769 2
275 769 0
280 769 0
303 769 0
322 769 0
342 769 0
357 769 1
434 769 2
591 769 2
617 769 0
651 769 1
717 769 0
721 769 2
748 769 1
758 769 2
768 769 1
4 770 0
47 770 0
61 770 0
100 770 0
317 770 1
369 770 1
408 770 0
449 770 1
535 770 0
539 770 1
554 770 0
566 770 0
703 770 1
723 770 0
81 771 0
88 771 0
98 771 0
299 771 0
312 771 2
359 771 1
460 771 1
484 771 0
581 771 1
602 771 1
672 771 0
684 771 0
77 772 1
126 772 1
220 772 0
315 772 0
426 772 0
537 772 0
539 772 1
557 772 0
617 772 1
669 772 0
737 772 1
760 772 2
765 772 1
770 772 1
124 773 0
132 773 1
154 773 1
251 773 0
290 773 1
312 773 0
346 773 0
355 773 0
369 773 2
456 773 0
474 773 0
542 773 1
558 773 0
664 773 0
674 773 2
678 773 0
694 773 1
740 773 0
770 773 1
28 774 0
49 774 0
200 774 0
286 774 0
443 774 0
451 774 1
483 774 0
491 774 1
537 774 0
548 774 1
688 774 2
715 774 1
34 775 0
67 775 1
172 775 0
200 775 0
257 775 2
372 775 0
444 775 1
490 775 0
496 775 0
506 775 0
508 775 1
585 775 1
611 775 1
113 776 0
147 776 1
186 776 0
196 776 0
262 776 0
324 776 0
557 776 1
579 776 0
598 776 0
615 776 1
644 776 1
646 776 0
684 776 1
704 776 2
714 776 1
48 777 0
324 777 0
325 777 0
447 777 1
456 777 0
467 777 0
569 777 0
586 777 0
591 777 1
646 777 0
654 777 1
681 777 2
702 777 1
105 778 0
197 778 0
247 778 1
251 778 0
408 778 1
415 778 0
445 778 1
535 778 0
537 778 0
668 778 0
670 778 1
681 778 0
692 778 0
733 778 0
744 778 0
746 778 1
766 778 0
19 779 0
38 779 0
93 779 0
251 779 0
252 779 0
350 779 0
356 779 0
370 779 0
407 779 1
484 779 0
491 779 2
498 779 0
577 779 0
655 779 1
687 779 0
722 779 2
739 779 0
774 779 1
775 779 0
304 780 0
317 780 0
350 780 1
415 780 0
421 780 0
433 780 0
523 780 1
529 780 0
559 780 0
574 780 0
670 780 0
681 780 1
685 780 0
11 781 0
120 781 2
288 781 0
377 781 0
450 781 0
491 781 0
566 781 0
610 781 0
619 781 0
628 781 0
739 781 0
742 781 0
761 781 1
43 782 1
73 782 1
124 782 1
149 782 2
198 782 2
265 782 0
287 782 0
341 782 1
399 782 0
461 782 0
463 782 0
588 782 0
662 782 0
683 782 1
698 782 2
714 782 1
732 782 1
748 782 1
74 783 0
178 783 1
239 783 0
379 783 3
475 783 2
576 783 0
640 783 2
679 783 3
720 783 0
723 783 0
734 783 1
771 783 2
774 783 0
97 784 1
109 784 1
129 784 0
133 784 1
306 784 1
307 784 0
323 784 0
354 784 0
413 784 3
463 784 1
469 784 0
479 784 1
552 784 0
587 784 0
613 784 1
716 784 1
19 785 0
92 785 0
212 785 1
253 785 0
266 785 0
352 785 1
376 785 0
379 785 1
504 785 0
518 785 0
557 785 0
662 785 0
682 785 0
735 785 0
736 785 0
744 785 0
763 785 0
766 785 1
56 786 0
371 786 0
457 786 0
473 786 0
537 786 1
601 786 0
621 786 0
629 786 0
645 786 0
683 786 0
702 786 0
712 786 0
755 786 0
81 787 0
83 787 1
185 787 0
247 787 0
252 787 0
322 787 1
414 787 0
442 787 1
455 787 0
481 787 0
543 787 1
630 787 0
648 787 3
675 787 1
683 787 0
689 787 1
122 788 0
141 788 0
349 788 0
402 788 0
413 788 3
472 788 2
532 788 0
604 788 0
615 788 0
668 788 1
669 788 1
704 788 0
710 788 0
725 788 1
733 788 1
784 788 1
51 789 0
52 789 0
114 789 0
165 789 0
184 789 1
315 789 0
347 789 1
495 789 1
499 789 1
559 789 0
595 789 1
705 789 0
751 789 0
761 789 0
766 789 0
113 790 0
164 790 1
317 790 2
391 790 0
437 790 0
459 790 0
474 790 0
524 790 0
538 790 1
541 790 1
623 790 0
628 790 0
659 790 1
690 790 0
752 790 2
2 791 0
13 791 1
89 791 0
145 791 2
162 791 0
217 791 1
372 791 1
527 791 0
536 791 1
594 791 1
619 791 0
629 791 1
661 791 2
706 791 0
741 791 0
749 791 0
774 791 2
0 792 1
14 792 0
23 792 1
88 792 0
95 792 0
110 792 0
127 792 0
176 792 0
277 792 1
396 792 0
428 792 1
442 792 0
475 792 0
660 792 0
662 792 0
664 792 0
707 792 0
719 792 1
744 792 0
51 793 0
224 793 0
316 793 0
357 793 0
409 793 0
430 793 1
434 793 0
442 793 1
448 793 0
520 793 1
526 793 1
555 793 0
576 793 0
597 793 1
606 793 0
740 793 0
742 793 1
746 793 1
101 794 0
148 794 1
230 794 3
257 794 1
275 794 0
281 794 0
347 794 0
381 794 0
435 794 0
524 794 2
539 794 0
555 794 0
723 794 1
729 794 1
760 794 1
767 794 0
775 794 2
41 795 1
65 795 0
77 795 1
91 795 0
126 795 0
388 795 0
389 795 0
448 795 1
483 795 2
488 795 0
528 795 1
555 795 0
569 795 1
575 795 1
733 795 1
751 795 1
754 795 3
86 796 1
231 796 0
250 796 1
367 796 1
451 796 0
460 796 0
489 796 0
500 796 0
553 796 1
563 796 1
603 796 0
682 796 0
714 796 0
720 796 1
756 796 0
790 796 0
213 797 1
351 797 0
401 797 0
455 797 0
492 797 0
559 797 1
591 797 0
603 797 0
643 797 0
646 797 0
669 797 1
707 797 0
738 797 0
744 797 2
7 798 0
119 798 0
133 798 1
136 798 0
143 798 0
149 798 0
265 798 1
281 798 1
288 798 1
332 798 0
357 798 1
384 798 0
404 798 1
414 798 0
420 798 1
479 798 1
483 798 0
510 798 0
603 798 2
635 798 0
727 798 0
13 799 0
39 799 0
110 799 0
124 799 0
141 799 0
174 799 0
264 799 1
274 799 1
367 799 0
484 799 0
510 799 0
512 799 1
559 799 1
617 799 1
644 799 0
650 799 1
686 799 0
772 799 2
39 800 2
64 800 1
167 800 0
232 800 0
263 800 0
371 800 1
384 800 0
469 800 0
516 800 0
539 800 2
562 800 0
565 800 1
609 800 1
681 800 2
689 800 0
706 800 0
731 800 0
733 800 1
777 800 3
80 801 0
123 801 0
181 801 0
182 801 0
201 801 0
237 801 0
247 801 0
263 801 0
335 801 1
456 801 0
482 801 0
601 801 2
620 801 2
634 801 0
643 801 0
662 801 0
711 801 0
714 801 0
728 801 0
741 801 0
742 801 0
794 801 0
44 802 1
97 802 0
120 802 1
137 802 0
174 802 0
239 802 0
322 802 0
547 802 1
553 802 1
571 802 1
580 802 0
590 802 0
661 802 1
704 802 1
781 802 1
791 802 1
796 802 1
33 803 1
58 803 0
115 803 1
134 803 0
192 803 0
226 803 0
281 803 0
435 803 0
439 803 0
483 803 0
503 803 0
523 803 1
578 803 0
661 803 0
666 803 2
714 803 2
721 803 1
763 803 0
4 804 2
220 804 1
535 804 0
560 804 0
577 804 2
669 804 1
684 804 0
688 804 2
740 804 2
783 804 0
797 804 2
798 804 0
119 805 0
185 805 0
243 805 0
377 805 0
450 805 1
534 805 0
582 805 1
595 805 2
670 805 0
693 805 1
709 805 2
724 805 1
756 805 0
757 805 1
770 805 0
789 805 1
53 806 0
58 806 0
114 806 1
190 806 0
351 806 0
418 806 0
453 806 0
469 806 0
491 806 0
506 806 0
550 806 0
622 806 1
704 806 0
713 806 0
715 806 0
763 806 1
796 806 0
804 806 3
40 807 1
43 807 0
65 807 0
217 807 1
243 807 0
267 807 2
372 807 0
484 807 0
533 807 1
545 807 1
582 807 1
600 807 1
608 807 2
613 807 0
641 807 1
682 807 0
736 807 1
737 807 0
773 807 1
31 808 0
221 808 0
277 808 1
333 808 0
351 808 1
361 808 0
370 808 0
523 808 2
580 808 0
597 808 0
622 808 0
666 808 1
667 808 0
678 808 1
684 808 1
685 808 1
740 808 0
751 808 1
792 808 1
795 808 1
803 808 2
87 809 0
98 809 0
100 809 1
103 809 1
160 809 0
197 809 0
254 809 0
284 809 0
319 809 0
419 809 0
434 809 1
436 809 0
702 809 2
706 809 1
767 809 0
799 809 0
41 810 0
66 810 1
74 810 0
132 810 0
143 810 0
264 810 1
289 810 0
313 810 1
367 810 0
377 810 0
389 810 0
402 810 1
410 810 0
430 810 0
466 810 0
494 810 0
500 810 0
588 810 0
604 810 1
708 810 0
748 810 0
754 810 1
780 810 2
22 811 0
29 811 0
77 811 0
269 811 1
283 811 0
299 811 0
375 811 2
397 811 0
538 811 1
545 811 0
565 811 0
627 811 0
718 811 0
751 811 0
37 812 2
204 812 0
236 812 0
265 812 0
276 812 1
285 812 2
404 812 1
507 812 0
533 812 0
693 812 1
776 812 1
786 812 0
799 812 0
803 812 1
811 812 1
157 813 0
249 813 0
259 813 0
331 813 1
340 813 0
362 813 0
386 813 3
537 813 2
548 813 0
631 813 0
694 813 1
698 813 0
786 813 1
29 814 1
134 814 1
369 814 1
388 814 1
391 814 0
425 814 1
453 814 0
458 814 0
542 814 2
625 814 1
722 814 4
773 814 3
779 814 2
780 814 1
810 814 2
34 815 0
68 815 0
187 815 1
261 815 0
267 815 0
318 815 0
389 815 3
579 815 2
592 815 0
602 815 1
617 815 0
667 815 0
692 815 1
724 815 1
737 815 1
744 815 3
747 815 0
797 815 2
3 816 1
63 816 0
274 816 2
365 816 1
447 816 0
467 816 0
488 816 1
531 816 0
619 816 0
662 816 0
673 816 0
677 816 0
680 816 2
723 816 2
733 816 0
747 816 0
751 816 2
772 816 1
55 817 0
56 817 0
125 817 3
144 817 0
357 817 2
420 817 1
442 817 0
445 817 1
562 817 0
664 817 0
672 817 0
684 817 1
696 817 2
731 817 1
755 817 0
764 817 1
765 817 0
784 817 1
798 817 2
79 818 1
89 818 0
101 818 0
213 818 2
351 818 0
373 818 0
377 818 0
396 818 0
424 818 0
425 818 0
472 818 0
542 818 2
574 818 1
630 818 2
637 818 1
663 818 0
749 818 1
752 818 0
775 818 0
803 818 1
112 819 0
219 819 0
241 819 0
273 819 0
331 819 0
358 819 0
371 819 0
376 819 0
415 819 0
419 819 1
426 819 0
429 819 0
438 819 0
464 819 2
555 819 1
605 819 1
615 819 0
616 819 0
146 820 1
152 820 0
224 820 0
227 820 1
369 820 0
387 820 0
487 820 0
529 820 0
531 820 0
533 820 1
552 820 1
553 820 0
561 820 0
587 820 0
695 820 0
699 820 0
716 820 1
740 820 0
772 820 0
805 820 0
807 820 2
49 821 0
102 821 0
159 821 0
160 821 1
196 821 2
255 821 0
271 821 0
361 821 0
365 821 0
451 821 0
516 821 0
624 821 1
657 821 1
666 821 0
671 821 0
748 821 0
757 821 0
761 821 1
763 821 1
806 821 2
10 822 0
245 822 0
355 822 0
421 822 0
427 822 0
449 822 0
526 822 0
532 822 0
568 822 0
642 822 1
645 822 0
647 822 1
682 822 1
712 822 1
714 822 0
719 822 0
722 822 2
779 822 2
802 822 0
814 822 2
819 822 0
62 823 0
75 823 1
271 823 0
333 823 0
338 823 2
418 823 1
424 823 0
432 823 1
549 823 0
639 823 1
663 823 1
664 823 0
690 823 2
701 823 1
703 823 1
715 823 1
743 823 0
781 823 0
793 823 0
795 823 1
803 823 0
13 824 0
85 824 0
123 824 0
161 824 0
217 824 0
243 824 2
279 824 0
287 824 1
383 824 0
384 824 0
408 824 0
427 824 0
441 824 0
537 824 1
768 824 1
797 824 1
813 824 1
815 824 1
54 825 0
57 825 0
274 825 3
278 825 0
284 825 0
302 825 0
436 825 0
461 825 0
464 825 0
487 825 1
586 825 0
691 825 1
693 825 0
719 825 0
720 825 0
751 825 1
755 825 0
765 825 0
784 825 1
797 825 1
44 826 0
57 826 2
90 826 1
128 826 1
167 826 0
215 826 0
359 826 1
398 826 0
469 826 0
528 826 2
539 826 0
563 826 0
609 826 0
638 826 1
639 826 0
653 826 2
661 826 0
690 826 1
732 826 1
786 826 1
21 827 1
76 827 1
170 827 1
245 827 0
285 827 1
330 827 0
415 827 2
491 827 1
494 827 0
563 827 0
569 827 1
643 827 0
675 827 0
711 827 0
734 827 0
748 827 1
761 827 0
793 827 0
812 827 1
71 828 0
184 828 1
222 828 0
229 828 0
287 828 1
343 828 0
379 828 2
434 828 0
441 828 0
463 828 0
496 828 0
522 828 0
538 828 3
560 828 1
584 828 0
629 828 1
671 828 3
726 828 1
752 828 1
767 828 1
785 828 1
811 828 1
814 828 0
110 829 1
129 829 0
299 829 0
308 829 0
450 829 0
455 829 0
486 829 0
497 829 1
543 829 0
612 829 0
634 829 0
639 829 1
677 829 0
702 829 0
718 829 1
743 829 1
778 829 0
782 829 1
69 830 0
110 830 1
151 830 1
204 830 0
295 830 1
299 830 0
339 830 0
363 830 0
385 830 1
417 830 1
436 830 0
472 830 1
618 830 1
670 830 2
695 830 0
715 830 0
740 830 1
779 830 0
788 830 2
798 830 0
824 830 0
18 831 1
72 831 1
112 831 0
182 831 0
232 831 1
313 831 0
322 831 1
362 831 0
393 831 1
416 831 1
417 831 0
447 831 1
451 831 1
534 831 0
535 831 0
536 831 0
562 831 0
673 831 1
712 831 1
755 831 0
793 831 0
809 831 0
33 832 0
47 832 0
219 832 1
226 832 2
250 832 2
272 832 0
327 832 0
341 832 0
345 832 0
360 832 0
373 832 0
434 832 0
595 832 1
652 832 1
674 832 0
677 832 0
687 832 1
796 832 1
12 833 1
50 833 0
55 833 1
151 833 1
173 833 0
190 833 0
226 833 1
250 833 1
261 833 0
384 833 0
406 833 0
528 833 0
554 833 0
557 833 2
574 833 0
689 833 0
741 833 1
781 833 1
783 833 1
809 833 2
832 833 3
1 834 0
7 834 0
58 834 0
95 834 0
262 834 1
306 834 0
316 834 0
422 834 0
479 834 0
502 834 0
570 834 1
685 834 0
696 834 1
743 834 0
748 834 1
756 834 1
802 834 1
11 835 1
49 835 0
106 835 0
118 835 0
119 835 0
147 835 1
182 835 1
189 835 0
215 835 0
245 835 0
271 835 0
316 835 1
587 835 0
602 835 0
610 835 1
625 835 1
684 835 0
691 835 1
701 835 0
719 835 0
733 835 1
740 835 0
754 835 1
789 835 0
829 835 0
111 836 2
257 836 1
279 836 0
288 836 1
375 836 0
439 836 0
474 836 1
491 836 0
582 836 2
656 836 1
671 836 1
696 836 0
797 836 3
798 836 1
800 836 1
805 836 2
819 836 1
148 837 0
169 837 1
198 837 0
289 837 0
311 837 0
313 837 0
379 837 0
388 837 0
434 837 1
559 837 1
575 837 3
577 837 2
629 837 1
731 837 2
733 837 0
827 837 1
836 837 0
49 838 1
60 838 0
84 838 1
163 838 2
299 838 1
317 838 1
349 838 0
380 838 0
389 838 0
393 838 1
438 838 0
527 838 0
623 838 0
647 838 0
679 838 1
735 838 0
56 839 0
105 839 1
142 839 0
199 839 0
299 839 0
327 839 0
371 839 0
384 839 0
401 839 0
421 839 0
495 839 0
507 839 0
519 839 1
539 839 0
699 839 0
700 839 0
735 839 0
755 839 0
757 839 2
796 839 0
808 839 0
336 840 1
358 840 1
373 840 1
376 840 0
466 840 0
481 840 0
493 840 1
537 840 2
575 840 2
607 840 1
618 840 1
620 840 1
642 840 1
695 840 0
701 840 3
738 840 0
749 840 0
755 840 0
767 840 0
837 840 1
16 841 0
20 841 0
32 841 0
170 841 1
255 841 0
292 841 1
303 841 1
307 841 0
377 841 2
393 841 0
402 841 1
428 841 0
450 841 0
498 841 1
512 841 1
546 841 1
657 841 1
689 841 0
703 841 1
759 841 0
780 841 0
827 841 2
167 842 0
214 842 1
331 842 0
388 842 2
402 842 0
419 842 0
447 842 0
486 842 1
542 842 1
661 842 1
694 842 1
722 842 1
728 842 1
789 842 0
791 842 1
814 842 4
101 843 1
139 843 0
162 843 0
220 843 3
256 843 0
280 843 0
287 843 1
301 843 0
326 843 0
337 843 0
363 843 0
376 843 1
462 843 0
483 843 0
492 843 0
541 843 1
563 843 0
692 843 0
700 843 0
822 843 0
824 843 1
825 843 0
829 843 1
32 844 0
67 844 1
91 844 0
111 844 0
123 844 1
141 844 0
223 844 1
314 844 0
441 844 0
444 844 0
470 844 0
486 844 1
501 844 0
553 844 2
577 844 0
587 844 0
595 844 1
629 844 1
648 844 0
682 844 0
709 844 1
724 844 0
812 844 0
46 845 1
52 845 1
352 845 0
402 845 0
408 845 0
548 845 0
551 845 2
612 845 1
616 845 1
644 845 0
686 845 0
691 845 1
706 845 0
721 845 1
739 845 1
740 845 3
803 845 2
812 845 2
21 846 2
66 846 0
136 846 2
173 846 1
272 846 1
309 846 1
319 846 1
352 846 0
383 846 0
395 846 0
449 846 0
504 846 1
513 846 1
532 846 0
602 846 1
617 846 0
726 846 3
733 846 1
737 846 1
801 846 1
828 846 1
93 847 0
99 847 0
135 847 0
149 847 0
174 847 1
228 847 2
282 847 0
301 847 1
426 847 0
447 847 0
486 847 0
511 847 1
577 847 2
595 847 2
600 847 2
665 847 2
685 847 1
747 847 1
827 847 1
837 847 2
845 847 2
31 848 0
73 848 0
124 848 0
150 848 0
278 848 0
350 848 1
410 848 0
422 848 0
500 848 1
513 848 0
518 848 0
549 848 0
551 848 1
598 848 0
632 848 1
695 848 0
701 848 1
725 848 1
728 848 0
767 848 0
780 848 1
813 848 1
33 849 1
55 849 0
113 849 0
259 849 0
298 849 2
377 849 0
409 849 1
447 849 1
507 849 0
704 849 2
712 849 0
744 849 1
771 849 1
772 849 0
777 849 2
784 849 0
802 849 2
811 849 0
834 849 2
59 850 0
68 850 0
83 850 2
246 850 2
264 850 0
298 850 1
378 850 1
385 850 2
405 850 1
424 850 1
433 850 1
480 850 0
533 850 2
560 850 1
568 850 0
588 850 1
593 850 0
633 850 1
688 850 1
753 850 1
776 850 1
787 850 1
836 850 0
849 850 2
44 851 0
63 851 0
248 851 0
323 851 0
324 851 1
354 851 0
490 851 1
506 851 0
531 851 1
543 851 0
643 851 0
718 851 0
724 851 0
767 851 1
768 851 0
793 851 0
796 851 1
821 851 1
842 851 0
850 851 0
25 852 0
41 852 1
55 852 2
180 852 0
184 852 1
421 852 0
502 852 1
526 852 1
601 852 0
642 852 0
673 852 1
678 852 1
729 852 1
762 852 0
777 852 2
799 852 0
804 852 0
46 853 0
70 853 0
114 853 0
120 853 0
124 853 0
171 853 0
234 853 0
304 853 0
376 853 1
409 853 1
443 853 0
505 853 0
585 853 1
628 853 0
676 853 0
766 853 0
775 853 1
800 853 0
828 853 0
838 853 3
843 853 1
849 853 2
37 854 1
63 854 0
170 854 0
245 854 0
338 854 0
366 854 2
408 854 1
444 854 0
516 854 1
550 854 0
585 854 2
607 854 0
663 854 2
692 854 0
694 854 0
698 854 0
702 854 0
710 854 0
767 854 0
795 854 0
812 854 2
57 855 1
97 855 0
115 855 1
120 855 1
162 855 1
237 855 0
308 855 0
368 855 2
430 855 0
548 855 1
572 855 1
577 855 2
623 855 1
653 855 1
667 855 2
770 855 0
781 855 1
804 855 2
817 855 1
826 855 3
841 855 1
96 856 0
226 856 0
233 856 0
287 856 0
294 856 1
307 856 0
308 856 0
387 856 1
416 856 0
476 856 0
511 856 2
520 856 1
522 856 0
545 856 1
607 856 0
629 856 0
647 856 1
670 856 1
807 856 2
205 857 0
211 857 0
227 857 0
317 857 1
403 857 1
439 857 1
477 857 2
484 857 1
503 857 0
504 857 1
510 857 1
522 857 0
583 857 1
642 857 0
647 857 0
653 857 1
654 857 1
667 857 1
677 857 1
731 857 2
772 857 0
130 858 0
161 858 1
211 858 0
239 858 1
300 858 0
315 858 1
334 858 1
358 858 0
386 858 0
416 858 2
451 858 2
499 858 0
565 858 1
626 858 3
628 858 1
701 858 2
754 858 1
774 858 1
820 858 1
831 858 3
837 858 1
849 858 0
57 859 1
70 859 1
120 859 0
140 859 1
226 859 1
328 859 1
392 859 2
463 859 2
496 859 2
559 859 1
595 859 1
655 859 1
662 859 1
692 859 0
711 859 2
737 859 2
772 859 2
814 859 1
826 859 1
829 859 1
30 860 0
44 860 1
103 860 2
111 860 1
336 860 0
349 860 1
382 860 0
390 860 1
392 860 1
423 860 0
475 860 1
491 860 0
526 860 2
595 860 1
610 860 0
649 860 1
663 860 1
679 860 0
691 860 1
727 860 0
734 860 1
809 860 3
823 860 2
852 860 2
36 861 1
40 861 1
130 861 2
358 861 0
370 861 1
377 861 0
433 861 0
467 861 0
478 861 0
520 861 1
570 861 0
607 861 0
617 861 0
645 861 1
658 861 1
669 861 0
693 861 1
694 861 0
702 861 2
706 861 1
714 861 1
746 861 1
758 861 2
776 861 1
78 862 1
186 862 0
280 862 0
307 862 0
354 862 0
400 862 0
411 862 0
483 862 0
489 862 0
496 862 2
541 862 0
561 862 1
589 862 2
591 862 0
653 862 0
731 862 0
733 862 1
771 862 1
788 862 3
831 862 0
34 863 1
38 863 0
112 863 0
160 863 1
225 863 0
293 863 1
352 863 0
365 863 0
496 863 1
497 863 1
505 863 1
527 863 0
538 863 1
556 863 2
584 863 0
649 863 1
660 863 0
789 863 2
837 863 2
850 863 2
859 863 2
4 864 1
39 864 1
95 864 0
170 864 1
212 864 2
260 864 0
269 864 2
357 864 2
368 864 2
381 864 0
431 864 0
448 864 0
495 864 1
526 864 3
618 864 1
663 864 1
769 864 2
804 864 4
806 864 1
832 864 0
836 864 0
855 864 2
115 865 1
194 865 0
243 865 0
265 865 0
317 865 1
429 865 0
446 865 0
473 865 2
485 865 1
494 865 0
500 865 0
518 865 1
545 865 1
548 865 1
612 865 0
615 865 1
665 865 0
667 865 1
673 865 1
680 865 1
737 865 0
742 865 0
790 865 2
802 865 1
809 865 0
826 865 1
855 865 5
7 866 0
88 866 0
173 866 2
181 866 0
187 866 0
208 866 0
298 866 0
392 866 1
414 866 0
471 866 1
516 866 0
567 866 0
611 866 1
689 866 0
692 866 0
710 866 0
711 866 2
720 866 0
770 866 0
785 866 1
824 866 1
858 866 1
67 867 1
106 867 1
292 867 0
316 867 1
382 867 0
515 867 1
525 867 0
545 867 0
556 867 1
623 867 0
640 867 0
707 867 1
709 867 0
735 867 0
768 867 0
772 867 0
775 867 2
808 867 1
842 867 1
863 867 1
160 868 0
235 868 0
328 868 2
396 868 1
451 868 0
475 868 0
487 868 2
551 868 0
595 868 3
618 868 0
637 868 0
674 868 1
721 868 0
736 868 1
763 868 0
766 868 0
816 868 2
825 868 3
836 868 0
847 868 3
855 868 1
859 868 3
55 869 1
89 869 0
238 869 0
307 869 0
325 869 0
365 869 1
455 869 1
485 869 2
545 869 1
572 869 0
588 869 2
629 869 1
637 869 0
738 869 1
748 869 2
774 869 0
827 869 1
834 869 1
852 869 1
857 869 1
866 869 1
6 870 0
15 870 1
100 870 0
143 870 1
267 870 1
359 870 2
367 870 1
397 870 0
406 870 0
440 870 0
464 870 1
474 870 1
475 870 1
533 870 1
666 870 1
694 870 1
730 870 2
754 870 4
771 870 2
783 870 2
795 870 1
813 870 1
840 870 1
858 870 2
12 871 0
64 871 0
68 871 1
86 871 0
230 871 1
239 871 1
272 871 0
278 871 0
294 871 0
312 871 1
414 871 2
446 871 0
455 871 1
538 871 2
572 871 0
691 871 1
701 871 0
725 871 1
764 871 1
771 871 1
810 871 0
828 871 1
842 871 2
30 872 1
75 872 1
184 872 0
209 872 0
278 872 0
296 872 0
334 872 0
354 872 0
364 872 2
411 872 0
475 872 0
489 872 1
543 872 0
549 872 0
694 872 0
730 872 0
732 872 1
749 872 1
758 872 3
790 872 0
808 872 1
812 872 1
853 872 2
36 873 1
39 873 1
90 873 1
102 873 0
109 873 0
180 873 0
225 873 0
275 873 1
327 873 1
361 873 1
398 873 0
403 873 0
408 873 0
475 873 0
543 873 1
570 873 1
588 873 0
611 873 0
724 873 0
729 873 0
807 873 0
813 873 0
819 873 1
859 873 0
36 874 0
59 874 0
69 874 0
146 874 0
183 874 0
239 874 0
355 874 1
393 874 2
394 874 0
459 874 0
518 874 1
523 874 0
550 874 0
576 874 0
589 874 1
600 874 0
666 874 0
684 874 0
688 874 1
706 874 1
722 874 0
745 874 1
774 874 1
838 874 3
839 874 0
853 874 1
35 875 0
82 875 0
112 875 0
138 875 1
151 875 0
269 875 2
393 875 0
425 875 0
442 875 0
453 875 0
529 875 0
558 875 2
567 875 0
636 875 2
646 875 1
655 875 0
746 875 2
756 875 0
762 875 1
774 875 1
794 875 0
799 875 0
813 875 2
856 875 1
0 876 1
86 876 0
159 876 0
240 876 1
383 876 0
384 876 0
433 876 0
518 876 0
598 876 0
603 876 0
615 876 1
671 876 1
684 876 0
690 876 2
708 876 1
716 876 1
748 876 0
758 876 0
767 876 1
805 876 1
823 876 2
836 876 2
844 876 0
108 877 0
113 877 0
121 877 0
144 877 0
194 877 1
232 877 1
314 877 1
325 877 0
432 877 0
445 877 1
533 877 0
547 877 1
570 877 0
584 877 0
589 877 2
643 877 1
690 877 3
712 877 3
759 877 2
852 877 0
862 877 1
60 878 0
135 878 0
152 878 0
158 878 0
173 878 1
243 878 2
339 878 1
362 878 1
429 878 2
454 878 1
459 878 0
554 878 0
599 878 1
602 878 1
615 878 0
620 878 1
667 878 0
717 878 2
723 878 1
824 878 3
846 878 3
15 879 1
17 879 0
23 879 0
102 879 1
111 879 0
166 879 0
188 879 0
201 879 0
339 879 0
354 879 1
379 879 0
382 879 0
401 879 1
502 879 1
513 879 0
540 879 1
553 879 1
579 879 2
707 879 0
733 879 1
800 879 1
852 879 2
864 879 2
0 880 1
136 880 1
180 880 4
202 880 1
244 880 0
347 880 2
355 880 1
372 880 0
393 880 0
418 880 1
432 880 2
489 880 0
494 880 1
498 880 0
548 880 1
593 880 0
675 880 0
687 880 2
688 880 3
715 880 2
770 880 1
774 880 4
789 880 1
792 880 1
817 880 0
823 880 3
839 880 0
77 881 0
81 881 2
301 881 0
322 881 1
401 881 0
410 881 0
417 881 0
493 881 0
503 881 0
562 881 0
564 881 2
573 881 2
593 881 2
598 881 0
602 881 1
608 881 1
645 881 2
670 881 1
685 881 0
763 881 1
764 881 3
790 881 0
815 881 1
851 881 1
875 881 1
44 882 0
49 882 1
84 882 1
184 882 1
218 882 1
231 882 0
279 882 0
309 882 0
334 882 0
341 882 1
451 882 1
517 882 0
600 882 0
618 882 0
689 882 1
724 882 2
727 882 3
728 882 3
742 882 1
811 882 0
815 882 3
838 882 3
842 882 3
876 882 0
0 883 0
10 883 0
94 883 0
127 883 0
170 883 0
192 883 0
207 883 1
276 883 0
345 883 1
363 883 3
422 883 2
522 883 3
568 883 0
584 883 1
665 883 1
674 883 2
707 883 0
727 883 1
757 883 0
763 883 2
773 883 2
780 883 1
820 883 0
845 883 0
870 883 2
21 884 1
179 884 0
181 884 0
188 884 0
229 884 0
275 884 0
330 884 0
377 884 1
408 884 1
476 884 0
510 884 0
571 884 2
592 884 2
638 884 1
656 884 0
706 884 2
726 884 2
765 884 0
778 884 1
783 884 1
790 884 0
811 884 0
832 884 0
841 884 1
846 884 2
871 884 0
874 884 1
111 885 3
142 885 1
151 885 0
184 885 2
199 885 1
302 885 1
344 885 1
368 885 0
411 885 0
413 885 1
452 885 0
472 885 0
499 885 1
508 885 2
588 885 1
717 885 1
749 885 2
775 885 2
789 885 3
792 885 0
797 885 3
836 885 4
860 885 1
866 885 0
882 885 2
4 886 0
45 886 1
73 886 0
96 886 0
104 886 0
179 886 0
193 886 0
299 886 1
321 886 1
328 886 0
428 886 0
475 886 2
540 886 0
562 886 0
579 886 1
595 886 0
663 886 1
679 886 0
723 886 0
729 886 1
734 886 1
738 886 1
760 886 1
778 886 0
815 886 1
272 887 0
333 887 0
344 887 1
378 887 0
417 887 0
493 887 1
501 887 0
522 887 2
525 887 2
534 887 0
540 887 2
544 887 0
575 887 0
630 887 1
678 887 1
699 887 0
704 887 1
706 887 1
710 887 2
781 887 1
786 887 1
803 887 0
804 887 1
879 887 2
151 888 0
173 888 0
283 888 1
292 888 0
300 888 0
309 888 1
410 888 0
451 888 1
474 888 1
509 888 2
527 888 1
552 888 0
565 888 0
665 888 0
695 888 1
722 888 1
729 888 1
734 888 1
758 888 4
764 888 1
802 888 0
828 888 0
872 888 1
877 888 0
65 889 0
264 889 0
272 889 0
291 889 1
332 889 0
341 889 0
375 889 0
412 889 0
427 889 0
456 889 0
496 889 0
509 889 1
525 889 0
540 889 0
580 889 1
596 889 0
599 889 1
622 889 1
717 889 1
746 889 0
757 889 1
788 889 1
797 889 1
825 889 1
839 889 3
888 889 1
98 890 0
116 890 1
122 890 0
179 890 1
196 890 1
206 890 0
257 890 0
293 890 0
320 890 2
333 890 1
398 890 1
400 890 0
428 890 1
583 890 0
589 890 2
636 890 0
661 890 1
670 890 0
688 890 0
723 890 1
730 890 0
736 890 1
755 890 1
762 890 1
792 890 1
807 890 1
821 890 2
865 890 0
13 891 2
137 891 1
163 891 1
176 891 0
208 891 0
216 891 1
273 891 0
284 891 2
355 891 0
438 891 0
505 891 0
522 891 1
553 891 0
599 891 1
639 891 0
644 891 1
703 891 1
725 891 1
767 891 0
791 891 2
814 891 1
859 891 1
867 891 1
887 891 1
55 892 2
126 892 0
130 892 0
149 892 0
156 892 1
159 892 0
272 892 1
278 892 0
383 892 0
413 892 1
435 892 1
439 892 1
505 892 0
515 892 0
537 892 0
557 892 1
606 892 0
609 892 0
622 892 1
631 892 0
673 892 1
721 892 1
722 892 1
741 892 1
820 892 0
833 892 3
852 892 2
885 892 2
890 892 0
115 893 0
153 893 0
156 893 0
188 893 1
208 893 0
286 893 0
295 893 1
336 893 1
352 893 0
445 893 1
461 893 0
471 893 2
540 893 1
543 893 1
587 893 2
626 893 1
664 893 0
665 893 1
668 893 0
703 893 0
722 893 0
742 893 0
752 893 0
780 893 1
787 893 2
791 893 0
832 893 0
854 893 0
22 894 1
253 894 0
307 894 0
308 894 1
421 894 1
452 894 0
533 894 0
553 894 0
590 894 1
629 894 1
661 894 0
688 894 3
696 894 0
712 894 0
739 894 0
761 894 1
804 894 1
815 894 2
818 894 0
821 894 1
838 894 2
876 894 1
880 894 2
888 894 1
52 895 1
153 895 0
163 895 2
207 895 0
232 895 1
269 895 0
318 895 1
414 895 0
416 895 1
446 895 0
473 895 0
478 895 0
503 895 0
518 895 2
537 895 0
545 895 0
567 895 3
574 895 1
581 895 0
625 895 1
634 895 0
720 895 0
838 895 3
842 895 1
843 895 0
845 895 3
852 895 0
874 895 2
882 895 2
20 896 0
172 896 1
181 896 0
207 896 0
208 896 0
210 896 1
253 896 0
264 896 0
339 896 1
387 896 0
557 896 0
562 896 1
569 896 1
678 896 1
718 896 1
729 896 2
731 896 1
741 896 0
789 896 1
832 896 0
852 896 2
863 896 1
22 897 1
71 897 2
248 897 0
278 897 0
310 897 1
316 897 1
356 897 0
415 897 2
458 897 1
487 897 0
567 897 1
571 897 1
590 897 1
601 897 1
610 897 1
635 897 0
653 897 2
655 897 1
656 897 0
690 897 2
692 897 1
769 897 0
827 897 1
829 897 0
857 897 2
867 897 1
877 897 2
894 897 2
29 898 0
120 898 0
200 898 0
203 898 0
251 898 0
310 898 0
312 898 1
327 898 1
349 898 0
352 898 1
450 898 0
570 898 2
578 898 2
615 898 0
703 898 1
711 898 1
720 898 1
742 898 1
750 898 1
785 898 1
815 898 1
842 898 1
843 898 0
849 898 0
869 898 1
882 898 4
887 898 0
16 899 1
48 899 1
50 899 0
55 899 0
104 899 0
195 899 0
197 899 0
267 899 0
324 899 1
353 899 0
429 899 2
462 899 0
482 899 2
558 899 0
582 899 0
605 899 1
617 899 2
677 899 0
688 899 3
726 899 1
736 899 0
754 899 0
770 899 1
802 899 0
804 899 2
850 899 1
873 899 2
878 899 2
880 899 2
884 899 1
24 900 1
138 900 1
153 900 0
201 900 0
261 900 0
274 900 2
326 900 3
391 900 0
475 900 1
479 900 0
488 900 1
511 900 0
542 900 2
610 900 0
628 900 1
665 900 2
725 900 1
726 900 1
735 900 2
751 900 2
760 900 2
766 900 0
816 900 3
818 900 1
821 900 0
822 900 1
825 900 3
858 900 2
869 900 2
7 901 0
32 901 0
128 901 2
142 901 1
165 901 0
168 901 0
203 901 0
262 901 2
278 901 1
364 901 0
381 901 0
476 901 2
480 901 0
485 901 0
501 901 0
584 901 0
656 901 2
657 901 1
748 901 0
753 901 2
764 901 1
809 901 0
811 901 0
829 901 0
857 901 0
881 901 1
62 902 0
157 902 1
246 902 2
248 902 0
268 902 0
372 902 0
393 902 0
413 902 0
431 902 0
432 902 0
468 902 0
489 902 3
492 902 0
596 902 0
616 902 1
648 902 1
695 902 2
699 902 0
723 902 4
738 902 0
748 902 1
756 902 0
776 902 2
816 902 1
849 902 2
850 902 4
853 902 3
856 902 1
863 902 1
871 902 0
872 902 3
878 902 1
99 903 0
100 903 0
173 903 1
224 903 0
328 903 0
407 903 0
419 903 1
431 903 1
519 903 1
591 903 1
627 903 0
653 903 0
730 903 1
745 903 1
749 903 2
777 903 4
783 903 1
789 903 0
790 903 1
824 903 1
839 903 2
849 903 3
866 903 2
871 903 1
877 903 1
889 903 1
891 903 2
179 904 0
186 904 1
219 904 1
266 904 0
346 904 1
358 904 1
368 904 0
399 904 0
438 904 0
449 904 0
480 904 1
570 904 0
653 904 1
665 904 1
671 904 0
684 904 1
685 904 2
727 904 0
743 904 2
763 904 1
807 904 0
814 904 0
824 904 1
832 904 2
840 904 1
878 904 1
887 904 0
900 904 2
57 905 2
62 905 0
86 905 1
312 905 1
313 905 1
386 905 2
471 905 0
571 905 0
593 905 0
616 905 0
639 905 2
654 905 1
658 905 1
660 905 0
666 905 0
685 905 2
711 905 1
730 905 1
731 905 3
737 905 1
781 905 0
796 905 1
840 905 0
852 905 2
857 905 3
878 905 1
879 905 2
93 906 1
106 906 0
244 906 1
250 906 0
434 906 2
463 906 1
503 906 1
521 906 1
575 906 2
577 906 2
588 906 4
592 906 1
642 906 2
694 906 1
702 906 3
713 906 0
723 906 2
754 906 1
762 906 2
766 906 1
809 906 3
837 906 4
859 906 3
869 906 2
903 906 0
904 906 1
116 907 1
159 907 0
214 907 0
246 907 2
311 907 1
320 907 1
338 907 2
493 907 1
536 907 1
560 907 2
572 907 1
626 907 0
642 907 1
651 907 0
701 907 2
728 907 1
742 907 1
744 907 1
798 907 0
806 907 0
814 907 1
815 907 1
838 907 0
885 907 0
890 907 2
901 907 1
61 908 0
118 908 2
165 908 0
302 908 0
318 908 0
362 908 1
372 908 1
401 908 1
402 908 1
460 908 1
516 908 1
604 908 1
641 908 1
684 908 0
710 908 1
713 908 2
717 908 2
743 908 2
756 908 1
765 908 1
780 908 1
791 908 1
792 908 0
810 908 3
826 908 1
846 908 1
862 908 0
869 908 0
870 908 0
878 908 3
888 908 0
35 909 1
109 909 0
160 909 1
286 909 1
293 909 1
322 909 1
386 909 2
429 909 0
465 909 1
475 909 1
529 909 0
546 909 0
583 909 0
590 909 0
613 909 1
635 909 0
658 909 2
715 909 1
762 909 0
777 909 1
794 909 1
813 909 2
831 909 2
861 909 3
863 909 2
866 909 0
886 909 1
64 910 0
144 910 0
253 910 0
361 910 1
362 910 0
387 910 2
411 910 0
552 910 0
563 910 0
597 910 0
618 910 0
679 910 2
690 910 2
699 910 0
708 910 1
712 910 3
751 910 0
783 910 3
806 910 0
822 910 1
824 910 1
833 910 2
837 910 2
863 910 1
884 910 1
893 910 0
897 910 1
53 911 0
124 911 0
141 911 0
199 911 0
223 911 0
229 911 1
314 911 1
440 911 0
513 911 0
544 911 0
601 911 1
635 911 0
653 911 0
659 911 1
671 911 0
674 911 2
690 911 2
695 911 0
708 911 0
726 911 0
736 911 1
739 911 0
772 911 1
859 911 3
868 911 4
877 911 4
883 911 3
906 911 2
907 911 1
4 912 1
48 912 2
123 912 0
191 912 0
238 912 0
269 912 0
417 912 0
464 912 1
468 912 0
513 912 2
515 912 3
547 912 1
612 912 1
619 912 1
622 912 0
664 912 3
672 912 0
718 912 1
747 912 2
804 912 2
819 912 3
832 912 1
834 912 1
840 912 2
842 912 3
846 912 1
867 912 2
873 912 2
899 912 3
230 913 0
271 913 0
273 913 0
290 913 3
310 913 1
357 913 1
407 913 1
409 913 0
486 913 0
494 913 1
581 913 1
645 913 1
664 913 2
666 913 1
679 913 0
683 913 0
697 913 4
736 913 0
765 913 0
776 913 2
811 913 1
814 913 0
864 913 1
870 913 2
912 913 2
2 914 2
3 914 1
22 914 1
56 914 2
64 914 0
135 914 0
151 914 1
186 914 1
198 914 0
208 914 0
243 914 0
300 914 0
308 914 1
346 914 1
522 914 2
524 914 0
547 914 0
605 914 0
616 914 0
664 914 0
681 914 1
775 914 2
826 914 1
849 914 1
852 914 0
882 914 0
883 914 2
903 914 2
904 914 4
57 915 0
68 915 0
94 915 0
197 915 1
223 915 0
232 915 0
233 915 0
244 915 0
262 915 1
290 915 2
321 915 1
387 915 0
416 915 0
454 915 1
477 915 0
565 915 0
568 915 0
597 915 1
644 915 1
678 915 1
719 915 0
756 915 2
779 915 1
793 915 1
810 915 0
834 915 3
874 915 0
886 915 1
913 915 2
21 916 1
48 916 0
95 916 0
194 916 1
321 916 1
345 916 0
382 916 1
396 916 1
478 916 0
512 916 2
527 916 1
561 916 1
563 916 1
613 916 4
624 916 1
704 916 0
732 916 1
765 916 1
771 916 2
779 916 0
786 916 2
796 916 1
805 916 3
855 916 0
862 916 3
911 916 1
36 917 0
74 917 0
179 917 0
218 917 2
245 917 0
291 917 2
421 917 1
423 917 1
426 917 0
445 917 2
462 917 0
531 917 2
558 917 0
567 917 0
588 917 2
648 917 0
678 917 2
680 917 1
706 917 0
765 917 0
771 917 1
806 917 0
808 917 2
833 917 0
848 917 1
867 917 2
869 917 1
882 917 2
885 917 2
889 917 1
109 918 0
146 918 0
200 918 1
268 918 0
308 918 0
327 918 0
345 918 2
449 918 0
459 918 0
469 918 1
511 918 1
559 918 1
576 918 1
601 918 1
606 918 1
697 918 1
711 918 0
792 918 1
796 918 0
797 918 2
811 918 0
847 918 2
850 918 1
863 918 1
868 918 2
879 918 2
883 918 3
887 918 2
911 918 6
118 919 0
159 919 2
168 919 1
193 919 0
213 919 0
239 919 2
259 919 0
316 919 0
404 919 1
405 919 1
422 919 0
424 919 0
454 919 1
526 919 1
556 919 0
646 919 0
651 919 0
677 919 2
689 919 0
700 919 0
730 919 1
733 919 1
763 919 0
812 919 2
817 919 1
858 919 2
864 919 1
878 919 1
887 919 0
896 919 3
22 920 0
29 920 1
88 920 0
99 920 0
175 920 0
244 920 0
260 920 0
264 920 0
309 920 1
327 920 1
354 920 0
381 920 1
387 920 1
432 920 0
462 920 0
501 920 1
517 920 0
525 920 0
543 920 1
586 920 0
592 920 0
620 920 0
722 920 3
738 920 1
786 920 0
796 920 0
809 920 1
814 920 3
833 920 2
854 920 1
873 920 3
888 920 2
907 920 2
910 920 3
111 921 0
155 921 1
178 921 2
191 921 0
393 921 2
412 921 0
473 921 2
497 921 0
564 921 1
605 921 4
617 921 1
630 921 0
643 921 1
645 921 0
647 921 0
660 921 0
714 921 2
732 921 1
749 921 2
752 921 3
763 921 3
766 921 0
775 921 0
783 921 2
802 921 1
808 921 0
848 921 1
865 921 3
874 921 1
903 921 3
15 922 0
66 922 0
106 922 0
227 922 0
270 922 0
310 922 2
335 922 0
412 922 0
417 922 0
435 922 1
496 922 1
512 922 0
523 922 1
575 922 1
589 922 2
641 922 0
673 922 0
688 922 0
704 922 4
715 922 0
718 922 0
727 922 1
739 922 1
749 922 2
776 922 3
808 922 2
837 922 1
849 922 1
862 922 2
868 922 1
872 922 3
897 922 1
913 922 2
31 923 1
149 923 0
178 923 0
250 923 0
302 923 1
343 923 1
361 923 1
391 923 0
420 923 1
435 923 0
468 923 1
569 923 1
573 923 0
580 923 2
639 923 2
646 923 0
652 923 2
697 923 1
707 923 1
737 923 2
756 923 0
759 923 2
827 923 1
829 923 1
844 923 1
851 923 0
867 923 1
889 923 1
894 923 1
898 923 1
905 923 2
910 923 2
60 924 1
111 924 1
250 924 0
257 924 0
276 924 0
286 924 0
330 924 0
359 924 1
372 924 1
389 924 1
425 924 0
437 924 0
459 924 0
467 924 0
514 924 0
558 924 0
594 924 1
621 924 1
637 924 0
662 924 0
668 924 2
674 924 0
688 924 0
718 924 0
724 924 0
735 924 1
747 924 0
751 924 1
780 924 0
788 924 1
824 924 0
856 924 0
885 924 1
898 924 0
915 924 0
27 925 0
37 925 0
80 925 1
83 925 0
206 925 0
233 925 0
249 925 1
305 925 0
348 925 2
380 925 0
400 925 2
421 925 0
477 925 0
508 925 1
522 925 1
539 925 1
541 925 1
584 925 1
609 925 1
638 925 0
639 925 0
660 925 0
687 925 1
800 925 3
831 925 0
835 925 0
836 925 1
867 925 1
873 925 1
883 925 2
899 925 1
913 925 1
136 926 0
190 926 0
211 926 1
295 926 1
346 926 1
370 926 0
380 926 0
392 926 0
438 926 0
473 926 3
526 926 1
560 926 1
582 926 0
603 926 2
608 926 0
613 926 0
615 926 1
627 926 1
653 926 0
680 926 0
690 926 0
717 926 2
720 926 1
738 926 0
745 926 0
776 926 2
785 926 0
794 926 0
812 926 4
813 926 1
889 926 2
896 926 2
5 927 0
41 927 0
96 927 0
115 927 0
147 927 1
180 927 1
202 927 2
216 927 1
268 927 1
269 927 0
283 927 0
327 927 1
329 927 0
348 927 2
361 927 0
437 927 0
458 927 1
555 927 2
585 927 1
599 927 1
617 927 0
641 927 0
651 927 1
679 927 2
747 927 1
776 927 1
783 927 1
819 927 1
854 927 1
867 927 2
871 927 0
880 927 3
891 927 4
925 927 2
11 928 0
102 928 0
109 928 1
127 928 1
154 928 0
176 928 0
319 928 1
378 928 0
388 928 1
420 928 1
429 928 0
466 928 1
483 928 1
495 928 0
515 928 0
521 928 1
600 928 1
603 928 0
608 928 1
609 928 0
617 928 0
678 928 0
782 928 1
786 928 1
807 928 4
818 928 1
830 928 0
838 928 0
845 928 1
856 928 1
857 928 0
889 928 1
916 928 2
12 929 0
114 929 0
195 929 0
231 929 2
266 929 1
311 929 0
346 929 1
351 929 1
425 929 1
451 929 1
473 929 1
487 929 2
556 929 2
559 929 0
605 929 1
641 929 1
643 929 1
648 929 1
656 929 3
666 929 0
668 929 0
684 929 0
702 929 1
707 929 2
755 929 0
810 929 1
814 929 3
836 929 1
888 929 1
901 929 2
926 929 2
58 930 1
163 930 2
181 930 1
220 930 1
245 930 0
246 930 0
308 930 2
363 930 0
370 930 0
440 930 0
443 930 0
480 930 2
512 930 1
557 930 0
567 930 1
666 930 0
672 930 0
719 930 1
782 930 1
805 930 1
826 930 2
832 930 1
839 930 0
891 930 2
894 930 2
895 930 4
904 930 3
914 930 4
916 930 4
921 930 1
20 931 0
70 931 2
155 931 0
188 931 0
225 931 1
259 931 1
292 931 0
320 931 1
326 931 0
334 931 2
347 931 0
392 931 2
398 931 2
457 931 1
470 931 0
477 931 1
548 931 0
572 931 0
590 931 1
614 931 2
623 931 1
631 931 1
657 931 2
674 931 1
689 931 0
698 931 2
724 931 0
740 931 1
781 931 1
806 931 3
821 931 3
859 931 3
890 931 3
901 931 1
913 931 0
117 932 1
180 932 0
220 932 2
222 932 0
386 932 1
389 932 1
456 932 0
463 932 1
544 932 0
561 932 0
599 932 1
603 932 1
655 932 1
665 932 1
674 932 1
693 932 1
728 932 1
737 932 2
740 932 2
781 932 2
787 932 0
804 932 4
806 932 2
812 932 4
813 932 4
815 932 3
819 932 0
853 932 2
859 932 4
872 932 2
882 932 3
896 932 3
919 932 3
926 932 4
931 932 5
46 933 0
100 933 2
167 933 0
177 933 0
203 933 0
220 933 2
311 933 1
312 933 2
507 933 2
525 933 0
566 933 2
613 933 2
635 933 2
650 933 0
663 933 1
685 933 3
705 933 0
706 933 4
719 933 2
721 933 1
730 933 2
750 933 0
771 933 3
777 933 0
795 933 3
843 933 1
856 933 0
861 933 1
878 933 0
916 933 4
930 933 3
83 934 0
87 934 0
116 934 0
228 934 2
235 934 0
247 934 0
263 934 1
286 934 1
322 934 0
331 934 2
332 934 0
339 934 1
343 934 0
353 934 0
370 934 0
379 934 0
387 934 0
406 934 0
425 934 0
427 934 2
450 934 0
458 934 1
488 934 0
499 934 0
510 934 0
514 934 0
596 934 1
613 934 2
677 934 2
721 934 1
766 934 1
788 934 2
813 934 1
862 934 2
876 934 0
897 934 1
919 934 1
63 935 0
70 935 1
85 935 0
104 935 0
117 935 0
138 935 2
208 935 0
344 935 0
431 935 0
469 935 0
511 935 0
521 935 0
578 935 1
585 935 0
591 935 2
593 935 1
605 935 0
606 935 0
626 935 2
628 935 0
689 935 0
716 935 0
721 935 1
743 935 0
755 935 0
769 935 2
778 935 0
783 935 0
822 935 0
838 935 1
842 935 2
860 935 0
875 935 1
912 935 3
913 935 1
82 936 0
99 936 0
118 936 2
151 936 1
162 936 0
172 936 0
284 936 0
294 936 0
431 936 0
433 936 0
463 936 0
480 936 0
567 936 0
583 936 1
590 936 0
618 936 2
632 936 2
685 936 1
710 936 1
714 936 5
717 936 1
718 936 0
732 936 1
759 936 1
760 936 0
764 936 0
768 936 1
787 936 0
790 936 1
795 936 1
803 936 1
830 936 2
840 936 1
908 936 3
918 936 0
921 936 3
933 936 2
127 937 0
169 937 0
177 937 1
192 937 0
223 937 1
224 937 0
255 937 1
366 937 0
429 937 0
431 937 2
439 937 0
461 937 2
472 937 1
512 937 1
515 937 0
615 937 1
636 937 1
640 937 1
645 937 4
698 937 1
771 937 3
783 937 3
794 937 0
809 937 1
842 937 0
876 937 2
879 937 0
896 937 3
913 937 2
917 937 2
919 937 2
46 938 1
81 938 1
165 938 1
170 938 0
177 938 0
277 938 0
322 938 1
337 938 0
356 938 0
375 938 0
406 938 0
419 938 0
443 938 0
451 938 1
465 938 0
500 938 1
528 938 0
557 938 0
570 938 2
577 938 0
656 938 1
668 938 0
689 938 2
726 938 2
744 938 2
761 938 0
782 938 0
805 938 0
806 938 0
822 938 1
845 938 1
857 938 0
881 938 3
882 938 3
898 938 4
900 938 2
98 939 0
169 939 0
226 939 0
233 939 0
271 939 0
283 939 0
328 939 2
344 939 0
392 939 0
405 939 1
415 939 0
426 939 0
455 939 0
503 939 1
515 939 1
561 939 1
565 939 1
602 939 0
623 939 0
626 939 2
638 939 0
685 939 0
733 939 1
773 939 3
814 939 1
831 939 1
858 939 5
868 939 1
872 939 0
876 939 1
883 939 3
908 939 0
914 939 1
919 939 4
35 940 1
51 940 0
90 940 1
121 940 1
123 940 1
161 940 0
222 940 0
290 940 2
393 940 0
407 940 3
499 940 0
540 940 1
545 940 2
566 940 1
585 940 1
604 940 0
663 940 2
678 940 2
689 940 0
706 940 3
709 940 3
717 940 0
740 940 1
779 940 2
786 940 2
804 940 2
826 940 2
839 940 0
844 940 2
851 940 0
854 940 2
869 940 1
884 940 2
887 940 5
909 940 1
913 940 3
915 940 4
933 940 3
185 941 1
186 941 0
232 941 0
242 941 1
274 941 1
360 941 0
400 941 2
404 941 0
469 941 0
502 941 0
533 941 1
553 941 1
593 941 0
601 941 1
613 941 0
619 941 0
620 941 3
621 941 0
628 941 0
652 941 3
726 941 0
729 941 2
752 941 0
766 941 0
772 941 2
799 941 3
801 941 3
844 941 1
851 941 0
925 941 2
39 942 0
52 942 0
72 942 0
95 942 0
144 942 0
157 942 0
162 942 1
164 942 0
195 942 0
199 942 0
228 942 0
247 942 1
273 942 0
304 942 0
328 942 1
357 942 0
361 942 0
428 942 0
449 942 0
464 942 1
474 942 3
556 942 0
574 942 1
610 942 0
670 942 3
691 942 1
700 942 1
727 942 0
778 942 3
830 942 1
832 942 0
836 942 1
855 942 1
856 942 1
939 942 1
76 943 1
116 943 0
119 943 0
141 943 0
218 943 0
219 943 0
256 943 0
270 943 0
276 943 0
306 943 0
310 943 0
316 943 0
431 943 3
444 943 0
547 943 2
588 943 0
598 943 1
625 943 0
637 943 1
676 943 1
714 943 0
721 943 1
729 943 1
736 943 0
749 943 0
771 943 2
795 943 2
825 943 0
877 943 3
880 943 2
894 943 2
896 943 3
926 943 1
933 943 4
937 943 3
942 943 0
83 944 0
88 944 0
134 944 1
185 944 0
196 944 1
221 944 0
314 944 0
315 944 0
346 944 1
370 944 0
376 944 0
383 944 0
393 944 1
413 944 1
452 944 1
457 944 0
460 944 0
517 944 1
575 944 1
589 944 0
619 944 0
644 944 0
709 944 1
744 944 3
788 944 1
797 944 2
811 944 1
812 944 3
821 944 1
829 944 0
834 944 0
854 944 1
856 944 0
896 944 2
916 944 0
921 944 1
938 944 1
31 945 0
120 945 0
218 945 0
277 945 1
366 945 1
385 945 0
395 945 1
422 945 1
458 945 0
472 945 1
498 945 1
537 945 0
545 945 0
554 945 1
585 945 0
636 945 0
660 945 1
669 945 3
695 945 0
698 945 1
702 945 3
712 945 3
777 945 2
780 945 1
788 945 4
800 945 1
805 945 0
812 945 1
839 945 1
862 945 3
883 945 2
889 945 3
910 945 4
920 945 1
926 945 2
941 945 2
11 946 0
43 946 2
60 946 1
125 946 1
128 946 0
145 946 1
268 946 0
305 946 0
314 946 0
344 946 2
376 946 0
464 946 0
488 946 0
521 946 0
523 946 1
547 946 1
571 946 1
633 946 0
654 946 1
701 946 1
709 946 2
725 946 0
740 946 0
750 946 1
768 946 1
770 946 0
777 946 3
780 946 1
791 946 1
794 946 2
861 946 1
884 946 1
896 946 0
903 946 1
909 946 4
0 947 0
2 947 1
56 947 1
59 947 0
172 947 1
213 947 2
241 947 0
262 947 0
271 947 0
276 947 1
297 947 0
324 947 1
382 947 0
480 947 1
508 947 1
562 947 1
592 947 1
624 947 0
648 947 2
691 947 2
727 947 1
749 947 6
764 947 1
769 947 0
787 947 2
797 947 4
812 947 2
818 947 2
836 947 2
847 947 0
871 947 3
885 947 4
896 947 4
899 947 1
903 947 4
914 947 4
930 947 2
944 947 3
82 948 0
125 948 1
238 948 0
262 948 1
319 948 1
363 948 1
373 948 0
454 948 0
479 948 0
538 948 0
550 948 0
551 948 3
577 948 3
612 948 0
642 948 1
722 948 0
740 948 1
743 948 2
756 948 1
763 948 2
781 948 1
788 948 1
795 948 1
816 948 1
817 948 1
847 948 1
848 948 2
867 948 0
898 948 1
901 948 3
904 948 4
906 948 5
909 948 0
929 948 2
24 949 1
38 949 0
40 949 0
104 949 0
108 949 1
283 949 0
291 949 1
326 949 2
327 949 1
362 949 1
378 949 0
392 949 1
415 949 1
427 949 0
483 949 1
513 949 1
523 949 0
542 949 2
580 949 1
635 949 3
667 949 0
715 949 0
716 949 3
718 949 0
722 949 0
730 949 2
845 949 1
847 949 1
881 949 0
891 949 0
894 949 1
898 949 2
900 949 4
904 949 2
907 949 0
914 949 1
923 949 4
933 949 2
944 949 0
26 950 0
36 950 0
230 950 2
235 950 0
313 950 0
335 950 0
356 950 0
430 950 1
452 950 0
470 950 1
482 950 0
499 950 1
506 950 0
529 950 0
538 950 1
547 950 1
581 950 0
640 950 0
659 950 3
676 950 0
696 950 2
705 950 0
768 950 0
781 950 2
794 950 1
804 950 2
813 950 2
818 950 1
822 950 0
833 950 1
871 950 4
879 950 0
896 950 2
915 950 0
932 950 4
130 951 0
204 951 0
274 951 1
296 951 0
297 951 0
303 951 1
318 951 0
368 951 1
408 951 1
429 951 3
438 951 0
455 951 1
570 951 2
578 951 1
600 951 0
656 951 1
658 951 0
691 951 2
757 951 0
760 951 0
801 951 0
811 951 0
825 951 3
841 951 2
854 951 2
855 951 4
860 951 1
866 951 2
868 951 3
869 951 3
878 951 2
898 951 4
899 951 2
907 951 0
915 951 0
922 951 1
930 951 1
938 951 3
35 952 0
125 952 3
173 952 1
210 952 2
230 952 0
240 952 2
306 952 1
361 952 1
429 952 1
454 952 0
457 952 0
482 952 0
485 952 1
488 952 2
489 952 0
491 952 0
502 952 1
517 952 0
529 952 0
566 952 1
569 952 1
603 952 0
671 952 1
673 952 0
731 952 3
747 952 0
766 952 2
785 952 2
799 952 0
817 952 2
829 952 1
837 952 2
839 952 0
843 952 2
856 952 0
858 952 2
866 952 5
873 952 1
896 952 3
951 952 2
11 953 1
38 953 0
40 953 1
123 953 0
130 953 2
222 953 0
226 953 1
260 953 0
284 953 0
332 953 0
353 953 0
424 953 0
441 953 1
444 953 0
464 953 1
474 953 2
507 953 0
574 953 1
579 953 1
600 953 1
649 953 0
675 953 4
687 953 2
700 953 1
702 953 1
770 953 1
787 953 1
835 953 1
861 953 4
862 953 0
875 953 0
879 953 2
888 953 2
909 953 1
917 953 0
923 953 0
942 953 4
44 954 0
76 954 0
83 954 1
132 954 0
133 954 1
183 954 0
209 954 0
243 954 1
272 954 0
284 954 0
304 954 0
342 954 0
350 954 1
351 954 1
373 954 2
428 954 0
448 954 1
476 954 0
556 954 2
560 954 0
592 954 1
601 954 2
638 954 2
703 954 0
764 954 1
784 954 1
801 954 1
819 954 1
840 954 4
861 954 0
868 954 0
870 954 1
878 954 1
881 954 1
912 954 2
924 954 0
929 954 4
937 954 0
3 955 0
7 955 0
60 955 0
103 955 1
171 955 1
193 955 0
212 955 1
276 955 0
294 955 1
367 955 1
391 955 0
419 955 1
469 955 0
537 955 0
581 955 2
583 955 1
604 955 0
606 955 2
614 955 2
629 955 2
675 955 0
695 955 0
709 955 2
718 955 0
731 955 2
733 955 2
753 955 1
769 955 1
846 955 1
874 955 0
877 955 2
903 955 3
905 955 3
927 955 0
944 955 1
42 956 0
58 956 1
73 956 0
122 956 0
143 956 0
155 956 0
204 956 0
221 956 1
269 956 3
281 956 0
282 956 0
407 956 0
409 956 0
470 956 1
525 956 1
530 956 0
536 956 0
608 956 2
636 956 1
672 956 1
682 956 0
683 956 1
694 956 2
767 956 0
772 956 1
802 956 0
805 956 1
814 956 1
816 956 2
833 956 0
842 956 2
852 956 1
864 956 1
868 956 1
875 956 2
887 956 1
906 956 2
916 956 1
109 957 1
110 957 2
216 957 0
250 957 0
306 957 1
333 957 0
383 957 0
436 957 0
457 957 1
469 957 0
485 957 1
538 957 2
576 957 1
621 957 0
632 957 1
651 957 0
671 957 2
714 957 3
727 957 0
731 957 0
733 957 0
740 957 1
741 957 1
752 957 2
768 957 4
780 957 0
790 957 3
815 957 1
829 957 1
845 957 3
858 957 1
868 957 0
870 957 1
889 957 1
894 957 2
895 957 2
921 957 4
925 957 0
928 957 4
930 957 3
936 957 5
6 958 0
30 958 0
77 958 0
80 958 1
144 958 0
164 958 2
290 958 1
291 958 1
308 958 0
319 958 1
335 958 0
414 958 1
542 958 0
577 958 2
614 958 0
640 958 0
662 958 0
668 958 1
723 958 1
724 958 1
745 958 0
750 958 1
764 958 1
780 958 0
786 958 0
790 958 2
799 958 1
804 958 2
853 958 2
857 958 1
879 958 2
902 958 2
904 958 1
925 958 2
941 958 4
948 958 5
953 958 2
956 958 0
22 959 1
48 959 1
56 959 1
79 959 0
148 959 0
215 959 0
366 959 1
374 959 1
416 959 0
432 959 1
448 959 3
456 959 0
486 959 0
491 959 1
492 959 2
501 959 0
508 959 1
523 959 0
571 959 0
580 959 0
610 959 2
612 959 2
614 959 0
664 959 3
740 959 1
742 959 1
753 959 2
788 959 2
827 959 1
830 959 2
851 959 1
854 959 1
871 959 1
886 959 1
907 959 2
911 959 2
912 959 4
935 959 1
939 959 0
950 959 1
34 960 1
63 960 0
116 960 1
181 960 0
184 960 1
220 960 0
244 960 1
282 960 1
296 960 0
336 960 1
466 960 2
497 960 1
500 960 1
582 960 0
662 960 1
689 960 1
735 960 1
743 960 1
744 960 1
756 960 1
777 960 2
811 960 2
819 960 0
852 960 3
863 960 2
870 960 2
881 960 1
883 960 2
888 960 1
891 960 0
893 960 1
898 960 2
905 960 4
906 960 2
913 960 2
938 960 5
939 960 1
948 960 4
953 960 1
955 960 2
8 961 0
9 961 0
39 961 2
62 961 0
87 961 0
124 961 0
196 961 1
248 961 0
295 961 1
322 961 0
329 961 2
351 961 1
403 961 1
439 961 1
452 961 0
460 961 1
504 961 1
570 961 0
596 961 0
611 961 1
614 961 1
619 961 1
660 961 0
724 961 1
744 961 2
767 961 1
770 961 1
771 961 2
800 961 1
808 961 1
849 961 2
857 961 4
864 961 3
878 961 0
893 961 2
940 961 0
953 961 2
955 961 2
24 962 0
180 962 0
205 962 0
237 962 0
252 962 0
257 962 2
261 962 0
329 962 1
394 962 1
407 962 0
441 962 1
482 962 0
495 962 1
549 962 0
550 962 3
566 962 0
618 962 0
638 962 0
642 962 1
688 962 0
721 962 2
743 962 1
747 962 0
785 962 0
786 962 1
789 962 2
797 962 3
822 962 1
836 962 3
862 962 1
885 962 4
892 962 2
911 962 3
916 962 3
918 962 2
941 962 1
946 962 1
959 962 1
961 962 1
33 963 2
91 963 0
151 963 1
158 963 0
167 963 1
181 963 1
195 963 2
257 963 2
259 963 0
263 963 0
336 963 0
441 963 2
447 963 1
481 963 1
502 963 0
508 963 1
532 963 0
541 963 1
550 963 2
551 963 0
601 963 1
606 963 1
625 963 2
681 963 3
687 963 1
715 963 0
732 963 0
743 963 2
803 963 2
807 963 0
817 963 1
833 963 1
841 963 0
891 963 1
897 963 1
908 963 1
930 963 2
962 963 4
50 964 0
51 964 0
124 964 1
158 964 1
174 964 1
228 964 1
231 964 1
241 964 0
247 964 0
289 964 0
412 964 0
416 964 3
417 964 1
432 964 0
549 964 0
561 964 2
612 964 1
613 964 1
626 964 2
641 964 1
651 964 0
664 964 0
728 964 0
742 964 1
782 964 2
784 964 1
797 964 2
804 964 1
811 964 0
845 964 4
847 964 3
851 964 0
858 964 4
869 964 1
895 964 3
900 964 2
925 964 0
929 964 2
930 964 2
939 964 3
946 964 1
11 965 0
43 965 1
224 965 0
292 965 0
304 965 0
421 965 2
438 965 1
458 965 0
494 965 0
497 965 1
505 965 0
506 965 1
516 965 1
523 965 0
544 965 3
545 965 0
553 965 1
566 965 1
569 965 1
571 965 1
572 965 1
619 965 2
621 965 0
637 965 2
747 965 0
758 965 2
782 965 2
813 965 3
829 965 3
848 965 2
859 965 1
864 965 2
875 965 2
877 965 2
879 965 2
884 965 1
909 965 1
917 965 2
943 965 2
955 965 2
961 965 3
19 966 0
52 966 0
117 966 1
234 966 1
423 966 2
441 966 2
443 966 0
466 966 1
507 966 1
528 966 2
531 966 2
573 966 1
613 966 2
633 966 0
639 966 2
641 966 0
649 966 1
680 966 2
685 966 2
712 966 2
722 966 1
725 966 0
730 966 2
795 966 3
819 966 1
836 966 1
866 966 1
867 966 2
877 966 2
886 966 0
901 966 0
902 966 0
905 966 3
910 966 1
914 966 1
916 966 2
917 966 4
933 966 8
943 966 3
952 966 1
78 967 0
116 967 0
117 967 2
157 967 0
192 967 0
203 967 1
220 967 2
243 967 1
366 967 2
375 967 1
401 967 1
416 967 1
428 967 0
462 967 0
479 967 0
502 967 0
540 967 0
541 967 1
586 967 0
596 967 0
608 967 1
616 967 1
663 967 2
675 967 0
681 967 2
703 967 2
711 967 0
746 967 0
770 967 1
786 967 0
800 967 1
820 967 2
837 967 0
842 967 0
854 967 3
870 967 0
932 967 2
951 967 1
966 967 1
4 968 1
36 968 1
39 968 3
87 968 1
97 968 1
110 968 1
146 968 1
162 968 0
166 968 1
233 968 0
242 968 1
251 968 0
373 968 0
473 968 2
523 968 0
528 968 0
545 968 1
576 968 2
583 968 1
590 968 2
615 968 1
621 968 3
664 968 0
680 968 3
701 968 2
730 968 1
751 968 2
768 968 0
774 968 0
777 968 2
784 968 1
790 968 2
794 968 0
800 968 2
865 968 6
873 968 3
891 968 1
901 968 0
903 968 6
921 968 4
955 968 3
22 969 0
65 969 0
132 969 0
155 969 0
180 969 0
221 969 0
239 969 1
257 969 0
319 969 1
381 969 1
401 969 0
460 969 0
466 969 2
504 969 0
519 969 0
545 969 1
586 969 0
592 969 4
596 969 1
620 969 1
636 969 1
647 969 1
648 969 3
738 969 2
749 969 1
757 969 0
760 969 1
768 969 3
772 969 2
781 969 0
787 969 4
884 969 2
896 969 3
919 969 4
928 969 3
937 969 5
939 969 2
940 969 2
941 969 2
947 969 5
957 969 2
42 970 0
54 970 1
106 970 1
128 970 0
149 970 0
177 970 0
193 970 0
239 970 0
280 970 0
287 970 1
325 970 0
350 970 1
354 970 1
362 970 0
366 970 0
397 970 0
404 970 0
505 970 1
532 970 0
550 970 1
581 970 2
583 970 1
615 970 0
629 970 3
650 970 2
658 970 0
671 970 1
697 970 1
699 970 0
702 970 1
715 970 1
763 970 4
778 970 1
791 970 1
828 970 3
841 970 0
867 970 1
913 970 3
921 970 1
929 970 1
942 970 2
962 970 1
87 971 0
143 971 1
153 971 0
160 971 1
267 971 1
302 971 1
341 971 1
367 971 1
382 971 0
405 971 0
414 971 0
450 971 2
474 971 1
504 971 0
573 971 1
579 971 0
618 971 0
626 971 1
630 971 2
639 971 1
655 971 1
659 971 2
684 971 1
701 971 0
730 971 1
733 971 1
745 971 0
749 971 2
754 971 2
805 971 1
838 971 1
870 971 7
877 971 1
883 971 3
885 971 2
896 971 2
911 971 4
918 971 2
931 971 0
935 971 2
941 971 0
944 971 1
950 971 2
970 971 0
0 972 1
43 972 0
142 972 0
191 972 0
196 972 1
204 972 1
330 972 0
348 972 2
367 972 0
423 972 1
435 972 1
441 972 1
465 972 2
479 972 0
481 972 1
495 972 0
571 972 1
639 972 1
679 972 4
681 972 2
688 972 1
708 972 3
767 972 2
786 972 1
817 972 2
823 972 2
838 972 3
853 972 2
869 972 1
876 972 6
888 972 1
892 972 3
893 972 2
894 972 4
906 972 2
909 972 1
919 972 1
926 972 0
927 972 2
961 972 3
963 972 4
25 973 0
182 973 0
204 973 0
210 973 0
290 973 1
311 973 0
313 973 1
326 973 2
375 973 0
440 973 2
441 973 1
442 973 0
453 973 0
466 973 2
517 973 0
531 973 2
598 973 0
611 973 5
617 973 0
649 973 0
668 973 1
670 973 1
705 973 1
706 973 0
735 973 3
738 973 2
746 973 0
790 973 1
825 973 1
851 973 1
857 973 5
862 973 1
864 973 3
869 973 3
879 973 3
900 973 4
905 973 4
945 973 1
954 973 0
958 973 5
960 973 3
961 973 3
969 973 2
137 974 2
150 974 0
211 974 0
255 974 0
261 974 0
274 974 0
389 974 0
397 974 0
419 974 1
423 974 0
427 974 0
434 974 0
441 974 2
499 974 0
520 974 2
531 974 1
581 974 1
628 974 1
647 974 2
660 974 1
661 974 0
689 974 1
703 974 2
716 974 1
724 974 1
753 974 5
765 974 2
768 974 2
787 974 3
819 974 1
856 974 4
872 974 1
875 974 2
876 974 1
891 974 2
901 974 2
907 974 2
910 974 1
916 974 1
945 974 2
946 974 1
965 974 1
969 974 4
33 975 1
57 975 1
136 975 1
157 975 1
209 975 0
268 975 1
284 975 1
295 975 0
298 975 1
311 975 0
327 975 1
333 975 0
346 975 0
380 975 0
431 975 2
481 975 2
514 975 2
547 975 3
561 975 0
632 975 0
638 975 0
645 975 1
667 975 0
683 975 2
693 975 3
695 975 1
705 975 0
745 975 1
747 975 3
774 975 1
834 975 3
845 975 1
849 975 4
861 975 2
880 975 4
891 975 3
903 975 5
905 975 2
912 975 3
927 975 5
943 975 3
947 975 1
956 975 1
10 976 1
122 976 1
145 976 0
158 976 0
161 976 1
245 976 0
252 976 0
274 976 2
279 976 0
332 976 0
390 976 0
396 976 2
406 976 0
430 976 1
448 976 0
492 976 0
514 976 2
518 976 0
545 976 0
602 976 0
636 976 0
692 976 0
701 976 1
715 976 3
718 976 0
723 976 1
734 976 0
741 976 0
748 976 1
756 976 2
761 976 1
784 976 1
816 976 3
820 976 3
825 976 3
847 976 1
858 976 3
868 976 4
909 976 1
915 976 1
931 976 0
942 976 1
967 976 2
970 976 2
47 977 0
64 977 0
110 977 2
126 977 0
132 977 1
149 977 2
189 977 0
191 977 0
203 977 0
207 977 0
215 977 0
262 977 0
295 977 1
309 977 1
348 977 1
349 977 1
384 977 0
421 977 2
487 977 2
510 977 0
532 977 0
564 977 2
568 977 0
576 977 3
593 977 1
595 977 3
642 977 2
700 977 1
707 977 2
753 977 1
765 977 4
782 977 2
827 977 0
830 977 3
844 977 1
868 977 2
875 977 1
881 977 3
894 977 2
907 977 1
929 977 2
943 977 1
971 977 0
8 978 1
25 978 0
67 978 1
109 978 1
198 978 0
223 978 2
236 978 0
259 978 1
334 978 0
349 978 0
362 978 1
389 978 1
390 978 0
423 978 3
465 978 1
485 978 2
513 978 1
535 978 2
551 978 1
600 978 0
629 978 2
645 978 2
680 978 1
714 978 1
737 978 2
745 978 0
783 978 1
784 978 1
843 978 1
844 978 4
862 978 1
869 978 2
886 978 0
890 978 0
920 978 0
923 978 3
924 978 1
934 978 2
937 978 4
942 978 0
948 978 4
949 978 3
952 978 2
88 979 0
129 979 0
135 979 1
153 979 0
200 979 1
207 979 0
282 979 1
327 979 0
385 979 1
403 979 0
414 979 2
434 979 0
462 979 1
468 979 0
489 979 2
497 979 1
551 979 2
564 979 0
588 979 3
590 979 1
642 979 2
690 979 4
704 979 1
710 979 3
751 979 0
779 979 0
823 979 2
840 979 4
842 979 3
845 979 2
850 979 2
871 979 4
922 979 2
935 979 1
941 979 2
946 979 1
950 979 2
954 979 1
958 979 3
964 979 2
12 980 1
44 980 1
72 980 0
97 980 1
144 980 0
167 980 0
214 980 0
302 980 0
344 980 1
377 980 1
402 980 1
416 980 1
421 980 1
459 980 1
498 980 1
534 980 0
538 980 0
546 980 1
557 980 1
595 980 4
623 980 0
696 980 0
709 980 2
713 980 0
720 980 0
722 980 1
775 980 1
794 980 2
809 980 3
830 980 2
832 980 4
833 980 4
841 980 4
847 980 1
860 980 4
905 980 2
912 980 2
946 980 4
955 980 4
960 980 2
962 980 1
967 980 1
977 980 4
3 981 2
30 981 2
43 981 0
237 981 0
273 981 1
305 981 0
365 981 1
532 981 2
546 981 2
575 981 0
587 981 2
592 981 1
618 981 0
628 981 1
645 981 3
648 981 5
663 981 0
680 981 3
681 981 4
705 981 0
707 981 2
725 981 2
739 981 1
741 981 1
746 981 3
750 981 0
753 981 1
758 981 1
775 981 3
780 981 2
787 981 4
793 981 1
799 981 0
811 981 0
816 981 4
856 981 1
872 981 3
893 981 3
907 981 1
914 981 4
937 981 4
948 981 2
969 981 5
974 981 8
978 981 4
65 982 0
158 982 0
204 982 0
240 982 0
242 982 1
256 982 0
262 982 1
298 982 0
299 982 1
306 982 1
353 982 1
413 982 1
455 982 1
486 982 1
509 982 0
515 982 2
524 982 1
533 982 0
543 982 1
544 982 2
566 982 3
588 982 1
604 982 2
615 982 1
632 982 0
714 982 0
784 982 3
809 982 2
817 982 3
823 982 1
838 982 1
840 982 2
842 982 4
855 982 2
871 982 3
912 982 4
923 982 1
924 982 0
933 982 3
945 982 0
965 982 2
966 982 1
979 982 6
980 982 2
24 983 0
25 983 0
137 983 1
217 983 2
247 983 1
282 983 1
320 983 0
339 983 1
386 983 2
388 983 1
399 983 0
478 983 0
486 983 1
492 983 0
499 983 1
536 983 2
598 983 0
624 983 1
634 983 1
636 983 1
638 983 3
657 983 2
674 983 1
690 983 2
691 983 0
724 983 1
739 983 2
746 983 1
763 983 0
771 983 0
773 983 3
774 983 2
791 983 3
807 983 4
813 983 4
820 983 1
875 983 4
886 983 0
888 983 0
922 983 2
928 983 2
950 983 3
955 983 0
979 983 6
109 984 1
177 984 1
255 984 1
274 984 0
314 984 1
330 984 2
373 984 0
419 984 0
423 984 1
444 984 1
445 984 1
517 984 0
532 984 1
543 984 3
578 984 1
593 984 1
604 984 1
624 984 0
633 984 1
652 984 1
663 984 3
687 984 1
696 984 2
718 984 1
764 984 2
789 984 0
793 984 0
802 984 0
804 984 3
812 984 2
817 984 4
845 984 2
848 984 1
859 984 1
864 984 2
890 984 0
906 984 1
923 984 2
926 984 1
935 984 2
937 984 2
950 984 3
958 984 3
975 984 1
982 984 4
24 985 0
62 985 0
67 985 0
86 985 1
161 985 1
175 985 1
177 985 0
189 985 0
218 985 2
256 985 0
320 985 0
350 985 0
437 985 0
489 985 2
547 985 1
576 985 2
599 985 1
629 985 4
630 985 1
659 985 1
670 985 2
683 985 0
697 985 2
729 985 3
731 985 2
741 985 0
758 985 1
802 985 1
813 985 1
830 985 3
837 985 3
838 985 2
853 985 3
894 985 3
910 985 1
917 985 1
918 985 3
932 985 3
941 985 3
948 985 1
955 985 4
958 985 4
963 985 0
968 985 2
979 985 4
980 985 2
67 986 0
84 986 0
90 986 1
171 986 1
229 986 0
246 986 2
321 986 1
364 986 1
368 986 0
390 986 2
401 986 1
407 986 2
435 986 2
499 986 0
516 986 1
538 986 0
589 986 2
595 986 2
603 986 0
609 986 1
612 986 1
644 986 2
650 986 0
704 986 2
709 986 3
723 986 2
731 986 1
747 986 0
776 986 4
805 986 2
831 986 1
848 986 1
854 986 2
856 986 1
872 986 3
873 986 3
879 986 2
902 986 5
907 986 2
909 986 2
918 986 1
920 986 3
921 986 2
922 986 5
946 986 2
968 986 3
56 987 0
90 987 0
113 987 0
221 987 1
224 987 0
268 987 0
333 987 1
339 987 0
416 987 1
451 987 0
478 987 2
487 987 1
503 987 1
523 987 0
524 987 0
533 987 1
568 987 0
587 987 2
608 987 2
611 987 2
632 987 1
652 987 1
667 987 1
675 987 1
681 987 4
696 987 0
714 987 1
723 987 1
725 987 1
754 987 1
771 987 0
775 987 2
777 987 2
797 987 1
813 987 0
838 987 0
852 987 2
863 987 0
906 987 4
936 987 2
941 987 3
953 987 1
956 987 4
963 987 1
964 987 2
973 987 1
981 987 4
2 988 2
26 988 0
85 988 0
91 988 0
166 988 1
206 988 0
214 988 0
218 988 1
235 988 0
251 988 0
257 988 1
307 988 1
324 988 1
374 988 0
383 988 1
402 988 0
431 988 1
441 988 2
444 988 1
461 988 1
470 988 0
520 988 3
537 988 1
549 988 1
558 988 1
606 988 1
620 988 1
632 988 0
639 988 1
667 988 1
669 988 0
727 988 0
746 988 2
775 988 6
785 988 0
830 988 1
840 988 3
851 988 1
867 988 2
885 988 1
914 988 4
915 988 0
918 988 2
937 988 3
966 988 4
974 988 3
979 988 2
981 988 5
985 988 4
6 989 0
9 989 1
21 989 2
22 989 1
30 989 0
87 989 1
109 989 1
117 989 0
121 989 0
130 989 0
171 989 1
282 989 0
353 989 0
380 989 2
400 989 1
470 989 1
483 989 1
485 989 0
550 989 2
559 989 1
580 989 0
609 989 1
625 989 1
649 989 1
659 989 1
669 989 1
682 989 0
685 989 2
736 989 0
801 989 2
816 989 0
818 989 2
827 989 2
841 989 1
846 989 2
866 989 1
886 989 0
904 989 1
933 989 1
941 989 5
945 989 2
950 989 4
962 989 2
968 989 2
972 989 0
984 989 2
986 989 3
987 989 1
8 990 1
15 990 0
26 990 1
41 990 2
50 990 0
105 990 0
127 990 2
186 990 0
332 990 0
387 990 1
408 990 0
471 990 1
476 990 1
483 990 3
494 990 0
505 990 0
521 990 2
545 990 0
566 990 0
599 990 0
630 990 1
660 990 0
693 990 1
703 990 2
714 990 1
737 990 1
795 990 4
818 990 3
821 990 0
823 990 3
826 990 2
834 990 1
835 990 0
852 990 2
860 990 2
866 990 2
901 990 2
906 990 2
908 990 1
910 990 1
916 990 2
928 990 5
930 990 2
938 990 0
948 990 4
967 990 1
975 990 2
978 990 4
989 990 3
14 991 1
27 991 1
73 991 0
113 991 0
131 991 0
138 991 0
142 991 0
159 991 1
168 991 1
236 991 0
285 991 0
301 991 0
312 991 1
384 991 1
400 991 0
466 991 1
472 991 0
478 991 0
504 991 2
524 991 1
555 991 0
569 991 1
589 991 2
604 991 2
615 991 2
637 991 1
665 991 1
675 991 2
677 991 1
683 991 0
749 991 0
778 991 0
783 991 0
809 991 2
814 991 1
846 991 1
860 991 1
873 991 0
874 991 1
882 991 1
911 991 1
918 991 1
919 991 4
929 991 2
932 991 3
933 991 2
954 991 1
963 991 0
982 991 5
9 992 0
23 992 1
32 992 0
34 992 0
68 992 0
107 992 1
168 992 0
191 992 0
196 992 0
200 992 2
212 992 2
252 992 0
321 992 0
374 992 2
444 992 0
471 992 0
484 992 1
489 992 2
510 992 2
529 992 1
532 992 0
562 992 0
582 992 1
611 992 2
618 992 1
626 992 1
658 992 0
695 992 0
719 992 1
731 992 3
761 992 2
768 992 0
781 992 2
785 992 1
792 992 3
812 992 0
816 992 0
834 992 0
857 992 5
864 992 3
876 992 0
887 992 2
892 992 0
897 992 1
918 992 3
966 992 0
973 992 3
979 992 3
983 992 1
18 993 2
138 993 0
187 993 0
224 993 0
232 993 3
243 993 1
245 993 0
327 993 0
342 993 0
350 993 0
367 993 1
412 993 0
430 993 3
466 993 0
479 993 1
481 993 1
485 993 0
492 993 1
514 993 4
567 993 3
573 993 2
587 993 0
618 993 1
631 993 0
633 993 0
699 993 1
703 993 0
712 993 2
729 993 1
734 993 2
741 993 0
783 993 1
789 993 1
796 993 2
821 993 1
824 993 1
831 993 3
837 993 1
851 993 4
859 993 1
863 993 3
877 993 3
881 993 3
886 993 3
895 993 2
897 993 2
947 993 0
959 993 3
8 994 0
49 994 1
58 994 2
63 994 0
69 994 1
82 994 0
131 994 0
133 994 3
157 994 0
175 994 0
211 994 0
272 994 2
293 994 1
300 994 0
348 994 3
394 994 0
439 994 2
519 994 0
526 994 2
587 994 1
637 994 0
649 994 1
654 994 0
665 994 1
677 994 1
678 994 1
687 994 2
708 994 3
720 994 2
764 994 1
786 994 1
793 994 1
796 994 1
798 994 1
846 994 1
855 994 2
880 994 1
892 994 3
893 994 3
913 994 2
925 994 3
930 994 2
951 994 2
956 994 1
970 994 1
972 994 5
977 994 1
979 994 2
982 994 2
983 994 1
17 995 0
19 995 1
88 995 1
140 995 1
167 995 2
176 995 1
202 995 2
231 995 0
307 995 1
384 995 0
397 995 1
399 995 3
457 995 2
458 995 2
461 995 2
514 995 1
567 995 2
570 995 2
573 995 3
645 995 2
654 995 0
656 995 2
687 995 1
696 995 1
697 995 0
698 995 2
699 995 3
714 995 3
726 995 0
730 995 0
735 995 1
755 995 0
758 995 1
774 995 1
787 995 0
799 995 0
803 995 3
804 995 1
806 995 2
816 995 0
818 995 1
834 995 3
881 995 3
927 995 2
931 995 3
937 995 3
957 995 2
963 995 3
993 995 5
58 996 0
120 996 0
156 996 1
207 996 1
213 996 0
214 996 0
229 996 1
240 996 1
266 996 0
291 996 2
339 996 3
452 996 1
467 996 0
509 996 1
516 996 0
540 996 2
552 996 0
569 996 0
596 996 2
599 996 1
690 996 5
696 996 0
702 996 2
707 996 0
720 996 0
759 996 1
773 996 2
776 996 1
778 996 0
809 996 3
813 996 1
837 996 1
851 996 0
876 996 5
877 996 3
878 996 3
892 996 2
905 996 2
906 996 5
911 996 4
913 996 2
917 996 2
937 996 5
939 996 3
949 996 1
969 996 3
972 996 3
975 996 1
976 996 0
983 996 4
50 997 0
80 997 0
99 997 0
137 997 0
255 997 1
305 997 0
323 997 0
338 997 0
343 997 2
349 997 2
351 997 0
390 997 2
407 997 1
420 997 2
446 997 0
450 997 1
480 997 3
484 997 0
539 997 0
592 997 1
620 997 2
644 997 2
652 997 3
671 997 0
683 997 2
690 997 1
702 997 2
717 997 1
722 997 1
768 997 2
782 997 3
824 997 3
832 997 2
834 997 1
835 997 0
853 997 1
860 997 3
862 997 1
878 997 3
882 997 0
910 997 4
915 997 2
923 997 4
928 997 2
941 997 3
945 997 4
972 997 1
977 997 3
980 997 4
986 997 3
32 998 0
37 998 0
41 998 0
84 998 0
110 998 0
123 998 1
126 998 0
130 998 1
208 998 0
212 998 0
338 998 0
341 998 2
362 998 0
364 998 3
375 998 2
396 998 1
403 998 0
440 998 2
485 998 1
498 998 1
506 998 3
514 998 1
539 998 0
567 998 1
598 998 1
600 998 1
650 998 0
652 998 1
670 998 2
676 998 0
698 998 3
717 998 1
758 998 4
777 998 1
811 998 2
815 998 1
820 998 2
834 998 0
855 998 1
861 998 2
865 998 2
872 998 2
887 998 0
894 998 2
895 998 1
960 998 2
965 998 2
967 998 3
976 998 4
985 998 3
24 999 0
103 999 0
104 999 0
158 999 0
164 999 2
234 999 2
253 999 1
283 999 1
331 999 1
374 999 2
399 999 1
418 999 1
423 999 4
448 999 2
459 999 1
487 999 1
543 999 1
546 999 0
576 999 0
591 999 0
607 999 0
613 999 2
633 999 2
686 999 1
693 999 1
716 999 0
724 999 3
774 999 2
778 999 0
781 999 1
788 999 3
791 999 2
805 999 3
834 999 1
848 999 2
863 999 0
891 999 1
916 999 2
929 999 3
934 999 4
948 999 6
953 999 2
954 999 2
958 999 5
959 999 3
961 999 2
967 999 0
978 999 3
984 999 5
995 999 3
