69
112
64
142
55
13
7
142
105
70
89
7
40
80
105
78
123
114
115
108
33
151
93
39
126
117
92
78
99
48
13
120
10
26
17
51
58
105
92
85
140
3
118
46
107
123
138
151
125
123
31
101
92
60
140
74
73
133
62
98
69
47
75
37
90
4
118
79
137
113
137
116
124
50
145
97
42
72
56
95
147
102
39
83
113
7
29
145
2
131
89
111
93
133
88
148
20
39
94
123
56
63
82
100
133
33
125
82
24
45
83
62
92
146
94
90
62
131
128
16
78
9
132
23
129
1
106
139
118
120
36
111
89
53
74
88
59
94
80
65
147
127
93
148
34
55
112
103
95
44
140
104
29
58
58
111
148
131
14
112
14
132
29
145
134
84
80
129
43
96
78
70
103
111
23
4
54
116
120
104
21
54
102
39
49
26
108
34
92
24
61
13
131
57
26
10
5
70
150
126
62
57
148
14
5
43
52
39
113
77
63
137
19
114
126
70
9
107
142
21
19
74
98
11
75
114
135
15
1
18
32
72
36
58
69
53
125
61
145
83
26
14
92
87
84
145
7
1
75
57
41
56
117
31
147
37
114
48
121
151
62
111
32
104
32
52
47
39
105
5
60
149
65
88
104
37
123
39
51
18
142
16
45
92
142
109
61
97
9
5
140
89
133
70
37
113
139
83
75
115
64
17
4
91
67
99
109
86
114
124
59
107
88
128
125
82
120
54
14
13
27
10
15
64
133
120
15
70
119
62
114
96
71
112
96
15
139
133
119
73
52
148
97
82
21
73
140
98
49
73
126
127
50
38
52
106
47
5
51
113
132
56
135
99
137
17
115
49
115
52
6
97
13
16
44
97
142
58
126
50
24
37
89
74
32
111
30
81
6
66
13
62
101
62
7
110
123
66
32
78
20
43
29
80
70
118
115
20
44
11
142
17
38
2
85
80
137
70
94
47
135
139
74
64
30
24
70
41
80
84
65
153
28
34
92
123
91
78
135
86
29
34
58
94
82
75
112
50
58
125
85
9
46
42
138
100
104
151
45
36
86
76
49
107
17
53
135
21
125
41
72
13
114
6
55
116
102
44
148
23
54
126
65
88
10
151
145
74
78
104
130
59
110
93
68
8
47
51
57
131
127
63
71
135
94
114
66
33
102
66
71
150
117
70
95
30
62
6
137
115
35
127
148
40
80
143
138
13
60
104
1
61
4
9
14
24
91
54
84
41
90
140
10
59
78
89
68
98
122
22
34
104
94
87
71
56
92
114
78
5
102
68
95
57
51
143
146
138
51
18
24
67
133
69
60
113
100
94
124
114
117
114
78
56
45
113
80
3
86
87
150
152
15
45
103
52
100
135
3
19
139
90
79
127
119
24
108
133
24
50
129
33
49
148
53
91
34
63
146
80
38
8
42
14
55
52
95
2
112
149
91
20
22
72
101
1
94
18
113
49
142
91
16
66
140
93
9
58
109
135
78
132
143
134
149
18
37
80
120
34
66
97
24
21
14
52
104
21
98
16
46
93
37
123
144
37
63
83
106
101
45
117
38
89
100
62
107
135
76
28
77
119
153
110
80
66
71
76
127
14
12
16
25
100
25
135
137
151
142
59
53
37
121
62
128
13
82
121
100
99
132
85
106
13
104
148
64
145
123
55
91
1
152
52
84
10
115
113
28
63
33
35
144
112
14
92
47
83
48
14
121
142
152
9
87
68
31
130
2
2
152
9
31
108
149
29
75
106
70
12
121
143
80
91
77
62
62
98
35
118
31
133
51
1
74
52
132
92
111
30
33
59
112
10
13
14
38
36
99
151
85
86
54
119
140
15
7
8
149
146
129
127
28
74
121
70
135
95
83
44
9
125
38
15
49
57
20
79
2
145
16
85
149
82
38
142
74
93
152
139
149
95
138
72
33
125
4
69
143
66
67
96
10
40
143
47
124
99
93
8
4
89
136
100
38
66
87
35
63
87
96
80
93
40
17
70
83
108
66
89
6
2
23
90
10
24
132
83
145
79
138
54
34
126
55
50
41
87
82
7
77
149
64
130
111
74
111
56
15
53
1
31
22
94
5
4
126
145
12
147
148
136
83
113
85
2
58
137
51
109
95
59
103
40
138
106
52
139
21
70
144
101
109
138
104
16
147
75
48
84
59
76
67
34
149
62
108
84
67
113
4
64
57
92
102
7
141
123
31
13
151
10
97
55
94
85
18
38
30
25
59
14
15
141
130
114
11
63
89
114
7
142
118
27
70
45
127
66
105
125
42
17
140
27
34
143
74
149
119
112
135
3
142
61
52
120
116
128
75
132
2
11
48
124
60
79
145
4
131
19
152
90
2
80
123
89
80
129
120
69
106
14
139
4
80
125
4
43
58
124
134
19
127
58
24
115
92
42
43
33
36
27
12
144
26
60
119
16
128
16
48
74
92
116
36
45
18
133
31
24
72
79
85
70
75
72
62
16
140
120
138
104
42
41
134
27
75
72
153
42
34
74
119
56
70
103
77
131
7
99
86
133
124
6
31
88
79
62
111
78
88
140
101
104
83
16
125
134
149
117
38
106
51
12
15
21
134
10
64
107
25
62
27
26
132
81
4
137
149
9
32
140
103
89
15
7
63
142
138
12
138
119
28
138
108
140
109
80
99
131
76
101
127
31
21
31
8
100
56
129
54
108
49
93
89
80
122
46
48
35
12
101
147
77
68
9
95
93
23
120
96
105
141
77
67
101
6
71
5
151
93
23
75
153
80
43
80
147
7
14
45
118
120
75
55
2
143
32
153
52
133
107
77
22
143
78
45
93
95
78
114
97
52
7
121
108
122
78
28
147
79
63
13
40
101
128
20
74
131
62
92
34
30
21
41
10
10
17
78
40
46
8
128
138
51
46
103
119
89
85
131
83
133
1
115
8
42
151
125
124
20
148
120
18
30
8
27
72
72
66
120
133
11
135
37
12
86
146
17
90
140
75
95
47
16
40
29
32
132
119
32
32
45
4
15
34
43
59
34
2
64
4
24
101
119
119
101
31
14
19
71
65
76
18
82
138
41
108
97
22
82
56
22
126
78
36
5
78
140
26
143
75
49
55
56
38
3
11
27
125
147
21
76
92
138
148
74
75
14
103
6
50
64
138
117
62
28
108
132
121
99
113
50
116
6
125
15
138
49
29
52
99
112
31
149
40
121
14
95
22
101
101
122
84
55
114
101
141
95
121
106
70
12
63
15
131
73
104
131
88
97
78
80
80
64
80
7
35
4
15
104
132
14
66
71
148
66
64
58
141
1
30
43
97
149
70
110
145
74
140
83
1
131
114
127
16
97
93
117
113
40
58
47
67
72
47
60
149
126
11
6
134
39
41
87
29
144
10
68
142
66
72
95
102
75
138
141
46
153
98
140
30
65
147
34
136
14
8
113
60
81
80
151
78
44
21
37
63
79
150
139
87
60
83
19
22
55
148
49
149
29
131
45
117
32
75
52
135
144
7
38
87
151
15
7
19
148
35
36
77
59
27
92
133
56
62
14
38
104
30
107
29
148
77
129
81
6
112
71
95
20
7
91
87
80
34
58
138
122
103
51
72
14
97
95
20
36
14
90
68
110
85
51
125
14
135
113
81
52
131
97
112
78
68
113
143
1
116
15
111
138
42
93
85
148
106
139
106
146
16
82
78
143
142
68
141
33
153
95
137
96
131
98
30
41
12
111
150
72
74
108
75
113
14
91
2
5
52
41
143
133
143
74
118
87
52
119
4
85
71
87
16
88
71
56
138
93
27
81
112
42
118
4
143
89
7
2
131
14
12
55
25
115
4
16
40
62
77
68
72
15
120
138
42
131
8
128
88
114
76
58
57
16
11
43
70
107
131
46
54
70
123
51
106
8
10
8
142
2
33
18
22
55
14
87
115
93
103
127
96
129
7
147
149
76
129
20
63
141
83
16
132
130
54
21
71
111
99
101
50
152
89
38
149
133
14
149
143
131
32
8
134
42
49
87
21
135
36
55
15
38
75
137
126
63
28
87
151
98
44
72
98
132
24
29
152
3
59
141
112
6
153
16
62
46
62
19
13
16
65
3
117
139
152
98
85
25
86
151
40
46
73
54
75
85
86
127
19
5
123
146
45
82
115
15
89
72
123
101
56
67
30
81
25
152
66
4
107
76
145
52
20
83
30
77
139
98
32
125
149
80
130
78
7
116
105
1
123
130
52
89
116
56
52
124
41
113
96
34
135
143
64
4
3
86
56
136
82
109
15
100
120
65
51
89
44
111
19
46
131
43
16
141
127
138
135
73
150
106
22
74
78
108
4
63
95
22
32
77
24
38
125
147
100
74
140
11
34
64
141
15
76
24
41
125
35
121
144
84
14
76
15
62
125
96
99
97
144
72
110
91
79
28
28
107
124
126
99
46
50
2
98
101
4
87
148
81
54
76
76
141
151
118
70
130
122
91
116
104
53
82
121
121
118
141
119
19
107
9
140
134
100
54
133
146
108
58
30
111
10
98
93
21
73
35
45
87
113
139
45
96
39
55
82
115
113
117
1
138
129
112
36
127
89
71
144
121
64
97
67
15
61
67
88
71
123
90
107
86
15
66
89
140
46
124
34
107
86
143
57
14
57
130
30
75
35
100
76
144
100
87
142
74
97
9
49
80
26
30
82
16
4
64
41
98
107
113
88
153
123
65
136
132
72
32
116
47
150
129
2
78
146
99
102
83
145
60
150
26
149
43
88
127
92
47
105
29
18
52
7
26
36
63
111
12
128
120
137
69
69
14
75
61
79
3
145
145
11
66
94
86
80
121
56
146
7
149
139
38
93
3
55
137
28
34
9
114
96
64
87
144
1
1
49
131
115
88
124
153
81
52
79
120
140
128
126
125
14
62
135
9
123
68
144
92
46
25
92
2
118
90
88
79
15
149
30
151
105
110
45
40
80
12
42
111
126
146
18
2
33
62
73
63
31
69
122
93
59
83
22
66
117
32
70
108
95
119
97
57
49
109
62
58
139
40
116
33
60
60
14
39
14
63
85
49
144
10
80
112
39
66
27
74
53
64
139
82
79
126
31
101
64
23
116
72
80
133
117
139
139
54
43
120
26
82
123
138
137
111
3
47
34
135
134
83
137
87
78
55
137
75
53
142
129
97
150
119
13
112
120
116
43
149
22
90
114
135
135
18
128
141
92
132
51
89
90
65
82
100
32
95
9
61
48
2
69
64
116
52
87
34
63
108
142
30
87
124
112
133
98
95
74
33
93
53
109
56
55
16
123
75
73
122
48
27
124
40
71
126
92
40
116
86
128
26
34
36
39
42
47
1
120
113
69
101
110
67
106
134
54
57
2
100
59
60
63
83
107
90
10
56
55
48
40
131
121
93
135
88
73
118
15
70
19
14
37
31
137
7
130
34
94
32
119
76
121
73
27
66
42
13
56
143
123
115
22
102
57
83
101
113
65
98
12
135
4
101
137
32
86
99
78
44
99
101
23
105
49
1
92
116
143
83
105
82
66
140
7
72
26
59
85
13
70
72
125
81
35
57
36
6
97
95
124
46
62
139
141
111
151
143
41
67
55
55
36
79
133
87
146
7
86
150
4
48
136
28
151
64
137
133
127
124
83
128
49
40
85
10
60
138
79
116
4
54
127
82
138
70
121
43
80
137
112
75
55
69
53
95
19
34
93
147
149
31
15
94
83
49
82
25
109
16
121
33
133
41
99
98
140
75
140
36
9
60
115
87
121
14
99
37
137
3
24
118
88
131
26
83
133
62
83
108
107
24
106
29
121
67
26
119
9
52
13
140
18
28
29
93
112
80
15
29
45
99
119
31
131
14
127
129
25
135
89
77
139
9
138
148
101
78
145
47
107
41
138
88
62
76
41
28
142
35
30
32
127
111
107
33
148
135
113
74
99
153
25
7
47
147
41
21
125
82
98
105
142
56
53
56
148
71
11
144
93
97
43
118
40
131
126
45
76
121
51
86
139
135
25
29
14
151
123
60
133
43
112
5
112
146
16
151
23
20
106
66
151
153
21
147
90
127
142
18
146
28
132
13
72
95
131
93
135
82
127
47
67
9
123
9
80
70
91
1
15
11
151
153
112
8
37
38
141
7
2
149
107
141
134
36
86
101
123
88
12
25
52
74
3
26
120
65
4
113
63
127
30
55
141
56
74
104
85
145
99
123
93
55
133
32
122
145
101
35
149
4
78
78
119
129
123
90
42
70
51
27
151
59
95
104
66
34
71
62
55
92
70
7
105
8
73
151
113
96
4
123
58
123
67
4
98
92
30
113
81
58
140
64
83
56
14
133
152
64
3
109
60
63
8
39
33
123
95
118
34
137
40
100
68
41
7
140
25
129
63
9
147
69
43
26
55
19
139
147
149
149
102
38
123
22
127
52
149
64
32
59
11
111
141
130
39
75
108
38
101
113
131
21
127
99
12
78
49
15
105
141
39
68
120
126
60
75
149
88
136
41
36
9
70
109
98
75
116
148
64
70
62
149
150
6
52
148
74
33
70
65
92
35
85
129
39
74
143
8
149
23
93
87
20
59
134
125
87
125
93
95
119
134
151
27
34
2
31
75
140
54
106
26
115
31
35
58
48
129
44
18
4
90
135
67
133
75
91
129
60
53
76
142
125
80
65
47
34
71
11
4
52
13
133
108
93
37
78
130
93
121
129
96
51
97
121
26
110
38
124
152
109
56
138
106
136
50
126
12
5
109
59
136
61
125
95
94
139
44
59
53
76
108
65
106
56
144
44
7
23
74
110
20
147
57
82
100
60
47
58
3
116
20
61
91
70
18
33
124
36
56
127
17
23
92
113
55
124
89
150
143
147
109
18
81
84
80
130
3
93
92
56
113
15
58
38
76
145
21
4
111
74
54
11
42
122
142
141
70
123
150
105
117
75
34
128
56
58
70
68
93
42
16
114
91
149
87
10
13
73
12
45
40
101
136
103
67
17
132
52
78
1
57
121
67
118
111
106
122
7
113
137
101
38
146
14
114
107
149
80
12
108
146
120
91
132
103
151
71
58
67
54
63
123
95
137
151
119
153
42
85
68
103
12
151
128
65
47
63
131
14
71
52
102
53
93
5
64
17
15
103
20
11
36
36
20
120
104
26
73
27
3
92
109
112
78
87
48
102
52
112
51
126
134
67
58
75
36
29
67
41
101
146
151
89
82
15
120
92
27
14
139
53
134
121
130
28
10
111
85
3
119
118
95
73
105
146
48
14
21
117
43
39
48
87
92
62
146
65
8
29
38
51
30
50
148
54
18
125
129
24
125
105
81
63
50
144
5
138
13
64
78
123
75
103
82
56
79
16
29
13
142
38
94
142
98
11
150
3
9
67
88
48
50
89
141
29
95
29
123
33
152
103
46
92
97
76
74
26
95
80
36
99
110
59
50
46
109
127
7
4
129
80
57
69
68
51
2
70
34
107
68
110
131
64
36
60
79
74
49
34
65
87
71
44
107
72
89
121
26
88
41
49
9
120
107
22
122
29
105
23
89
63
39
5
117
36
48
127
10
66
40
90
76
68
146
152
5
88
7
89
10
52
138
62
7
99
14
71
42
55
27
12
55
98
142
6
137
88
95
76
71
11
60
52
21
31
15
111
77
75
4
15
25
122
72
1
88
14
113
15
87
26
5
140
98
96
149
105
127
16
137
9
137
27
111
92
51
142
2
13
145
102
32
61
141
57
71
55
28
85
69
64
32
23
19
69
107
134
35
66
72
63
90
23
1
84
63
51
25
107
14
132
71
132
149
114
115
98
71
129
146
26
55
58
150
4
120
103
21
52
89
63
120
80
78
56
70
27
122
43
108
39
64
21
10
37
69
8
21
14
14
138
119
81
30
51
142
71
97
44
30
12
98
39
5
77
60
106
63
148
132
46
151
135
128
78
129
85
151
51
13
145
33
25
124
79
132
106
135
32
42
94
114
64
90
97
84
149
118
151
63
100
98
29
57
130
17
139
88
131
87
9
129
82
147
47
128
79
23
33
96
44
62
14
10
39
120
97
41
90
75
7
139
57
115
132
148
91
131
132
102
50
121
75
152
15
9
46
7
54
38
107
103
90
24
119
86
136
113
97
22
86
79
129
4
72
54
34
5
36
93
50
72
22
14
149
146
84
70
46
81
10
9
83
33
142
82
86
82
109
85
142
149
104
48
138
93
135
106
2
113
28
58
58
131
137
66
29
35
46
9
4
89
51
7
13
5
68
75
95
142
16
110
92
3
118
61
74
138
1
128
6
61
64
133
84
13
54
38
142
129
102
123
75
12
142
100
4
93
63
67
108
95
147
111
30
152
151
17
123
128
35
114
45
40
46
53
148
130
103
36
48
72
119
31
135
96
9
123
86
20
90
38
117
11
149
149
94
94
126
113
12
108
81
124
19
70
52
46
134
151
133
148
106
103
49
79
54
108
26
51
88
135
76
135
99
49
96
65
45
101
92
115
6
120
9
72
61
21
103
6
135
16
4
124
19
16
15
142
64
102
87
61
148
22
19
118
138
59
73
85
112
67
106
64
27
21
68
113
51
74
113
117
142
82
48
39
63
5
131
50
4
2
81
115
52
89
102
37
34
78
11
53
29
87
125
123
121
102
96
133
151
5
137
14
45
128
132
82
93
135
17
116
142
141
127
28
3
34
46
29
34
17
148
143
139
64
55
26
29
96
71
83
143
68
39
56
103
145
63
151
121
143
21
107
107
69
14
31
138
20
21
110
149
30
11
97
13
70
14
67
91
138
5
85
63
127
120
126
142
41
148
141
119
29
123
12
74
146
19
48
150
78
26
89
71
38
44
142
55
89
104
36
14
20
149
7
60
71
52
75
144
50
64
95
12
26
63
63
127
153
112
145
38
112
70
24
123
87
85
102
14
21
61
7
93
50
45
95
97
19
50
17
14
64
116
139
80
137
35
74
104
21
42
153
136
111
137
40
38
15
146
23
1
149
61
106
76
60
111
116
110
147
25
16
122
38
66
83
112
18
145
116
53
138
51
112
10
13
117
46
128
79
137
39
84
132
49
77
29
121
136
23
87
68
48
89
136
35
6
54
106
38
123
137
62
117
135
64
29
126
57
14
85
95
122
102
55
3
129
68
52
150
109
110
27
115
50
13
147
137
110
70
85
56
126
43
119
3
123
24
39
38
138
52
41
152
143
24
34
27
82
119
76
67
129
48
1
8
121
56
24
80
132
28
66
12
37
124
75
88
19
116
1
125
21
47
78
34
133
8
37
26
139
60
14
97
64
136
62
9
112
15
107
61
60
111
3
79
7
79
36
124
95
34
60
26
147
40
67
116
98
127
37
113
148
3
49
141
88
81
78
137
136
21
135
131
10
84
75
87
13
2
38
117
104
106
17
86
84
93
20
138
83
141
51
50
111
38
101
143
88
73
79
54
102
107
136
108
60
79
119
149
110
129
14
129
130
139
45
124
93
85
42
49
125
149
64
13
24
58
107
85
114
113
89
52
66
77
96
7
29
52
97
63
14
33
44
32
14
10
70
59
65
78
86
55
47
63
90
76
123
66
87
117
10
152
21
143
123
21
62
84
106
4
104
74
143
31
3
30
120
72
111
124
50
30
46
151
141
78
72
90
142
150
56
30
66
71
100
135
93
138
152
79
127
48
112
22
58
83
140
24
152
15
38
87
112
126
131
52
59
67
72
2
59
94
112
72
63
13
98
121
3
31
12
49
123
26
86
128
142
62
107
116
59
55
75
94
52
42
95
7
140
31
31
115
21
3
56
144
147
36
101
129
55
55
15
30
153
1
62
48
51
26
122
11
88
141
140
59
70
15
106
120
16
89
130
38
121
119
75
131
49
33
68
92
67
8
134
68
68
29
62
137
36
53
151
27
133
137
106
17
29
140
10
76
97
43
64
74
57
130
139
101
55
62
121
52
68
69
35
112
59
150
125
141
63
69
35
123
136
126
54
135
102
64
89
16
58
101
122
62
2
112
107
134
115
107
141
137
127
67
78
131
26
51
14
43
119
71
34
61
55
48
130
95
66
38
151
54
104
87
2
46
92
25
88
130
95
115
52
105
120
24
102
19
94
147
39
37
112
43
6
80
142
9
147
87
83
150
32
131
46
87
63
57
3
40
47
6
82
55
74
1
37
29
9
53
136
29
37
132
54
30
75
29
81
140
27
79
112
144
130
94
22
116
52
107
95
72
5
110
16
3
112
89
29
95
101
143
36
64
3
102
109
41
78
144
48
45
27
15
57
108
16
14
10
9
101
45
98
5
87
146
79
134
36
141
106
54
42
62
16
97
43
90
94
2
139
92
78
46
76
74
137
143
7
62
8
137
140
39
122
83
140
104
149
131
108
37
9
144
45
28
81
49
128
49
123
123
21
58
75
56
46
82
93
47
81
63
107
45
96
151
55
56
77
111
37
13
102
148
9
145
3
31
116
58
123
135
118
114
145
84
143
108
91
87
64
117
85
58
7
60
85
37
44
63
132
52
137
148
126
104
148
145
130
90
101
106
105
131
97
4
21
64
117
127
2
87
140
140
96
15
15
82
86
87
117
51
142
83
121
66
118
113
16
95
125
34
23
85
138
61
122
22
138
98
147
58
10
34
59
152
96
85
9
32
64
138
140
80
101
71
62
93
37
68
89
38
14
1
22
70
151
101
59
102
123
147
71
31
48
53
15
25
76
93
28
34
84
91
63
38
140
120
13
50
3
10
72
6
20
144
56
78
133
114
20
145
4
125
116
37
6
83
54
105
75
18
76
24
131
137
82
92
14
60
52
55
58
136
76
54
138
121
37
43
42
72
45
145
58
67
110
135
66
74
120
138
68
66
35
58
4
92
111
120
126
114
104
89
13
2
116
4
135
59
140
130
116
54
119
87
68
97
7
80
80
21
41
44
7
12
102
115
75
67
60
58
132
79
90
81
28
111
13
62
142
43
24
116
38
82
89
83
47
89
6
89
82
57
9
12
90
42
119
139
71
133
130
153
136
89
117
141
62
15
120
97
77
116
117
9
132
129
72
137
9
85
70
153
73
141
109
35
49
55
30
144
83
148
78
15
36
93
50
153
133
130
68
113
97
77
46
108
95
94
63
14
102
80
111
149
47
71
106
75
64
147
14
138
30
60
63
57
37
124
5
72
9
2
130
116
131
46
35
17
59
134
26
63
151
97
97
95
19
99
76
115
62
98
112
29
137
112
79
94
132
11
64
4
27
22
116
89
111
40
1
59
107
113
28
45
144
70
73
149
131
23
82
44
71
128
34
112
79
10
2
133
61
88
45
97
