66
130
16
95
11
3
109
31
31
45
147
118
35
53
48
8
79
124
35
147
5
125
115
56
131
34
70
80
48
19
127
146
135
155
7
56
5
110
21
95
83
77
123
99
92
105
3
126
69
46
99
44
15
135
14
90
80
96
110
126
19
37
28
22
143
107
80
34
147
99
104
128
102
98
143
13
129
126
139
11
58
85
129
119
35
29
145
45
97
121
17
39
101
127
32
71
63
130
15
124
38
21
21
137
2
8
125
9
14
50
19
123
145
115
154
150
103
115
121
73
107
154
125
20
48
122
149
46
50
39
90
147
12
141
2
136
92
13
4
142
57
136
23
13
79
81
44
153
103
85
139
57
47
97
115
47
67
30
129
124
153
64
140
66
12
53
24
38
79
106
151
140
6
130
88
76
93
46
118
20
119
26
3
2
83
115
142
54
137
13
112
58
7
107
115
2
81
85
121
43
58
123
139
69
151
132
144
59
30
105
61
64
56
125
62
45
53
27
95
86
110
122
20
56
21
68
78
133
90
137
49
118
114
141
99
81
126
128
113
66
74
154
107
74
128
28
34
98
19
103
87
122
16
31
72
68
104
92
109
52
140
56
136
137
115
48
69
59
34
92
80
23
85
147
76
122
134
34
45
53
30
25
15
46
46
45
26
74
137
24
67
37
74
36
30
136
152
15
2
55
35
137
85
142
19
80
54
78
140
104
102
121
94
82
146
138
119
139
38
118
65
35
14
13
13
46
117
56
97
70
43
122
126
133
57
41
1
22
55
134
62
20
150
115
120
33
60
124
66
64
110
123
92
34
13
126
110
16
82
1
123
31
82
76
54
31
73
131
155
53
39
50
75
15
21
53
154
154
151
46
72
99
5
118
139
72
45
118
28
136
48
150
30
22
131
142
120
76
91
71
55
122
141
87
149
145
140
11
55
39
55
9
28
140
90
106
27
61
95
9
57
105
48
138
92
66
67
20
115
35
72
116
144
89
21
21
27
32
116
126
112
37
66
110
51
64
44
65
63
62
41
108
40
134
39
61
112
79
121
30
56
151
61
88
34
106
56
2
103
42
154
131
109
87
65
83
112
58
155
56
30
13
141
52
129
97
24
83
106
71
51
61
14
147
54
84
22
148
13
42
100
142
21
154
40
122
3
7
46
39
113
75
50
95
130
31
79
74
36
6
145
72
52
120
56
39
5
69
35
106
150
89
28
56
145
29
146
1
141
128
90
121
45
115
40
55
20
16
43
37
132
126
88
63
2
118
154
134
141
91
154
122
91
81
30
3
57
30
4
144
101
90
105
70
66
111
144
88
148
119
7
125
13
129
6
51
139
20
34
23
45
13
80
107
92
70
97
57
100
104
55
29
43
71
47
28
100
102
38
71
107
44
126
17
61
34
46
110
129
80
106
142
124
130
10
45
27
80
88
38
103
98
3
49
52
74
13
19
135
117
24
141
12
121
60
49
58
49
150
136
56
60
73
96
124
41
65
118
142
84
33
64
84
53
133
105
11
126
150
124
9
31
114
2
88
7
69
81
141
107
106
10
5
49
67
87
32
142
101
108
50
104
18
136
59
139
110
64
42
100
28
19
90
11
138
126
59
79
58
69
30
40
74
17
29
80
35
5
22
56
124
35
69
59
42
15
114
24
148
126
35
7
12
33
116
2
54
86
112
118
76
61
56
104
108
144
142
14
13
48
34
85
117
141
121
112
58
147
120
75
118
69
145
61
122
25
89
15
101
117
107
60
115
42
136
128
142
112
131
135
63
50
14
93
155
149
43
63
76
128
59
69
11
102
141
53
6
45
71
26
136
92
2
54
133
31
137
60
69
31
37
47
150
58
31
114
125
149
124
74
31
83
154
129
41
105
6
75
137
62
91
97
136
10
103
45
146
67
48
43
119
103
75
133
136
61
136
96
12
77
72
7
146
31
131
154
27
85
71
57
12
47
90
18
145
147
64
81
63
129
14
124
139
100
145
132
43
56
7
90
17
18
50
68
112
43
34
136
132
56
104
33
22
9
127
22
137
66
68
17
17
16
85
103
1
88
92
55
79
80
52
113
84
128
59
41
63
93
24
116
57
103
86
18
88
68
152
109
16
9
38
5
129
130
85
46
101
9
119
77
122
34
115
144
115
102
126
17
61
110
133
83
113
75
55
42
30
109
125
125
43
105
152
130
22
107
29
46
75
118
128
151
126
60
62
13
67
39
153
43
15
48
26
143
83
35
107
122
24
120
146
34
6
88
111
100
86
54
49
139
138
87
149
16
102
82
107
136
96
82
59
141
146
19
10
87
105
38
122
143
36
112
84
106
45
72
123
51
1
18
110
50
134
56
74
27
116
112
32
6
136
118
27
105
56
85
133
50
28
143
44
92
149
152
46
8
92
69
124
34
118
114
61
21
83
38
77
147
110
84
75
108
76
120
129
41
38
147
18
110
136
151
58
131
53
83
54
60
135
50
23
51
109
27
133
55
83
1
18
15
94
112
16
84
81
146
121
94
66
153
130
54
85
105
21
89
93
96
29
142
92
81
53
31
98
58
26
150
61
130
36
127
41
85
8
95
142
2
146
137
94
56
11
136
87
151
129
132
21
141
125
100
120
150
8
11
149
112
2
61
144
121
141
118
21
47
50
71
83
140
146
39
146
7
35
90
49
85
59
113
82
60
6
42
43
45
132
31
71
53
47
66
46
56
76
13
33
123
104
17
106
114
72
98
103
145
56
35
47
101
146
150
76
72
66
11
38
21
31
16
43
74
147
41
97
155
76
121
25
102
127
136
56
99
11
62
154
106
61
19
38
21
146
126
77
115
82
2
110
22
153
70
53
93
72
149
43
47
15
3
45
18
84
102
27
143
4
103
63
144
28
32
105
126
111
116
119
58
113
99
44
154
82
96
8
15
144
66
75
146
8
141
28
65
9
15
103
39
131
60
115
88
133
129
149
110
50
71
91
137
60
85
30
118
45
5
60
121
138
45
1
83
98
59
149
118
101
137
81
47
137
87
140
60
19
123
131
66
21
71
16
102
102
89
141
99
90
32
63
148
16
155
33
132
152
35
105
55
143
58
51
34
140
58
62
105
80
82
135
155
105
149
73
133
53
78
76
34
76
47
134
94
17
88
47
134
38
15
31
38
91
136
64
7
95
17
85
90
14
52
50
1
130
5
84
84
83
131
52
31
6
18
73
46
108
91
59
140
81
60
88
136
56
65
9
122
64
52
90
60
43
51
131
11
85
54
142
63
105
103
56
109
126
85
81
131
123
22
46
139
149
120
7
113
6
15
102
6
46
41
75
154
126
80
142
23
124
128
93
84
15
11
122
58
14
83
67
108
142
102
36
74
24
152
108
32
39
85
106
39
94
31
116
89
17
34
55
48
76
84
151
14
150
40
54
72
89
103
102
112
134
45
88
65
41
55
23
78
56
45
16
145
28
71
14
140
84
78
131
16
63
142
115
63
46
115
83
25
17
44
131
83
146
138
62
7
13
73
66
89
68
134
138
55
38
31
96
52
41
72
138
19
92
124
78
21
43
115
49
16
67
151
8
70
2
97
104
153
95
155
81
27
70
24
61
46
91
6
85
133
82
14
128
111
87
117
103
30
57
139
138
45
122
102
17
5
85
118
71
138
30
92
55
94
124
117
8
21
28
124
46
134
34
113
35
81
78
90
21
56
52
43
5
81
30
72
125
141
5
136
137
19
148
149
128
58
92
81
112
64
74
26
16
59
65
84
32
83
145
101
108
30
108
118
113
31
113
27
105
138
26
68
124
107
52
12
28
63
142
36
143
146
11
13
53
103
70
138
22
18
27
128
64
15
146
78
102
147
34
37
15
55
4
72
150
33
155
108
121
7
21
90
148
146
151
80
16
17
13
136
53
67
139
101
35
124
23
96
141
40
5
54
2
60
69
67
117
142
69
52
72
152
85
113
110
80
52
118
58
36
45
103
34
51
85
62
104
18
152
2
14
108
69
11
74
52
26
45
97
91
59
16
55
136
97
23
77
89
46
73
132
33
154
116
129
131
129
115
82
114
63
92
53
80
84
69
129
135
38
34
121
142
153
81
18
84
45
80
31
82
89
148
121
50
21
58
34
2
100
7
21
30
58
83
75
136
115
31
98
115
73
115
154
116
57
125
17
47
41
155
12
77
154
93
65
95
33
91
96
60
51
88
59
86
107
29
47
151
9
34
56
49
82
76
19
121
41
84
55
25
83
88
45
114
2
71
53
19
103
75
34
63
150
48
61
1
68
45
7
112
75
102
56
59
19
17
122
137
131
71
38
21
128
9
44
8
71
32
34
53
91
55
129
7
142
56
52
55
131
103
80
16
141
51
51
129
88
149
66
13
61
130
117
143
153
129
51
140
64
115
43
142
39
95
42
3
73
8
47
104
63
124
38
89
25
65
38
107
58
83
17
79
41
89
104
62
93
146
10
153
71
139
54
10
104
92
102
150
72
21
82
52
15
21
94
140
74
109
111
87
17
61
13
74
7
110
18
42
117
24
83
4
76
8
54
9
80
123
80
70
39
126
127
61
5
61
112
47
44
57
129
129
116
71
91
34
41
4
62
47
118
85
80
142
126
57
19
3
54
123
148
29
10
128
38
52
110
17
54
141
80
72
99
138
110
58
44
155
91
71
109
13
85
53
116
34
41
31
112
146
118
75
46
30
60
125
46
3
61
49
49
84
68
51
1
19
19
137
61
71
55
115
3
116
117
18
147
85
139
146
131
121
85
101
134
90
138
38
129
84
75
11
147
90
87
108
52
131
50
70
12
91
102
79
17
82
43
50
65
107
38
56
10
85
7
119
27
136
68
41
16
15
68
44
155
130
149
104
75
148
40
128
114
117
132
75
140
58
152
123
113
29
61
43
64
84
130
55
36
122
121
130
9
20
1
64
66
104
23
28
107
155
46
129
45
35
45
140
19
127
103
110
110
20
120
44
15
7
74
61
97
71
45
116
84
139
29
38
83
65
127
147
85
122
112
92
84
97
122
120
38
63
91
48
137
40
44
119
136
89
30
51
96
107
61
9
1
88
121
113
47
145
79
8
79
123
56
95
134
95
89
125
14
117
2
127
136
132
123
64
53
42
17
55
49
117
86
62
131
140
121
120
85
69
101
127
26
96
64
75
6
137
117
21
23
13
34
94
6
130
111
149
152
51
50
57
18
133
121
116
94
31
121
147
21
22
87
81
136
26
140
33
121
37
90
72
139
46
66
109
28
114
81
39
45
59
36
110
95
130
10
67
99
122
99
114
44
43
69
146
88
138
146
118
48
3
97
103
131
98
123
137
6
138
4
147
151
17
139
69
10
104
133
103
17
118
99
19
37
129
20
155
59
60
34
78
107
76
83
74
5
102
23
32
93
18
6
32
53
66
111
7
149
114
151
76
35
8
41
141
101
59
80
121
70
77
143
19
73
149
67
25
49
155
30
79
48
30
6
83
25
129
130
155
89
106
75
72
47
23
97
53
138
101
57
4
57
88
117
42
100
41
60
86
87
51
24
109
42
21
47
37
30
53
110
99
151
98
123
116
89
23
126
122
92
154
128
139
90
136
96
102
71
148
152
147
86
119
16
11
85
126
52
84
30
38
105
97
105
132
32
121
138
45
50
21
106
51
142
91
85
50
25
142
112
75
29
81
14
31
37
66
71
45
145
17
47
150
22
126
6
94
131
146
69
15
15
72
59
11
112
145
137
19
116
141
63
41
79
149
13
144
55
52
120
19
29
16
129
123
67
130
80
39
121
139
81
81
16
111
145
93
10
135
81
23
129
141
60
139
69
13
39
90
84
137
138
89
23
6
82
22
134
91
101
92
15
67
152
60
61
21
26
97
154
7
86
53
131
80
49
17
18
83
60
111
21
49
26
72
78
78
85
135
56
95
18
146
76
92
56
111
59
14
80
139
124
56
112
129
118
13
21
134
154
141
131
35
155
149
15
95
71
49
33
32
58
63
98
127
123
86
53
121
4
135
78
32
80
31
48
114
132
68
44
50
152
49
88
101
21
137
58
14
136
42
115
133
125
100
144
96
118
121
50
57
152
58
107
5
139
73
27
19
85
10
147
137
86
19
148
60
67
41
117
147
51
135
130
69
110
95
75
82
149
66
124
8
30
101
28
147
22
135
134
59
80
57
62
41
42
94
32
23
79
88
13
112
33
104
94
69
67
63
9
88
10
37
86
127
151
152
26
59
40
134
107
53
37
19
121
3
2
80
113
57
31
71
96
76
57
153
57
21
111
123
29
8
48
9
155
142
58
132
31
38
32
30
83
11
116
154
95
117
45
42
61
129
71
10
58
126
93
119
116
110
120
88
137
93
139
50
152
105
123
111
84
12
55
148
121
114
14
106
69
120
114
80
102
5
57
15
62
103
62
39
1
91
116
64
125
79
14
40
24
79
74
155
78
100
90
110
90
150
31
129
19
144
19
19
72
26
64
8
28
143
106
150
126
48
86
113
110
93
136
33
22
28
126
70
125
62
51
50
87
63
118
126
22
57
117
54
155
153
120
69
90
55
69
89
56
80
122
14
117
122
69
8
14
70
43
41
74
60
43
97
82
116
34
1
43
155
79
5
2
144
138
133
96
38
130
129
18
35
21
154
89
134
122
123
99
50
137
73
46
137
50
131
92
13
47
2
84
89
102
95
16
63
109
98
107
61
105
135
85
16
136
7
133
60
154
139
153
120
31
94
85
98
103
108
142
118
85
3
130
10
43
141
148
55
30
64
64
64
66
137
109
148
69
89
32
76
145
15
132
114
62
126
140
122
133
17
137
119
44
7
137
140
44
138
35
77
29
141
129
128
68
92
41
59
44
41
113
90
105
112
33
139
119
77
28
52
82
8
53
154
153
4
88
5
125
53
148
53
88
6
93
12
139
150
89
66
73
38
119
85
121
144
57
55
123
135
80
123
149
131
117
84
64
38
30
143
142
14
53
4
4
15
45
139
125
65
5
122
36
143
90
53
137
136
147
149
5
32
49
83
13
63
81
118
45
118
151
82
49
86
49
150
69
110
79
103
98
14
119
139
117
112
123
136
11
154
37
44
104
142
137
30
2
147
123
92
68
115
81
37
76
21
130
150
2
123
77
85
72
35
139
122
131
17
40
118
10
103
108
63
121
89
86
89
78
126
38
12
32
97
90
36
25
151
87
17
116
108
127
64
71
102
46
136
131
57
149
107
152
64
101
31
155
111
142
71
25
62
150
105
38
42
76
43
135
83
5
34
136
70
151
114
74
139
58
125
83
104
138
142
149
119
54
11
55
76
59
121
19
41
155
111
102
106
141
39
115
61
118
48
17
46
110
140
144
68
43
34
69
48
79
77
127
77
16
137
58
88
71
146
84
17
133
125
99
112
148
118
145
9
55
12
113
139
100
80
143
19
92
11
130
125
107
81
44
63
48
50
87
138
80
49
77
41
145
136
84
121
40
136
66
115
5
62
89
90
60
37
140
131
50
117
52
75
92
4
3
89
49
143
46
142
37
136
139
37
16
74
55
96
72
131
144
83
106
95
17
152
39
114
130
11
129
18
78
105
112
108
112
41
131
65
72
46
135
38
3
95
19
141
72
127
82
14
18
138
125
58
118
78
17
142
32
125
79
49
93
14
16
69
150
121
75
135
151
107
142
13
154
126
63
115
85
47
56
38
6
132
100
46
83
40
129
123
60
9
129
88
7
101
49
32
107
111
27
56
61
140
28
120
137
36
23
54
150
96
116
53
55
46
144
26
66
29
75
3
121
13
151
18
32
73
105
150
104
81
13
80
1
20
122
129
122
146
97
152
65
93
154
66
104
79
112
23
34
91
63
129
155
98
106
110
115
69
81
97
9
129
47
153
19
107
137
137
116
13
131
78
28
116
3
22
16
56
121
55
103
95
120
147
108
68
36
40
125
21
154
20
13
109
3
137
30
83
33
15
80
11
91
45
18
96
138
103
24
126
21
117
146
115
76
90
41
7
150
50
12
37
140
115
151
139
45
122
77
53
22
146
95
109
150
20
75
54
118
17
61
137
84
2
38
131
106
33
82
139
68
60
72
75
141
107
12
132
59
49
55
57
125
20
30
150
101
113
140
109
77
150
128
66
60
6
127
141
123
134
145
84
91
113
33
44
86
5
34
85
142
44
93
20
139
58
13
30
80
80
34
2
36
136
148
107
96
49
39
154
106
82
21
51
9
67
68
84
138
84
18
98
56
19
95
128
67
67
23
6
116
150
139
56
64
118
33
117
24
25
66
88
111
53
16
85
131
155
42
79
23
112
19
32
9
44
35
39
100
80
137
31
30
74
52
49
39
149
63
28
99
78
148
112
5
7
3
58
115
20
103
92
85
27
131
115
136
77
72
17
85
79
15
98
122
123
115
148
125
74
32
146
13
101
15
88
154
25
93
105
61
45
81
11
10
72
112
144
107
53
103
143
51
114
10
62
125
153
90
125
141
141
14
19
110
68
137
148
9
36
88
94
79
45
111
45
79
75
98
36
34
74
123
155
134
72
7
112
149
45
61
49
79
35
122
58
15
102
69
29
150
102
59
92
107
135
9
55
142
38
12
18
89
102
98
37
145
135
38
110
16
126
31
16
110
11
57
14
142
141
53
2
38
21
115
72
64
29
101
103
65
122
98
25
108
100
21
151
21
7
141
79
15
68
94
87
77
9
37
137
58
121
118
44
45
41
146
112
143
15
35
74
28
42
132
139
134
154
9
88
51
148
4
138
154
30
107
66
89
108
154
116
43
51
96
114
38
113
33
150
90
41
52
4
104
69
112
33
150
1
61
76
149
25
153
95
97
121
84
132
12
49
46
112
33
68
139
116
146
122
140
71
37
99
121
53
67
56
8
131
71
93
55
120
21
26
144
102
103
15
85
120
105
48
31
54
89
46
100
98
105
114
95
82
43
110
14
109
35
102
102
74
45
142
14
55
84
33
93
116
46
24
141
30
30
18
5
74
45
33
14
73
51
118
121
7
51
66
118
5
59
41
83
4
25
44
73
119
83
124
133
68
124
118
148
3
10
14
153
75
30
31
86
94
66
49
150
67
65
53
104
101
19
139
136
119
69
118
48
140
55
98
41
112
125
141
43
3
116
26
11
82
112
72
138
122
11
23
46
61
64
30
37
44
114
143
85
126
16
146
118
139
86
101
142
52
109
15
38
25
1
34
19
146
50
41
105
71
109
14
57
76
14
41
38
137
68
139
14
119
117
107
53
108
53
84
146
43
45
45
104
39
105
141
34
81
146
77
138
84
116
15
107
13
136
41
8
18
30
106
150
40
21
100
57
107
88
5
100
31
82
63
142
4
85
153
97
154
155
97
17
110
149
33
31
119
30
60
56
121
93
51
11
21
87
5
107
44
137
101
106
149
56
11
71
45
68
148
139
137
90
42
13
97
45
142
13
14
12
82
90
142
49
102
17
47
104
1
33
39
104
32
64
94
138
120
127
19
80
112
48
153
62
145
109
33
143
151
5
41
72
41
151
61
4
131
70
102
126
14
126
50
104
142
26
19
132
67
30
110
71
139
89
108
91
117
35
78
50
66
137
31
63
106
20
7
115
120
48
28
87
3
37
15
28
129
17
52
1
4
90
69
6
110
25
28
57
72
121
139
15
11
69
125
38
28
30
30
145
38
31
27
135
117
144
65
127
108
33
134
138
73
121
13
34
44
150
131
98
53
76
64
76
72
19
127
150
71
71
129
73
33
123
59
10
144
132
54
155
2
154
15
130
46
133
102
113
102
30
80
70
113
60
58
5
103
93
59
44
101
106
65
36
84
3
66
93
27
75
150
82
136
66
61
24
110
92
97
119
77
115
8
78
91
5
93
88
36
121
4
20
34
133
80
35
61
151
131
34
71
104
21
66
82
142
44
70
75
30
10
147
87
66
139
98
123
152
43
54
63
51
106
70
101
26
97
121
123
19
28
122
64
46
112
38
87
24
141
44
86
77
72
46
39
90
125
28
150
29
78
87
67
26
115
71
50
117
51
24
46
73
37
111
11
142
133
115
43
132
52
94
84
106
12
2
144
138
11
89
63
40
5
93
53
60
28
110
128
53
99
75
17
136
106
121
90
109
62
123
50
15
60
36
152
57
43
152
136
154
138
60
60
45
44
107
140
64
18
26
50
11
131
92
149
147
144
123
55
4
38
6
129
140
10
59
23
134
31
116
17
85
54
79
41
82
108
50
53
64
34
69
53
88
82
69
25
1
63
104
127
139
61
21
91
52
132
3
53
12
70
79
38
141
8
46
125
88
66
21
143
107
49
77
107
129
136
147
64
60
155
106
13
30
124
79
65
49
16
4
127
64
15
90
22
16
15
76
5
121
36
71
84
150
15
125
91
83
146
124
155
31
44
8
125
53
86
103
83
10
8
30
127
18
66
146
91
107
27
71
154
33
131
86
143
55
82
116
98
89
21
34
1
107
145
129
149
125
40
2
41
111
4
142
15
52
14
139
6
18
16
114
49
59
38
106
106
64
57
22
132
5
46
38
112
120
23
116
15
34
30
32
66
88
57
4
5
137
20
35
67
1
100
9
12
72
98
79
62
103
59
67
98
107
90
124
98
56
151
64
79
29
57
25
37
45
22
42
62
4
32
75
94
78
137
60
24
69
65
134
88
140
53
74
119
83
5
55
126
106
102
47
100
104
8
17
134
108
152
3
105
1
43
73
19
140
149
85
155
38
14
46
58
50
64
38
49
32
5
107
41
138
50
138
104
132
63
137
117
40
64
32
76
14
154
139
154
20
14
13
146
154
45
76
49
43
141
115
84
140
101
13
129
64
102
27
102
24
93
80
152
80
150
152
79
115
56
84
102
50
80
40
56
126
129
153
55
73
66
90
71
41
58
35
127
147
58
105
74
77
50
112
102
98
70
78
115
99
26
78
106
20
15
9
112
6
155
46
138
110
89
70
44
78
137
73
7
78
151
6
28
60
135
8
40
21
43
16
114
120
117
19
33
69
6
31
152
42
76
36
82
127
154
71
6
137
50
38
115
18
84
154
61
101
75
90
21
66
99
5
23
139
67
118
8
141
31
109
35
71
133
68
131
16
131
145
12
96
50
55
61
154
115
126
135
147
84
3
118
67
57
118
140
142
5
33
82
84
58
126
148
28
51
129
48
82
6
122
29
32
126
53
114
13
32
48
82
86
53
87
26
123
58
89
83
46
47
84
107
142
69
15
108
103
49
132
58
49
61
59
142
147
84
71
15
111
55
74
45
71
101
137
109
103
2
15
70
141
43
