10 29 4
21 49 3
30 56 5
6 64 4
50 69 1
55 69 0
44 76 3
19 99 3
52 99 3
11 100 0
21 102 3
22 105 4
34 112 0
80 112 0
114 120 0
113 127 0
32 129 0
93 129 5
3 130 3
63 132 0
65 134 0
32 135 4
83 135 2
121 143 0
140 143 5
60 145 4
26 147 5
14 149 0
52 149 0
103 150 3
141 154 3
26 155 4
69 156 0
40 157 0
8 159 2
92 161 0
122 162 4
141 165 0
109 166 5
155 169 5
127 172 4
77 173 3
30 174 4
133 175 6
131 176 0
128 180 5
99 182 3
113 183 4
137 184 5
77 188 0
129 188 5
94 190 5
175 191 4
20 193 0
33 193 4
183 195 3
87 199 0
82 200 0
136 201 0
60 203 4
136 203 0
161 205 6
168 205 0
143 211 4
149 211 4
22 213 5
135 213 0
126 215 6
211 215 0
182 216 1
95 218 5
107 218 5
168 218 4
127 222 4
172 222 4
138 223 0
72 224 4
129 224 0
4 227 3
156 227 0
91 228 0
20 230 4
8 231 0
123 231 2
181 231 0
101 233 4
171 233 0
219 234 0
92 235 0
65 236 3
55 238 5
219 241 5
150 242 0
90 244 0
220 244 5
108 247 4
192 248 5
69 249 4
87 250 5
118 251 4
17 252 3
220 252 2
82 253 0
163 253 0
35 254 0
76 254 4
4 255 4
172 255 0
227 255 4
71 257 4
59 258 3
89 258 3
125 258 0
49 261 0
36 263 0
238 264 5
6 265 4
64 265 4
187 265 3
20 270 4
223 271 3
73 272 0
215 272 6
208 274 5
189 275 0
192 275 6
258 275 0
244 277 3
123 278 0
4 279 0
187 279 4
241 282 5
6 283 4
44 283 5
265 283 4
162 284 0
2 285 4
76 285 3
279 285 5
31 286 0
207 287 5
118 288 5
170 288 3
222 288 4
277 289 0
30 290 3
161 290 5
272 290 5
155 291 5
177 291 6
256 291 1
269 291 0
108 292 3
230 294 5
270 294 5
162 296 0
232 296 5
26 297 3
242 297 6
198 298 0
214 298 3
135 299 2
290 299 0
115 300 6
148 300 4
8 302 5
159 302 3
17 303 2
244 303 3
280 303 3
204 304 4
217 304 4
271 304 4
71 305 5
196 305 6
271 306 0
10 307 3
135 307 1
16 308 7
235 308 0
42 309 0
230 309 5
189 310 5
135 312 0
96 313 0
127 313 2
2 314 5
142 314 0
254 314 5
279 314 5
166 315 6
182 315 5
239 316 6
259 318 4
260 319 5
201 320 5
32 321 5
217 322 1
252 324 5
13 325 4
292 325 5
210 327 0
253 328 3
302 328 5
139 329 0
225 329 5
238 329 5
326 331 0
259 334 6
21 336 4
111 336 5
228 338 6
258 338 3
265 339 0
9 340 0
173 340 2
227 340 1
240 340 0
3 341 0
149 341 5
268 341 6
128 343 3
213 344 6
326 344 0
66 346 0
0 347 5
301 347 0
128 348 0
181 348 6
343 349 4
24 350 0
250 350 6
10 351 0
104 351 0
292 351 0
195 352 0
298 352 5
210 353 0
17 354 3
63 354 0
193 354 3
280 354 3
324 355 0
146 356 0
250 356 0
309 356 7
3 357 3
184 357 5
241 358 4
245 358 5
147 360 6
265 361 0
170 362 0
224 362 5
242 362 5
360 362 5
54 363 4
267 363 5
335 363 0
341 363 4
83 364 0
320 364 8
21 365 0
298 365 4
89 366 0
152 366 6
140 367 0
241 367 4
245 367 5
140 368 0
338 368 6
366 369 6
266 371 5
325 371 0
196 372 7
234 373 0
267 374 6
268 374 7
214 375 4
298 375 7
328 375 4
352 375 5
221 376 6
230 376 0
307 376 6
198 378 6
67 379 6
134 379 5
210 379 5
79 381 4
83 381 4
221 381 4
302 381 0
350 381 0
119 383 7
344 383 6
78 384 0
79 384 0
107 385 0
214 385 5
253 385 5
334 385 0
365 385 4
375 385 3
314 387 0
11 388 0
18 388 3
116 390 0
32 391 4
135 391 3
350 391 1
160 392 0
247 392 7
45 393 5
348 393 5
264 395 6
305 395 7
342 395 7
105 396 4
134 396 4
210 396 4
285 396 0
344 396 5
126 397 5
161 397 6
260 397 0
290 397 5
103 399 4
150 399 3
204 399 4
223 399 2
66 400 0
103 400 0
377 400 6
36 401 0
49 401 5
160 401 1
188 401 6
336 401 5
92 403 6
140 403 4
273 403 6
365 403 0
47 404 0
244 404 7
277 404 6
303 404 5
343 404 0
102 405 6
108 405 0
336 405 7
401 405 7
144 406 0
358 406 4
362 406 0
367 406 3
165 408 0
391 408 5
21 409 5
37 409 0
262 409 8
336 409 7
119 410 5
134 410 5
253 410 0
379 410 5
383 410 7
396 410 4
159 411 4
253 411 5
365 411 4
385 411 6
1 412 5
202 412 5
221 412 0
118 413 7
222 413 4
251 413 5
288 413 6
338 413 0
170 414 5
263 414 4
301 414 1
49 415 0
271 415 4
276 415 0
309 416 0
169 417 4
242 417 6
251 417 0
291 417 5
297 417 5
360 417 6
214 418 4
328 418 7
352 418 7
153 419 5
210 419 0
187 420 5
254 420 6
265 420 4
38 422 0
310 422 6
72 423 5
133 423 5
175 423 5
177 423 5
417 423 4
44 424 0
103 425 4
223 425 5
382 425 0
415 425 5
67 426 5
134 426 5
210 426 4
213 426 5
383 426 7
410 426 6
318 427 5
331 427 6
53 429 1
122 429 6
124 430 0
339 431 6
350 431 6
323 434 0
133 435 3
169 435 5
224 435 5
360 435 5
362 435 6
116 436 4
246 436 0
345 436 6
384 436 6
329 437 0
333 437 5
12 438 0
17 438 3
60 438 0
310 438 0
324 438 7
46 439 0
280 439 7
341 439 0
354 439 4
438 439 6
97 440 3
349 440 5
159 441 3
253 441 5
365 441 7
385 441 5
27 442 5
318 442 0
387 442 5
24 443 4
121 443 2
235 443 4
236 443 0
305 443 0
349 443 3
386 443 4
42 444 1
157 444 5
166 444 4
315 444 4
318 444 5
331 444 5
281 445 4
323 445 0
332 445 4
343 445 2
169 446 4
291 446 4
297 446 4
362 446 6
423 446 4
435 446 5
45 447 0
120 447 6
245 447 7
358 447 4
367 447 5
120 448 5
245 448 5
272 448 0
406 448 5
447 448 7
52 449 4
136 449 5
164 449 7
444 449 4
74 450 0
147 450 5
177 450 5
191 450 5
224 450 4
410 450 0
435 450 5
88 452 0
428 452 8
342 453 0
359 453 0
159 454 4
253 454 5
365 454 5
387 454 0
411 454 8
441 454 8
143 455 6
206 455 0
267 455 5
363 455 6
380 455 0
219 456 6
406 456 8
448 456 7
31 457 4
50 457 0
148 457 4
300 457 5
393 457 4
1 458 2
15 458 4
38 458 2
77 458 2
330 458 4
340 458 3
88 459 5
260 459 6
388 459 0
391 459 6
408 459 7
199 460 5
227 460 0
266 460 0
295 460 0
325 460 5
41 461 6
137 461 4
354 461 1
402 461 0
162 462 5
201 462 7
445 462 0
157 463 6
259 463 7
334 463 6
117 465 0
449 465 0
64 466 0
85 466 5
426 466 0
72 468 1
145 468 5
168 468 6
429 468 6
46 469 4
113 469 0
236 469 5
330 470 0
304 471 4
393 471 0
399 471 6
415 471 7
172 472 5
207 472 5
222 472 3
358 473 0
43 474 0
256 474 5
311 474 6
322 474 0
359 474 4
371 474 5
80 475 6
258 475 4
368 475 5
0 476 0
57 476 0
299 476 5
319 476 6
60 477 4
462 477 6
250 478 6
310 478 7
339 478 7
193 479 5
438 479 7
439 479 7
11 480 4
84 482 6
282 482 0
29 483 4
391 483 4
457 483 0
97 484 0
137 484 5
184 484 6
357 484 7
437 484 5
229 485 0
161 486 7
174 486 7
205 486 8
397 486 8
193 487 4
220 487 5
244 487 5
303 487 6
404 487 6
440 487 0
479 487 5
110 488 3
121 488 3
332 488 6
403 488 0
148 489 5
306 489 7
384 489 0
73 491 0
301 491 6
430 491 9
18 492 0
145 492 5
203 492 4
364 492 6
429 492 4
462 492 4
230 493 0
307 493 0
312 493 6
373 493 7
452 493 7
120 495 4
190 495 0
219 495 6
406 495 6
447 495 5
456 495 8
271 496 5
304 496 5
334 496 0
398 496 8
425 496 6
349 497 6
388 497 4
488 497 4
2 498 5
6 498 5
44 498 5
187 498 5
265 498 6
283 498 7
332 498 0
102 499 0
12 500 5
130 500 4
184 500 5
311 500 0
357 500 6
437 500 4
461 500 4
484 500 6
312 501 6
493 501 7
494 501 0
7 502 6
115 502 0
230 502 1
352 502 0
403 503 5
455 503 7
179 504 0
22 505 6
67 505 6
210 505 6
213 505 7
344 505 7
379 505 7
396 505 6
487 505 0
354 506 1
461 506 9
484 506 5
171 507 0
191 507 0
214 507 5
253 507 4
365 507 5
385 507 8
441 507 7
22 508 4
67 508 7
379 508 8
383 508 7
396 508 6
410 508 7
426 508 7
505 508 8
352 509 0
219 510 6
241 510 8
282 510 6
358 510 5
367 510 6
495 510 6
218 511 5
467 511 0
468 511 7
56 512 6
174 512 7
198 512 0
212 512 7
215 512 6
397 512 7
486 512 9
150 513 3
157 513 0
223 513 6
304 513 5
415 513 5
425 513 8
496 513 8
494 514 8
190 515 0
311 515 8
382 515 8
173 516 0
440 516 6
5 517 6
138 517 5
329 517 5
342 517 6
67 518 0
92 518 6
503 518 7
79 519 4
258 519 0
319 519 5
321 519 7
476 519 7
483 519 5
10 520 3
32 520 3
299 520 2
321 520 6
408 520 4
483 520 5
519 520 5
39 521 0
111 521 7
262 521 8
336 521 8
405 521 8
409 521 10
10 522 3
188 522 0
376 522 7
381 522 5
408 522 6
41 524 6
312 524 0
437 524 7
461 524 7
506 524 9
54 525 4
140 525 4
211 525 5
268 525 5
273 525 6
341 525 4
347 525 0
503 525 7
5 526 6
225 526 5
297 526 0
394 526 8
517 526 6
104 527 0
199 527 6
460 527 7
287 528 7
472 528 6
151 529 7
194 529 5
225 529 6
257 529 7
264 529 6
497 529 0
9 530 5
325 530 7
38 531 6
50 531 4
77 531 5
221 532 5
260 532 6
319 532 7
463 532 0
483 532 5
503 532 0
522 532 6
72 533 1
263 533 6
313 533 6
472 533 7
387 534 6
514 534 7
77 535 4
412 535 7
531 535 8
59 536 4
95 536 0
289 536 8
368 536 6
436 536 0
246 537 7
366 537 6
458 537 0
501 537 7
114 538 4
251 538 5
414 538 4
533 538 7
216 539 4
445 539 5
189 540 6
239 540 0
421 540 9
422 540 8
431 540 7
46 541 0
424 541 7
523 541 9
6 542 5
64 542 6
187 542 5
279 542 8
283 542 6
285 542 7
170 543 6
172 543 5
414 543 7
477 543 1
491 543 0
528 543 6
105 544 6
119 544 7
342 544 0
344 544 7
379 544 6
383 544 9
396 544 7
410 544 8
508 544 8
11 545 5
284 545 5
407 545 7
424 545 5
535 545 0
23 546 6
119 546 0
320 546 7
337 546 8
364 546 6
511 546 7
13 547 6
325 547 7
332 547 1
370 547 0
460 547 7
530 547 9
290 548 0
344 548 0
360 548 0
377 548 9
400 548 8
497 548 0
175 549 0
289 549 8
293 549 7
536 549 8
33 550 0
242 550 0
298 550 0
346 550 5
130 551 0
245 551 6
358 551 8
406 551 8
456 551 9
495 551 9
510 551 8
247 552 5
399 552 0
440 552 0
527 552 8
530 552 8
547 552 8
420 553 0
494 553 8
534 553 7
101 555 0
267 555 6
341 555 5
374 555 8
403 555 5
518 555 8
143 556 6
363 556 6
455 556 9
518 556 8
555 556 7
43 557 6
339 557 6
350 557 7
422 557 8
468 557 0
540 557 10
49 558 5
93 558 5
111 558 5
129 558 6
188 558 6
262 558 7
401 558 7
409 558 7
521 558 8
150 559 3
246 559 0
271 559 5
398 559 9
415 559 7
471 559 7
496 559 9
232 560 8
373 560 6
391 560 0
523 560 0
22 561 6
105 561 6
119 561 7
213 561 8
344 561 8
357 561 0
383 561 9
410 561 6
426 561 7
505 561 7
544 561 9
211 562 5
268 562 8
273 562 6
277 562 1
374 562 9
503 562 7
518 562 7
525 562 7
555 562 7
83 563 0
481 563 0
550 563 6
8 564 6
222 564 0
298 564 4
302 564 5
328 564 8
375 564 6
410 564 0
418 564 7
441 564 4
454 564 6
1 565 0
473 565 11
490 565 12
41 566 0
153 566 0
269 566 6
287 566 0
378 566 7
400 566 7
502 566 8
18 567 5
200 567 5
216 567 6
397 567 0
454 567 0
488 567 5
204 568 6
398 568 9
399 568 7
415 568 7
429 568 0
471 568 10
559 568 9
64 569 5
187 569 7
254 569 4
265 569 5
279 569 6
285 569 6
420 569 8
456 569 0
498 569 6
537 569 0
542 569 9
89 570 5
288 570 0
293 570 7
349 570 0
475 570 7
549 570 9
220 571 6
222 571 0
243 571 0
244 571 5
280 571 4
404 571 6
438 571 6
439 571 7
479 571 8
487 571 8
63 572 4
104 572 3
171 572 3
235 572 4
370 572 0
386 572 7
445 572 2
466 572 6
203 573 5
390 573 1
462 573 7
477 573 9
492 573 8
511 573 7
7 574 5
101 574 2
269 574 6
327 574 6
400 574 5
502 574 7
51 575 1
122 575 0
390 575 6
16 576 6
308 576 8
333 576 7
484 576 5
518 576 0
524 576 6
261 577 6
494 577 11
514 577 9
553 577 9
26 578 1
108 578 5
375 578 0
458 578 0
527 578 10
552 578 8
31 579 4
186 579 6
190 579 5
306 579 8
19 580 1
92 580 7
149 580 5
273 580 7
374 580 5
403 580 8
455 580 6
503 580 8
518 580 8
525 580 5
538 580 0
556 580 7
191 581 6
224 581 5
242 581 8
245 581 0
297 581 6
362 581 7
371 581 0
423 581 6
446 581 8
37 582 6
266 582 7
474 582 7
482 582 9
517 582 0
233 583 6
269 583 7
378 583 7
548 583 8
97 584 0
167 584 0
170 584 6
207 584 5
313 584 5
323 584 0
414 584 6
543 584 9
93 585 6
102 585 6
129 585 6
188 585 7
266 585 0
401 585 7
405 585 9
409 585 7
470 585 1
521 585 8
310 586 9
339 586 7
421 586 9
422 586 9
478 586 9
540 586 11
541 586 0
557 586 11
4 587 5
6 587 0
38 587 5
142 587 5
340 587 5
485 587 0
531 587 9
61 588 7
386 588 1
430 588 9
17 589 0
97 589 3
104 589 4
332 589 5
388 589 6
413 589 0
516 589 7
49 590 3
93 590 4
102 590 5
111 590 6
188 590 4
262 590 6
336 590 7
405 590 8
409 590 8
521 590 10
585 590 10
26 591 3
133 591 3
147 591 5
155 591 4
175 591 4
191 591 5
355 591 0
360 591 5
394 591 0
417 591 3
418 591 0
446 591 4
450 591 5
511 591 0
581 591 5
159 592 3
176 592 0
253 592 6
328 592 6
352 592 4
375 592 7
385 592 5
411 592 6
418 592 6
454 592 6
507 592 5
564 592 7
114 593 6
251 593 5
313 593 5
333 593 0
528 593 6
538 593 7
581 593 0
584 593 6
54 594 6
211 594 5
268 594 6
283 594 0
363 594 6
374 594 7
455 594 8
503 594 7
556 594 7
562 594 8
159 595 4
298 595 7
302 595 5
352 595 8
365 595 6
375 595 5
397 595 0
418 595 7
441 595 7
498 595 0
507 595 7
3 596 4
16 596 5
130 596 5
137 596 3
184 596 3
308 596 6
437 596 5
506 596 6
524 596 6
84 597 0
318 597 0
592 597 0
137 598 4
276 598 0
308 598 6
333 598 7
437 598 7
506 598 8
524 598 8
590 598 0
30 599 5
56 599 7
161 599 7
205 599 8
212 599 7
272 599 6
293 599 0
397 599 8
486 599 10
512 599 10
538 599 0
145 600 0
150 600 4
217 600 5
257 600 0
271 600 3
398 600 7
415 600 7
425 600 5
471 600 7
568 600 9
576 600 0
261 601 7
534 601 10
274 602 0
308 602 0
499 602 10
597 602 10
469 603 0
577 603 0
33 604 5
252 604 5
303 604 4
324 604 8
339 604 0
371 604 0
439 604 6
487 604 6
571 604 6
37 605 0
94 605 6
125 605 5
179 605 5
186 605 4
190 605 5
275 605 4
348 605 5
457 605 5
489 605 6
40 606 5
175 606 0
384 606 7
523 606 9
545 606 7
207 607 5
395 607 0
414 607 5
472 607 8
528 607 8
533 607 9
538 607 9
585 607 0
593 607 8
120 608 6
282 608 7
367 608 7
398 608 0
447 608 8
448 608 9
456 608 8
472 608 0
510 608 8
551 608 9
219 609 5
245 609 7
282 609 6
358 609 6
367 609 5
419 609 0
448 609 7
456 609 9
479 609 0
495 609 7
551 609 10
596 609 0
608 609 10
509 610 0
103 611 4
204 611 5
223 611 6
271 611 6
398 611 8
425 611 7
496 611 10
513 611 8
559 611 8
21 612 4
111 612 6
129 612 4
160 612 1
262 612 7
336 612 9
372 612 0
401 612 8
405 612 8
409 612 10
521 612 11
558 612 9
585 612 9
590 612 9
604 612 0
195 613 0
220 613 6
244 613 5
252 613 5
324 613 9
354 613 3
404 613 6
438 613 8
479 613 6
571 613 9
604 613 8
1 614 5
23 614 0
50 614 5
196 614 0
227 614 4
412 614 9
535 614 9
3 615 5
12 615 6
308 615 8
333 615 7
437 615 6
461 615 6
506 615 8
576 615 9
596 615 9
282 616 0
451 616 9
603 616 11
17 617 5
29 617 0
33 617 6
193 617 7
252 617 5
277 617 5
354 617 7
439 617 7
479 617 6
604 617 8
5 618 0
120 618 6
282 618 7
358 618 6
367 618 6
448 618 7
495 618 8
510 618 10
551 618 10
571 618 0
608 618 12
609 618 11
62 619 0
147 619 0
189 619 0
246 619 7
501 619 8
537 619 9
307 620 4
317 620 0
319 620 7
381 620 5
408 620 9
476 620 6
520 620 5
522 620 8
8 621 4
50 621 0
214 621 6
328 621 5
352 621 5
385 621 5
411 621 6
418 621 9
454 621 5
507 621 6
564 621 7
595 621 7
62 622 6
68 622 0
81 622 7
228 622 6
305 622 0
368 622 7
536 622 8
570 622 8
601 622 0
54 623 0
62 623 0
66 623 6
325 623 0
126 624 0
164 624 7
167 624 0
318 624 6
427 624 7
449 624 8
463 624 6
464 624 0
41 625 5
137 625 7
184 625 6
333 625 6
357 625 5
437 625 6
461 625 7
484 625 9
506 625 8
565 625 1
576 625 7
598 625 9
159 626 5
253 626 5
298 626 4
302 626 5
328 626 6
352 626 5
365 626 6
411 626 7
418 626 6
441 626 7
454 626 8
513 626 0
595 626 10
621 626 8
178 627 7
244 627 0
301 627 5
528 627 0
44 628 6
76 628 7
254 628 8
283 628 6
285 628 7
314 628 7
420 628 8
542 628 9
569 628 8
614 628 0
12 629 7
130 629 6
177 629 0
333 629 7
338 629 0
357 629 5
500 629 8
576 629 8
596 629 6
598 629 7
615 629 10
33 630 7
193 630 7
214 630 0
324 630 9
354 630 6
394 630 0
438 630 7
487 630 6
604 630 10
613 630 9
617 630 9
232 631 6
428 631 9
510 631 0
537 631 7
568 631 0
237 632 8
602 632 11
28 633 6
48 633 1
82 633 6
88 633 0
484 633 0
527 633 9
530 633 8
578 633 10
3 634 3
241 634 0
308 634 6
437 634 7
461 634 8
500 634 5
506 634 8
524 634 8
556 634 0
576 634 8
592 634 0
598 634 9
615 634 10
625 634 7
629 634 7
3 635 1
51 635 0
75 635 5
144 635 7
474 635 7
515 635 9
582 635 9
43 636 0
142 636 7
145 636 0
330 636 9
340 636 7
458 636 6
587 636 8
614 636 7
294 637 5
304 637 0
309 637 8
356 637 7
387 637 5
432 637 0
553 637 7
601 637 9
8 638 6
159 638 4
212 638 0
214 638 7
219 638 0
298 638 7
352 638 8
375 638 8
411 638 5
418 638 9
507 638 7
564 638 9
592 638 9
595 638 10
621 638 10
152 639 7
268 639 0
373 639 7
452 639 8
493 639 8
537 639 7
574 639 0
619 639 9
24 640 6
104 640 4
239 640 0
383 640 0
443 640 6
445 640 4
40 641 5
245 641 0
329 641 0
384 641 7
407 641 8
424 641 7
441 641 0
480 641 7
541 641 8
544 641 0
78 642 1
195 642 7
256 642 7
359 642 8
515 642 9
635 642 9
19 643 5
136 643 8
331 643 7
334 643 7
449 643 8
611 643 0
624 643 9
387 644 0
433 644 10
434 644 0
467 644 10
471 644 0
602 644 10
45 645 5
48 645 6
148 645 4
192 645 5
248 645 8
393 645 5
489 645 7
579 645 6
620 645 0
633 645 1
233 646 6
267 646 0
269 646 9
377 646 8
548 646 9
566 646 8
574 646 7
583 646 12
126 647 0
312 647 7
373 647 9
560 647 10
582 647 0
639 647 10
88 648 5
135 648 4
154 648 0
299 648 6
319 648 7
408 648 7
483 648 5
528 648 0
532 648 10
620 648 8
69 649 4
173 649 6
202 649 7
330 649 8
535 649 9
601 649 0
636 649 9
19 650 5
52 650 4
157 650 7
318 650 7
331 650 7
444 650 8
577 650 0
624 650 8
74 651 0
79 651 0
106 651 1
170 651 5
284 651 0
287 651 8
313 651 7
528 651 9
533 651 11
538 651 7
584 651 8
607 651 9
26 652 0
52 652 4
136 652 6
259 652 7
331 652 7
333 652 0
334 652 7
427 652 8
624 652 8
643 652 12
2 653 6
6 653 5
44 653 5
64 653 5
251 653 0
279 653 7
285 653 8
297 653 0
314 653 7
420 653 6
498 653 8
542 653 10
569 653 9
628 653 10
69 654 4
142 654 5
249 654 7
255 654 5
281 654 0
340 654 5
412 654 5
531 654 6
636 654 9
43 655 5
87 655 5
250 655 7
310 655 7
350 655 7
394 655 0
421 655 8
422 655 8
444 655 0
540 655 10
557 655 11
586 655 11
261 656 7
465 656 9
514 656 9
534 656 9
581 656 0
601 656 12
637 656 8
43 657 5
87 657 5
189 657 6
271 657 0
339 657 7
421 657 7
422 657 5
431 657 8
478 657 8
631 657 0
41 658 0
105 658 0
151 658 7
225 658 6
257 658 6
342 658 5
394 658 8
526 658 8
529 658 9
150 659 6
178 659 0
217 659 6
378 659 0
398 659 11
399 659 7
471 659 9
475 659 0
496 659 8
559 659 11
568 659 11
600 659 10
611 659 8
55 660 5
117 660 5
194 660 6
257 660 4
342 660 7
345 660 0
394 660 6
395 660 6
517 660 6
628 660 0
658 660 8
18 661 3
98 661 0
128 661 5
200 661 5
388 661 6
497 661 7
539 661 5
640 661 8
261 662 7
357 662 0
387 662 5
464 662 0
494 662 10
514 662 11
577 662 12
656 662 10
416 663 8
447 663 1
623 663 11
627 663 8
640 663 0
43 664 6
87 664 6
212 664 0
310 664 6
350 664 6
421 664 8
431 664 7
478 664 7
540 664 9
557 664 9
586 664 10
602 664 0
655 664 11
657 664 9
126 665 7
174 665 7
205 665 7
212 665 7
215 665 8
272 665 8
290 665 6
397 665 9
398 665 0
486 665 10
512 665 11
599 665 11
241 666 6
282 666 7
358 666 8
374 666 1
406 666 9
447 666 8
448 666 9
456 666 10
495 666 9
535 666 0
551 666 11
562 666 1
608 666 11
609 666 11
618 666 11
106 667 7
165 667 6
345 667 6
509 667 0
541 667 7
545 667 8
579 667 1
606 667 10
150 668 6
204 668 6
223 668 6
260 668 0
398 668 11
425 668 8
496 668 10
513 668 10
559 668 10
568 668 10
600 668 9
611 668 12
659 668 12
2 669 6
44 669 5
187 669 6
254 669 6
279 669 7
283 669 6
285 669 6
314 669 8
420 669 7
498 669 8
542 669 9
628 669 11
653 669 11
127 670 5
205 670 0
222 670 4
251 670 6
263 670 6
288 670 6
538 670 8
543 670 7
584 670 7
593 670 9
607 670 8
619 670 0
390 671 7
453 671 9
530 671 0
201 672 7
429 672 7
462 672 9
477 672 10
511 672 10
546 672 9
573 672 11
44 673 7
64 673 5
76 673 6
254 673 7
265 673 5
279 673 6
283 673 8
314 673 8
420 673 8
498 673 8
542 673 9
583 673 0
628 673 12
653 673 11
669 673 12
158 674 0
356 674 7
442 674 8
465 674 9
482 674 1
514 674 9
534 674 10
601 674 11
662 674 9
101 675 5
131 675 5
233 675 5
254 675 1
327 675 7
377 675 7
400 675 8
502 675 7
513 675 0
548 675 9
566 675 8
576 675 0
46 676 4
156 676 6
220 677 5
244 677 6
277 677 6
280 677 4
324 677 7
334 677 1
354 677 6
404 677 6
438 677 7
439 677 7
487 677 6
604 677 9
613 677 11
617 677 7
630 677 10
47 678 6
67 678 0
166 678 0
369 678 7
373 678 8
428 678 9
586 678 0
631 678 10
647 678 9
206 679 7
279 679 0
491 679 9
540 679 0
627 679 10
30 680 6
56 680 7
126 680 7
174 680 8
205 680 7
212 680 7
215 680 8
272 680 7
397 680 8
486 680 10
512 680 12
599 680 13
665 680 14
190 681 7
306 681 9
348 681 8
457 681 7
579 681 11
594 681 1
605 681 9
645 681 8
676 681 0
21 682 7
49 682 6
93 682 5
102 682 6
188 682 6
262 682 7
319 682 0
336 682 8
401 682 10
404 682 0
405 682 9
409 682 10
521 682 10
558 682 11
585 682 11
612 682 11
679 682 0
219 683 7
241 683 7
245 683 7
252 683 0
367 683 9
406 683 9
439 683 0
447 683 9
448 683 9
456 683 10
495 683 10
510 683 10
538 683 0
551 683 11
608 683 11
618 683 10
666 683 12
75 684 5
84 684 6
128 684 0
183 684 5
256 684 7
371 684 8
382 684 9
642 684 10
230 685 5
270 685 4
309 685 7
356 685 6
387 685 7
442 685 7
465 685 5
494 685 8
559 685 1
577 685 7
637 685 8
662 685 7
2 686 5
64 686 4
76 686 5
187 686 7
254 686 8
279 686 7
283 686 6
314 686 8
420 686 8
498 686 8
542 686 10
569 686 10
628 686 11
669 686 12
673 686 13
79 687 3
124 687 5
299 687 5
307 687 6
321 687 5
376 687 7
391 687 5
456 687 0
476 687 6
532 687 6
567 687 0
648 687 7
139 688 7
293 688 0
388 688 4
393 688 0
466 688 8
516 688 9
539 688 8
567 688 6
572 688 8
127 689 4
288 689 5
359 689 0
472 689 7
528 689 9
533 689 10
538 689 7
543 689 9
584 689 8
651 689 11
662 689 0
670 689 11
164 690 2
366 690 7
428 690 10
449 690 1
619 690 10
631 690 12
678 690 12
203 691 0
278 691 8
323 691 8
524 691 0
561 691 0
565 691 11
597 691 10
625 691 1
632 691 11
644 691 10
189 692 7
250 692 7
310 692 8
339 692 8
350 692 7
421 692 8
422 692 9
431 692 8
478 692 9
540 692 11
557 692 10
586 692 12
655 692 11
657 692 10
249 693 0
353 693 8
588 693 10
623 693 12
663 693 11
679 693 10
67 694 7
105 694 6
119 694 6
134 694 6
210 694 7
213 694 7
221 694 0
344 694 9
379 694 9
383 694 9
396 694 9
426 694 10
505 694 11
508 694 10
544 694 11
561 694 11
136 695 7
164 695 7
182 695 7
187 695 0
315 695 7
334 695 7
471 695 0
624 695 10
643 695 12
650 695 9
652 695 11
122 696 6
168 696 7
217 696 0
337 696 9
429 696 9
468 696 9
477 696 9
511 696 10
532 696 0
546 696 10
573 696 10
672 696 13
8 697 5
255 697 0
298 697 7
302 697 6
328 697 7
352 697 7
365 697 6
375 697 8
418 697 8
441 697 7
454 697 6
507 697 7
564 697 12
592 697 9
595 697 11
638 697 11
2 698 7
6 698 4
70 698 0
76 698 6
187 698 6
254 698 8
285 698 8
314 698 8
420 698 9
498 698 9
542 698 10
569 698 10
628 698 12
653 698 12
669 698 12
673 698 11
686 698 13
99 699 4
109 699 5
166 699 6
182 699 7
259 699 6
266 699 0
270 699 0
307 699 0
315 699 7
421 699 0
427 699 6
463 699 6
643 699 7
650 699 6
652 699 9
695 699 10
54 700 5
140 700 5
143 700 7
149 700 5
211 700 7
273 700 6
320 700 0
374 700 6
455 700 7
503 700 7
518 700 7
525 700 8
555 700 7
556 700 9
594 700 10
681 700 1
56 701 6
126 701 7
161 701 8
174 701 7
205 701 8
212 701 7
215 701 8
272 701 8
290 701 7
306 701 0
397 701 10
486 701 11
512 701 12
557 701 0
599 701 13
665 701 15
680 701 15
160 702 6
164 702 1
296 702 6
373 702 7
452 702 7
537 702 6
678 702 11
690 702 12
30 703 7
56 703 7
120 703 0
126 703 6
161 703 7
174 703 8
205 703 8
212 703 7
215 703 8
272 703 8
290 703 7
486 703 10
512 703 11
549 703 0
599 703 13
665 703 14
680 703 15
701 703 16
34 704 7
106 704 7
225 704 0
345 704 7
424 704 6
436 704 7
480 704 7
515 704 0
523 704 10
541 704 10
606 704 9
667 704 12
18 705 0
385 705 0
650 705 2
152 706 7
312 706 7
369 706 8
501 706 10
526 706 1
560 706 9
619 706 10
639 706 11
647 706 12
690 706 10
8 707 6
214 707 6
302 707 7
328 707 7
352 707 6
385 707 6
411 707 6
418 707 11
441 707 8
454 707 7
507 707 8
558 707 0
564 707 10
595 707 10
621 707 14
626 707 10
638 707 11
697 707 12
120 708 5
219 708 7
241 708 8
245 708 7
282 708 8
358 708 10
406 708 7
421 708 0
447 708 8
456 708 9
510 708 10
527 708 0
551 708 12
608 708 12
609 708 11
618 708 11
666 708 13
683 708 13
93 709 1
243 709 7
390 709 5
632 709 1
676 709 11
204 710 8
217 710 6
271 710 7
304 710 9
370 710 0
398 710 10
399 710 7
415 710 8
471 710 10
496 710 11
513 710 9
559 710 13
568 710 12
611 710 11
659 710 13
668 710 12
671 710 0
685 710 1
689 710 0
13 711 4
82 711 6
108 711 5
239 711 6
247 711 7
392 711 9
460 711 6
527 711 9
530 711 7
578 711 10
633 711 11
677 711 0
101 712 5
131 712 7
146 712 0
198 712 7
327 712 9
433 712 0
502 712 9
540 712 0
566 712 10
583 712 9
646 712 10
675 712 12
13 713 0
114 713 5
207 713 5
222 713 3
287 713 8
377 713 0
413 713 6
414 713 5
528 713 9
533 713 7
543 713 8
584 713 9
593 713 7
597 713 0
651 713 10
689 713 10
103 714 4
217 714 5
223 714 5
398 714 9
399 714 7
415 714 9
425 714 9
471 714 9
496 714 9
513 714 8
559 714 10
568 714 11
572 714 0
600 714 10
659 714 12
668 714 12
684 714 0
710 714 13
1 715 0
83 715 3
88 715 5
221 715 4
321 715 6
376 715 7
391 715 5
459 715 7
483 715 6
520 715 6
522 715 6
620 715 6
681 715 0
687 715 7
160 716 7
246 716 8
296 716 6
431 716 0
500 716 0
560 716 8
619 716 9
631 716 9
639 716 9
671 716 0
678 716 9
690 716 12
694 716 0
702 716 11
31 717 4
48 717 6
94 717 6
115 717 6
125 717 7
147 717 0
248 717 7
393 717 6
489 717 9
605 717 9
645 717 10
681 717 10
714 717 0
5 718 7
55 718 4
71 718 4
117 718 5
138 718 5
151 718 3
194 718 6
305 718 5
372 718 5
394 718 7
446 718 1
475 718 0
517 718 8
526 718 8
658 718 7
660 718 11
707 718 0
49 719 6
93 719 7
102 719 6
111 719 7
129 719 7
188 719 8
262 719 8
274 719 0
336 719 9
401 719 10
405 719 10
409 719 10
469 719 0
521 719 12
558 719 13
573 719 0
585 719 13
590 719 14
612 719 13
682 719 15
80 720 0
416 720 1
434 720 9
456 720 0
484 720 0
485 720 10
550 720 9
669 720 0
59 721 0
72 721 5
155 721 7
169 721 7
177 721 7
191 721 6
242 721 6
291 721 7
360 721 7
362 721 7
423 721 8
435 721 8
446 721 9
450 721 8
581 721 10
591 721 8
614 721 0
66 722 3
78 722 3
86 722 4
248 722 1
326 722 6
430 722 7
470 722 7
491 722 9
541 722 0
645 722 1
663 722 7
679 722 10
696 722 0
118 723 0
355 723 7
91 724 6
211 724 0
231 724 7
495 724 0
637 724 0
696 724 0
71 725 0
294 725 0
490 725 0
55 726 5
71 726 5
138 726 6
151 726 7
238 726 7
257 726 9
264 726 7
372 726 7
392 726 1
481 726 0
526 726 7
529 726 11
658 726 10
660 726 7
12 727 6
16 727 6
41 727 5
130 727 5
184 727 5
308 727 8
333 727 7
500 727 7
506 727 8
524 727 8
576 727 10
596 727 10
598 727 9
611 727 0
615 727 10
625 727 9
629 727 11
706 727 0
22 728 7
67 728 7
105 728 6
119 728 7
134 728 6
210 728 6
213 728 8
320 728 0
344 728 8
379 728 10
383 728 10
410 728 9
426 728 11
505 728 11
508 728 11
544 728 11
561 728 13
694 728 16
17 729 5
68 729 0
193 729 5
252 729 7
262 729 0
277 729 7
280 729 5
281 729 0
324 729 10
404 729 6
438 729 10
439 729 9
479 729 9
604 729 10
613 729 11
617 729 12
630 729 11
657 729 0
668 729 0
677 729 12
62 730 6
80 730 6
81 730 7
89 730 5
161 730 0
289 730 8
338 730 7
368 730 9
475 730 9
536 730 10
549 730 10
570 730 12
622 730 12
399 731 0
503 731 0
643 731 0
705 731 13
720 731 11
723 731 12
183 732 0
209 732 8
353 732 8
416 732 9
470 732 11
493 732 0
607 732 1
627 732 11
632 732 0
679 732 12
722 732 9
103 733 5
150 733 7
204 733 8
217 733 6
223 733 6
232 733 1
271 733 6
304 733 8
331 733 0
398 733 8
399 733 10
471 733 8
513 733 8
539 733 0
568 733 10
600 733 10
611 733 11
617 733 0
659 733 12
668 733 12
710 733 14
80 734 7
81 734 7
89 734 7
258 734 6
289 734 9
330 734 1
475 734 10
536 734 10
549 734 11
570 734 12
606 734 0
622 734 11
652 734 0
730 734 16
39 735 6
302 735 0
419 735 8
575 735 9
709 735 10
724 735 12
112 736 7
198 736 8
233 736 6
327 736 10
378 736 9
400 736 9
412 736 0
548 736 9
566 736 10
574 736 8
611 736 0
675 736 12
712 736 12
22 737 7
67 737 7
105 737 7
119 737 6
134 737 6
169 737 0
210 737 7
213 737 8
344 737 9
379 737 9
383 737 9
396 737 9
411 737 0
426 737 10
505 737 12
508 737 11
544 737 11
561 737 12
694 737 17
699 737 1
728 737 17
125 738 7
179 738 7
181 738 7
248 738 7
300 738 6
393 738 6
415 738 0
436 738 0
489 738 9
492 738 0
579 738 8
605 738 9
674 738 0
681 738 11
717 738 13
30 739 7
56 739 7
126 739 7
161 739 8
174 739 8
205 739 8
212 739 7
215 739 8
272 739 8
290 739 8
397 739 10
451 739 0
486 739 11
512 739 12
555 739 0
599 739 14
652 739 0
665 739 15
680 739 16
687 739 0
701 739 17
703 739 17
59 740 5
80 740 6
81 740 7
228 740 8
293 740 8
338 740 9
368 740 8
477 740 1
549 740 10
570 740 11
622 740 12
693 740 0
730 740 14
734 740 13
53 741 6
116 741 5
165 741 8
284 741 7
369 741 0
480 741 9
539 741 1
606 741 10
641 741 9
656 741 0
667 741 11
688 741 2
704 741 10
37 742 6
84 742 7
144 742 7
183 742 5
371 742 8
382 742 10
480 742 0
482 742 9
515 742 10
556 742 0
635 742 11
642 742 11
666 742 0
684 742 14
30 743 0
59 743 6
80 743 7
81 743 7
89 743 6
267 743 0
338 743 7
475 743 9
536 743 10
549 743 10
570 743 12
573 743 0
622 743 11
730 743 16
734 743 16
740 743 15
92 744 7
107 744 0
149 744 7
152 744 0
267 744 7
268 744 7
273 744 8
341 744 8
363 744 6
374 744 10
403 744 8
518 744 10
555 744 12
556 744 9
562 744 9
580 744 11
700 744 9
708 744 1
30 745 7
56 745 7
126 745 7
161 745 8
174 745 8
205 745 8
212 745 7
215 745 8
272 745 8
290 745 8
373 745 0
397 745 10
428 745 0
486 745 11
512 745 12
599 745 14
632 745 0
665 745 15
680 745 16
701 745 17
703 745 17
739 745 18
23 746 6
95 746 5
98 746 6
162 746 5
320 746 8
337 746 8
364 746 8
468 746 6
477 746 7
492 746 6
546 746 10
573 746 9
626 746 0
646 746 0
672 746 10
676 746 0
696 746 11
33 747 6
174 747 0
193 747 7
252 747 5
277 747 6
280 747 7
303 747 6
324 747 7
404 747 8
431 747 0
439 747 7
479 747 10
487 747 8
571 747 9
613 747 9
617 747 10
630 747 10
698 747 0
729 747 14
19 748 0
21 748 6
49 748 7
93 748 7
102 748 7
111 748 6
129 748 7
188 748 8
262 748 8
401 748 9
405 748 9
409 748 10
521 748 11
558 748 13
585 748 13
590 748 13
612 748 13
617 748 0
682 748 15
714 748 0
719 748 17
21 749 6
49 749 7
93 749 7
102 749 7
111 749 6
129 749 6
188 749 8
234 749 0
262 749 7
336 749 9
401 749 9
405 749 9
409 749 10
521 749 11
526 749 1
553 749 0
558 749 12
585 749 12
590 749 13
682 749 15
706 749 1
719 749 17
748 749 17
327 750 0
383 750 1
501 750 0
516 750 0
26 751 5
72 751 6
110 751 0
133 751 4
147 751 6
177 751 5
191 751 4
194 751 0
224 751 6
242 751 8
291 751 7
297 751 8
360 751 7
362 751 7
417 751 8
446 751 6
468 751 1
581 751 10
616 751 0
169 752 0
178 752 7
301 752 7
345 752 0
491 752 11
663 752 12
670 752 1
679 752 13
693 752 13
722 752 10
62 753 7
81 753 7
207 753 0
228 753 8
289 753 8
293 753 7
338 753 8
465 753 0
467 753 0
475 753 8
536 753 9
570 753 11
622 753 13
730 753 15
734 753 14
740 753 14
743 753 14
11 754 6
165 754 5
284 754 6
384 754 8
407 754 8
430 754 0
436 754 6
523 754 8
545 754 11
606 754 10
624 754 0
641 754 8
667 754 12
741 754 11
43 755 6
189 755 8
250 755 8
280 755 0
310 755 8
339 755 9
350 755 8
421 755 9
431 755 9
462 755 0
478 755 10
511 755 0
540 755 11
557 755 11
586 755 12
655 755 13
657 755 11
692 755 16
723 755 1
17 756 5
30 756 0
33 756 5
220 756 5
277 756 6
303 756 5
324 756 8
354 756 5
438 756 9
479 756 8
487 756 8
562 756 1
571 756 8
604 756 11
613 756 12
617 756 10
630 756 12
677 756 12
729 756 12
747 756 12
146 757 8
286 757 9
473 757 12
490 757 12
499 757 10
503 757 1
525 757 1
565 757 13
597 757 11
644 757 11
697 757 0
2 758 6
6 758 7
44 758 6
54 758 0
64 758 7
76 758 6
259 758 1
265 758 7
279 758 7
283 758 8
285 758 8
314 758 7
420 758 7
498 758 10
542 758 11
569 758 11
628 758 12
653 758 14
673 758 14
686 758 13
698 758 13
15 759 6
98 759 0
173 759 6
227 759 6
255 759 6
330 759 10
418 759 1
458 759 5
531 759 9
535 759 10
587 759 7
614 759 9
636 759 12
649 759 11
654 759 9
707 759 1
734 759 1
59 760 5
62 760 5
80 760 5
89 760 4
228 760 7
289 760 7
293 760 6
338 760 7
368 760 8
375 760 0
475 760 7
505 760 0
510 760 0
536 760 11
549 760 9
622 760 10
716 760 0
734 760 13
740 760 14
743 760 14
753 760 14
95 761 7
98 761 7
107 761 7
162 761 7
218 761 7
320 761 8
337 761 8
364 761 7
386 761 1
462 761 7
468 761 7
511 761 9
592 761 0
672 761 10
746 761 13
81 762 0
109 762 4
136 762 6
157 762 7
164 762 8
182 762 4
331 762 9
334 762 7
427 762 6
444 762 7
449 762 9
463 762 8
477 762 1
543 762 1
564 762 0
624 762 11
643 762 11
650 762 10
695 762 12
26 763 5
72 763 5
133 763 5
147 763 6
155 763 6
169 763 5
175 763 5
177 763 7
191 763 7
242 763 6
291 763 7
333 763 0
360 763 6
417 763 8
423 763 9
427 763 0
450 763 6
581 763 7
721 763 13
751 763 13
24 764 6
63 764 5
241 764 0
343 764 6
349 764 8
440 764 7
443 764 7
497 764 9
588 764 1
640 764 11
661 764 9
759 764 0
7 765 7
112 765 6
198 765 7
252 765 0
269 765 7
327 765 9
377 765 8
502 765 9
543 765 0
548 765 11
574 765 10
583 765 10
616 765 0
646 765 12
675 765 11
695 765 0
712 765 13
736 765 13
120 766 7
219 766 8
241 766 8
245 766 8
282 766 8
367 766 11
406 766 9
447 766 11
448 766 11
456 766 11
495 766 12
510 766 11
551 766 12
608 766 14
609 766 13
618 766 13
663 766 1
666 766 14
683 766 16
708 766 16
176 767 6
380 767 8
446 767 1
464 767 9
492 767 0
529 767 0
603 767 12
610 767 11
112 768 6
131 768 6
186 768 1
233 768 7
269 768 8
280 768 1
327 768 8
377 768 6
378 768 9
502 768 8
566 768 11
574 768 9
583 768 11
646 768 13
712 768 13
736 768 13
747 768 1
87 769 7
189 769 7
250 769 8
310 769 9
339 769 8
350 769 8
421 769 9
422 769 9
431 769 9
478 769 10
540 769 12
553 769 1
557 769 11
586 769 13
655 769 13
657 769 12
664 769 14
723 769 2
755 769 17
33 770 5
220 770 6
244 770 7
277 770 7
280 770 7
303 770 7
324 770 9
374 770 0
404 770 9
438 770 10
439 770 9
466 770 0
479 770 8
571 770 12
604 770 11
613 770 13
630 770 10
677 770 13
729 770 14
747 770 14
756 770 14
312 771 7
366 771 9
369 771 11
537 771 10
609 771 0
619 771 10
631 771 11
647 771 12
673 771 0
678 771 12
690 771 15
702 771 11
706 771 13
752 771 0
7 772 5
101 772 5
112 772 7
198 772 8
206 772 1
327 772 9
377 772 9
378 772 9
389 772 0
548 772 11
583 772 11
646 772 11
675 772 11
712 772 14
736 772 14
765 772 16
768 772 13
192 773 0
347 773 6
481 773 9
497 773 0
498 773 0
603 773 9
610 773 11
750 773 13
767 773 11
261 774 6
294 774 5
301 774 0
309 774 8
356 774 9
387 774 8
405 774 1
442 774 8
494 774 7
534 774 9
553 774 10
601 774 11
605 774 0
637 774 13
674 774 11
685 774 9
50 775 5
77 775 6
173 775 7
227 775 5
249 775 7
255 775 7
375 775 0
412 775 9
531 775 11
535 775 11
587 775 6
614 775 11
637 775 0
649 775 9
654 775 10
759 775 14
10 776 5
29 776 6
83 776 5
260 776 6
307 776 6
321 776 9
381 776 6
459 776 7
476 776 7
483 776 7
488 776 0
519 776 10
520 776 7
661 776 0
687 776 8
715 776 10
762 776 0
9 777 6
13 777 6
199 777 7
239 777 8
316 777 9
392 777 9
517 777 1
527 777 11
547 777 10
552 777 9
633 777 10
711 777 12
138 778 6
151 778 5
196 778 6
238 778 5
257 778 5
305 778 6
324 778 0
329 778 6
342 778 6
372 778 7
394 778 6
395 778 7
492 778 0
517 778 7
521 778 0
526 778 8
529 778 8
658 778 11
726 778 12
75 779 4
113 779 7
144 779 5
183 779 4
229 779 8
256 779 6
266 779 7
311 779 8
359 779 7
392 779 0
482 779 8
515 779 8
542 779 0
582 779 10
642 779 10
680 779 0
111 780 0
114 780 6
118 780 6
263 780 7
278 780 0
287 780 8
288 780 7
313 780 7
413 780 8
472 780 8
528 780 11
533 780 12
593 780 10
607 780 11
651 780 12
670 780 11
689 780 12
713 780 12
752 780 1
65 781 5
419 781 8
453 781 10
500 781 0
575 781 11
621 781 0
671 781 14
43 782 7
87 782 7
189 782 8
250 782 8
310 782 10
421 782 10
422 782 10
431 782 8
472 782 0
478 782 10
505 782 0
540 782 13
557 782 11
586 782 13
615 782 0
618 782 0
655 782 14
657 782 13
664 782 14
669 782 0
685 782 0
692 782 15
755 782 16
769 782 17
270 783 6
356 783 8
405 783 1
442 783 8
465 783 10
514 783 10
530 783 0
535 783 0
553 783 10
577 783 11
601 783 12
637 783 11
656 783 13
662 783 11
674 783 15
774 783 13
5 784 6
55 784 6
194 784 7
225 784 6
238 784 7
264 784 7
305 784 8
372 784 8
395 784 10
517 784 8
519 784 0
655 784 1
658 784 8
660 784 10
709 784 0
718 784 12
725 784 0
755 784 1
778 784 10
103 785 6
184 785 0
204 785 8
217 785 7
304 785 8
398 785 11
399 785 8
407 785 0
415 785 9
425 785 9
471 785 11
496 785 11
513 785 10
559 785 11
568 785 13
600 785 11
611 785 12
639 785 0
659 785 14
668 785 14
710 785 17
714 785 16
733 785 15
16 786 0
43 786 7
87 786 7
189 786 7
250 786 9
339 786 9
350 786 9
421 786 10
422 786 9
431 786 10
478 786 10
480 786 0
528 786 0
531 786 0
540 786 13
557 786 13
586 786 13
655 786 14
657 786 14
664 786 14
692 786 16
755 786 17
769 786 18
782 786 18
29 787 4
88 787 6
124 787 5
133 787 0
239 787 0
260 787 7
307 787 7
319 787 9
376 787 8
408 787 8
459 787 9
519 787 5
522 787 9
532 787 9
560 787 0
620 787 10
648 787 10
666 787 0
687 787 11
715 787 9
776 787 10
43 788 6
87 788 6
189 788 8
250 788 8
302 788 0
310 788 9
339 788 9
350 788 9
391 788 1
421 788 9
422 788 9
431 788 10
478 788 11
540 788 12
557 788 12
586 788 13
657 788 14
664 788 14
686 788 0
692 788 16
755 788 17
769 788 18
782 788 18
786 788 19
66 789 6
78 789 6
132 789 7
326 789 7
416 789 10
470 789 9
529 789 0
572 789 0
623 789 13
636 789 0
663 789 13
693 789 12
732 789 12
752 789 12
60 790 0
62 790 6
89 790 7
228 790 7
258 790 7
289 790 9
293 790 8
338 790 10
345 790 0
368 790 9
441 790 0
475 790 10
480 790 0
536 790 10
549 790 12
570 790 12
730 790 16
734 790 15
740 790 14
743 790 14
753 790 16
760 790 16
22 791 7
67 791 7
105 791 7
119 791 7
134 791 7
204 791 0
210 791 7
213 791 8
247 791 0
344 791 9
379 791 11
383 791 10
396 791 10
410 791 10
420 791 0
426 791 11
474 791 0
505 791 12
508 791 12
544 791 12
561 791 13
694 791 17
728 791 18
737 791 18
2 792 0
37 792 7
124 792 0
155 792 0
185 792 0
195 792 7
229 792 8
256 792 8
346 792 0
359 792 8
382 792 9
482 792 10
582 792 11
603 792 0
642 792 13
684 792 12
742 792 13
779 792 13
4 793 6
15 793 6
50 793 4
202 793 7
249 793 7
255 793 6
340 793 8
458 793 6
459 793 0
535 793 8
587 793 8
614 793 9
636 793 12
649 793 10
654 793 9
658 793 1
82 794 7
199 794 7
247 794 8
316 794 8
392 794 10
460 794 9
530 794 11
547 794 11
552 794 11
578 794 11
601 794 0
633 794 12
706 794 0
711 794 14
777 794 15
781 794 0
9 795 7
28 795 7
82 795 6
108 795 4
239 795 7
316 795 9
378 795 0
460 795 8
527 795 11
530 795 11
546 795 1
547 795 11
552 795 11
578 795 12
613 795 0
633 795 13
758 795 0
777 795 15
794 795 16
18 796 4
110 796 5
142 796 0
171 796 4
182 796 1
200 796 6
216 796 8
332 796 6
440 796 5
445 796 5
466 796 7
497 796 7
539 796 7
567 796 9
589 796 6
761 796 1
764 796 9
785 796 0
23 797 7
98 797 7
107 797 6
143 797 0
145 797 6
203 797 6
320 797 9
337 797 10
364 797 9
421 797 0
477 797 9
492 797 9
546 797 12
573 797 11
672 797 12
696 797 12
746 797 16
761 797 13
3 798 8
12 798 5
16 798 6
41 798 5
130 798 5
308 798 9
333 798 7
357 798 6
388 798 0
437 798 9
461 798 8
484 798 7
506 798 10
524 798 11
576 798 11
596 798 11
598 798 10
615 798 14
629 798 12
634 798 12
635 798 1
770 798 0
59 799 5
62 799 6
80 799 6
81 799 7
153 799 0
171 799 0
228 799 7
258 799 7
289 799 7
293 799 7
338 799 9
368 799 8
423 799 0
475 799 10
549 799 10
570 799 12
622 799 12
672 799 0
730 799 17
734 799 15
740 799 17
743 799 15
753 799 16
790 799 17
17 800 6
33 800 6
193 800 8
207 800 0
220 800 4
252 800 7
277 800 5
280 800 7
303 800 7
324 800 7
354 800 6
382 800 0
404 800 7
438 800 8
439 800 10
448 800 0
479 800 9
487 800 9
514 800 0
571 800 10
604 800 11
617 800 12
630 800 11
729 800 15
747 800 16
770 800 15
402 801 9
442 801 0
451 801 10
583 801 0
590 801 0
636 801 0
727 801 1
750 801 16
767 801 14
773 801 13
28 802 0
91 802 6
427 802 0
453 802 10
593 802 1
671 802 15
676 802 13
709 802 13
781 802 17
59 803 7
62 803 7
89 803 7
176 803 0
228 803 7
258 803 6
289 803 9
293 803 8
368 803 8
395 803 0
431 803 0
536 803 12
549 803 12
570 803 12
577 803 0
622 803 13
684 803 0
730 803 15
734 803 15
740 803 15
743 803 14
753 803 15
760 803 16
790 803 18
799 803 17
117 804 4
138 804 5
151 804 7
194 804 5
196 804 7
257 804 7
264 804 7
305 804 8
329 804 5
372 804 8
394 804 7
395 804 8
526 804 7
529 804 11
595 804 0
606 804 0
649 804 0
658 804 10
726 804 13
747 804 0
778 804 16
784 804 11
1 805 7
15 805 7
142 805 6
202 805 7
204 805 0
249 805 7
255 805 6
278 805 0
330 805 9
412 805 10
458 805 7
535 805 11
614 805 11
636 805 13
649 805 12
654 805 12
759 805 15
775 805 12
793 805 15
9 806 7
82 806 7
199 806 7
239 806 8
267 806 0
292 806 6
316 806 9
372 806 0
389 806 0
392 806 9
460 806 9
530 806 11
547 806 10
568 806 0
578 806 10
633 806 12
711 806 14
777 806 16
794 806 18
795 806 17
11 807 7
40 807 5
53 807 6
106 807 6
116 807 6
215 807 0
284 807 9
364 807 0
480 807 9
523 807 10
541 807 10
545 807 9
667 807 12
704 807 12
741 807 14
748 807 0
754 807 11
787 807 0
23 808 6
60 808 6
98 808 6
122 808 6
168 808 6
201 808 7
203 808 5
223 808 0
337 808 9
429 808 8
462 808 8
477 808 10
511 808 9
546 808 11
672 808 14
696 808 14
740 808 1
761 808 11
795 808 1
797 808 14
34 809 7
40 809 7
165 809 7
202 809 0
284 809 7
345 809 7
407 809 8
424 809 7
480 809 9
606 809 10
641 809 12
667 809 11
684 809 0
740 809 0
741 809 14
766 809 0
807 809 12
120 810 7
219 810 8
241 810 9
245 810 9
282 810 8
358 810 10
364 810 0
367 810 10
406 810 10
447 810 11
448 810 11
456 810 11
495 810 12
510 810 12
551 810 13
608 810 14
609 810 14
618 810 14
629 810 0
666 810 15
683 810 16
708 810 17
766 810 19
45 811 6
115 811 7
125 811 7
159 811 0
179 811 6
186 811 7
192 811 7
275 811 8
300 811 7
306 811 9
348 811 7
579 811 11
645 811 10
681 811 13
711 811 0
717 811 11
730 811 0
738 811 13
19 812 6
136 812 7
164 812 6
166 812 6
182 812 6
252 812 0
259 812 8
318 812 8
331 812 10
427 812 9
444 812 8
463 812 8
643 812 12
647 812 0
650 812 12
652 812 12
695 812 13
699 812 13
762 812 14
32 813 5
79 813 6
124 813 5
135 813 4
260 813 6
321 813 9
328 813 0
381 813 7
396 813 0
408 813 7
459 813 8
476 813 8
519 813 8
532 813 7
610 813 0
620 813 9
648 813 9
715 813 7
776 813 11
807 813 0
1 814 4
4 814 6
15 814 6
69 814 5
141 814 0
202 814 7
227 814 5
330 814 8
340 814 8
518 814 0
531 814 9
535 814 9
587 814 10
636 814 12
649 814 13
653 814 0
654 814 10
759 814 14
793 814 15
805 814 14
144 815 8
229 815 8
256 815 8
266 815 7
311 815 10
382 815 10
474 815 9
482 815 10
515 815 11
582 815 13
635 815 12
684 815 11
706 815 0
712 815 0
728 815 0
742 815 14
779 815 15
792 815 15
20 816 5
294 816 5
356 816 7
387 816 7
442 816 9
447 816 0
465 816 11
494 816 9
534 816 11
539 816 0
553 816 10
577 816 11
601 816 11
656 816 11
660 816 0
674 816 13
685 816 10
783 816 15
47 817 0
122 817 0
209 817 8
326 817 8
353 817 9
470 817 10
588 817 11
607 817 2
623 817 11
627 817 11
679 817 14
693 817 14
695 817 0
722 817 11
732 817 17
752 817 13
42 818 7
178 818 0
370 818 9
444 818 1
563 818 10
613 818 0
705 818 13
720 818 10
723 818 12
725 818 13
10 819 0
28 819 0
40 819 7
53 819 7
116 819 6
165 819 6
284 819 7
345 819 6
384 819 8
424 819 8
480 819 9
523 819 10
541 819 10
606 819 11
641 819 13
741 819 15
807 819 15
809 819 17
31 820 6
48 820 6
166 820 0
179 820 6
181 820 8
248 820 7
275 820 7
306 820 10
348 820 9
393 820 8
457 820 8
489 820 9
546 820 0
579 820 12
645 820 11
667 820 2
679 820 0
681 820 13
738 820 14
754 820 1
805 820 0
811 820 14
8 821 6
183 821 0
201 821 1
214 821 8
253 821 8
296 821 0
298 821 8
300 821 0
302 821 7
328 821 10
365 821 9
375 821 9
385 821 10
411 821 9
418 821 10
441 821 10
454 821 10
462 821 1
507 821 11
564 821 13
592 821 11
595 821 12
621 821 13
626 821 12
638 821 13
697 821 16
707 821 16
13 822 6
28 822 7
137 822 0
247 822 7
292 822 7
316 822 8
325 822 9
392 822 9
460 822 9
527 822 11
530 822 11
547 822 13
552 822 12
556 822 0
578 822 11
633 822 12
777 822 15
794 822 17
795 822 17
806 822 16
25 823 0
47 823 6
68 823 7
247 823 0
369 823 8
493 823 8
501 823 9
520 823 0
560 823 9
619 823 12
631 823 10
639 823 11
647 823 11
690 823 13
702 823 9
706 823 14
716 823 12
771 823 14
819 823 0
25 824 7
237 824 8
317 824 9
323 824 8
433 824 10
473 824 12
490 824 12
565 824 13
597 824 11
632 824 12
644 824 12
688 824 1
757 824 16
2 825 0
4 825 6
38 825 7
50 825 6
57 825 0
77 825 5
142 825 5
202 825 7
249 825 6
255 825 5
264 825 0
282 825 0
292 825 0
340 825 6
406 825 0
412 825 7
458 825 5
531 825 10
587 825 11
614 825 8
649 825 8
775 825 13
793 825 15
814 825 11
86 826 0
208 826 8
274 826 9
469 826 8
575 826 11
676 826 12
680 826 0
693 826 0
695 826 0
709 826 13
724 826 12
781 826 14
802 826 16
154 827 0
158 827 7
481 827 10
610 827 12
669 827 1
750 827 17
773 827 16
801 827 16
54 828 4
92 828 7
140 828 5
143 828 6
149 828 6
260 828 0
267 828 7
268 828 8
273 828 7
341 828 7
374 828 10
403 828 10
455 828 9
503 828 9
504 828 1
518 828 10
555 828 11
556 828 10
562 828 11
570 828 0
579 828 0
580 828 13
594 828 10
744 828 16
97 829 6
110 829 6
121 829 5
140 829 0
171 829 5
216 829 8
235 829 5
379 829 0
386 829 7
388 829 4
497 829 9
533 829 0
539 829 7
567 829 8
589 829 8
640 829 8
648 829 0
707 829 0
764 829 10
796 829 15
13 830 7
24 830 0
28 830 5
82 830 6
199 830 8
236 830 0
292 830 6
316 830 7
325 830 8
392 830 8
425 830 0
460 830 10
527 830 11
530 830 10
547 830 13
552 830 10
578 830 10
610 830 0
694 830 0
698 830 0
711 830 13
777 830 15
794 830 17
795 830 16
806 830 17
822 830 19
12 831 0
47 831 7
68 831 7
296 831 7
312 831 7
369 831 9
373 831 9
428 831 11
452 831 10
493 831 9
619 831 8
631 831 11
647 831 12
678 831 15
690 831 14
702 831 13
771 831 16
823 831 16
29 832 5
79 832 6
88 832 5
96 832 0
124 832 5
221 832 8
299 832 5
307 832 5
321 832 7
376 832 8
381 832 8
476 832 8
483 832 9
519 832 9
522 832 8
532 832 9
648 832 9
715 832 10
769 832 0
776 832 12
793 832 0
813 832 14
179 833 1
187 833 0
218 833 0
322 833 9
346 833 6
554 833 12
583 833 0
705 833 14
711 833 0
723 833 13
725 833 15
731 833 15
84 834 7
113 834 6
195 834 7
229 834 8
266 834 8
289 834 0
311 834 8
316 834 0
359 834 8
371 834 9
482 834 12
519 834 0
582 834 12
612 834 0
635 834 10
642 834 13
674 834 1
684 834 12
742 834 14
764 834 0
779 834 15
792 834 16
815 834 16
34 835 8
53 835 6
106 835 6
165 835 8
197 835 0
345 835 9
384 835 8
407 835 9
424 835 8
436 835 9
480 835 8
520 835 0
523 835 9
545 835 9
574 835 0
649 835 0
667 835 13
694 835 0
704 835 15
741 835 13
754 835 13
809 835 15
819 835 15
184 836 0
234 836 8
325 836 1
383 836 1
402 836 10
530 836 1
568 836 0
616 836 12
750 836 19
773 836 14
784 836 0
801 836 18
827 836 18
19 837 7
52 837 6
109 837 5
111 837 0
136 837 7
157 837 7
182 837 6
272 837 0
315 837 8
318 837 8
343 837 0
427 837 8
444 837 8
449 837 9
463 837 8
494 837 0
580 837 1
624 837 12
643 837 12
650 837 13
652 837 12
695 837 13
699 837 13
812 837 16
103 838 6
139 838 0
150 838 7
204 838 7
217 838 7
223 838 7
271 838 9
304 838 9
398 838 11
415 838 10
425 838 10
435 838 0
471 838 10
496 838 12
513 838 12
559 838 13
568 838 12
600 838 13
611 838 14
659 838 14
668 838 16
710 838 17
714 838 16
733 838 17
758 838 0
777 838 0
785 838 19
6 839 0
20 839 5
27 839 6
261 839 9
309 839 7
387 839 8
428 839 0
465 839 10
503 839 0
534 839 12
553 839 11
577 839 11
601 839 14
637 839 12
656 839 14
662 839 12
674 839 13
774 839 14
783 839 16
805 839 0
816 839 16
822 839 1
146 840 8
317 840 9
323 840 9
361 840 10
449 840 0
467 840 10
473 840 11
499 840 11
597 840 13
602 840 13
611 840 0
632 840 13
691 840 13
757 840 15
764 840 0
806 840 0
824 840 16
295 841 6
402 841 9
452 841 0
481 841 9
486 841 0
514 841 0
551 841 0
603 841 12
616 841 12
692 841 0
750 841 16
773 841 14
801 841 17
827 841 17
836 841 19
18 842 5
85 842 6
114 842 0
281 842 7
332 842 8
343 842 5
388 842 6
440 842 6
442 842 0
445 842 9
466 842 7
488 842 8
508 842 0
516 842 10
539 842 8
558 842 0
567 842 8
589 842 9
640 842 8
831 842 0
155 843 0
234 843 8
335 843 9
380 843 8
464 843 9
504 843 10
610 843 12
625 843 0
672 843 1
725 843 0
750 843 17
773 843 13
827 843 17
836 843 18
841 843 15
72 844 6
133 844 7
147 844 6
155 844 6
169 844 7
175 844 5
177 844 7
224 844 8
242 844 8
291 844 8
297 844 7
360 844 10
362 844 9
417 844 10
423 844 10
435 844 10
446 844 11
450 844 8
581 844 11
591 844 11
702 844 0
721 844 16
751 844 15
826 844 0
827 844 0
3 845 5
12 845 7
16 845 7
41 845 7
137 845 7
175 845 0
308 845 9
315 845 0
333 845 9
357 845 8
437 845 10
461 845 10
484 845 10
500 845 9
506 845 11
524 845 11
576 845 12
596 845 12
598 845 12
615 845 14
625 845 13
629 845 12
727 845 16
736 845 1
738 845 0
798 845 19
809 845 0
26 846 7
72 846 7
133 846 7
147 846 7
148 846 1
155 846 7
169 846 7
175 846 6
177 846 8
191 846 7
224 846 7
242 846 8
291 846 8
297 846 7
360 846 8
417 846 10
423 846 10
435 846 8
450 846 9
515 846 0
554 846 0
578 846 1
581 846 10
721 846 15
751 846 16
763 846 19
844 846 20
59 847 7
62 847 7
80 847 7
81 847 7
228 847 8
244 847 0
258 847 7
289 847 9
293 847 8
338 847 10
368 847 10
475 847 11
536 847 12
549 847 12
570 847 12
622 847 14
730 847 18
734 847 17
740 847 18
743 847 17
753 847 19
760 847 18
778 847 0
790 847 19
799 847 21
801 847 1
803 847 19
7 848 5
101 848 6
131 848 6
198 848 7
209 848 1
233 848 8
269 848 8
327 848 8
377 848 9
378 848 9
400 848 8
502 848 9
534 848 1
548 848 11
566 848 12
583 848 12
646 848 13
675 848 15
692 848 0
712 848 16
736 848 15
765 848 16
768 848 16
772 848 17
8 849 0
56 849 0
197 849 9
240 849 9
251 849 0
335 849 9
504 849 10
603 849 12
616 849 13
750 849 16
767 849 13
790 849 0
801 849 16
827 849 15
836 849 17
841 849 17
843 849 17
55 850 5
71 850 6
117 850 5
151 850 7
196 850 7
225 850 8
238 850 7
257 850 7
305 850 8
329 850 8
342 850 7
372 850 8
394 850 6
395 850 8
473 850 1
517 850 6
529 850 10
658 850 12
715 850 0
726 850 13
784 850 13
804 850 16
7 851 6
112 851 7
131 851 6
192 851 0
198 851 7
233 851 7
327 851 9
377 851 9
378 851 9
400 851 9
451 851 0
502 851 10
506 851 0
548 851 11
566 851 11
574 851 11
583 851 11
646 851 13
675 851 14
712 851 15
736 851 17
765 851 17
768 851 17
772 851 17
802 851 1
37 852 7
113 852 6
144 852 8
195 852 7
229 852 8
311 852 9
359 852 8
371 852 8
382 852 10
432 852 0
515 852 12
582 852 11
635 852 12
642 852 14
684 852 12
742 852 16
779 852 15
792 852 17
808 852 0
815 852 17
832 852 0
834 852 19
840 852 0
76 853 0
87 853 0
118 853 5
127 853 6
170 853 6
172 853 6
263 853 8
287 853 8
297 853 0
313 853 8
413 853 7
414 853 9
528 853 11
533 853 12
538 853 10
543 853 11
593 853 10
607 853 12
651 853 14
670 853 12
689 853 13
713 853 13
780 853 17
810 853 1
9 854 6
13 854 6
28 854 7
82 854 7
94 854 0
105 854 0
108 854 7
199 854 7
239 854 7
247 854 8
292 854 7
392 854 10
527 854 11
547 854 9
578 854 12
622 854 0
633 854 13
638 854 0
711 854 16
777 854 17
793 854 0
794 854 16
795 854 17
806 854 18
822 854 17
830 854 17
9 855 7
28 855 6
100 855 0
108 855 7
239 855 8
247 855 9
292 855 7
316 855 8
325 855 6
392 855 10
460 855 8
527 855 11
530 855 11
552 855 10
578 855 12
633 855 13
691 855 0
711 855 15
726 855 1
734 855 0
777 855 15
794 855 16
795 855 18
806 855 17
814 855 0
822 855 19
844 855 0
854 855 18
7 856 7
58 856 0
112 856 7
131 856 7
198 856 8
254 856 1
269 856 9
377 856 10
378 856 10
400 856 10
502 856 11
548 856 12
566 856 13
574 856 11
579 856 0
583 856 12
638 856 0
646 856 14
653 856 0
675 856 14
712 856 15
736 856 16
765 856 18
768 856 17
772 856 17
848 856 20
851 856 21
34 857 8
116 857 7
165 857 6
284 857 8
345 857 8
384 857 9
386 857 0
407 857 9
436 857 9
523 857 11
541 857 10
545 857 9
606 857 12
641 857 11
704 857 14
741 857 14
750 857 0
807 857 14
809 857 16
819 857 18
835 857 17
52 858 7
99 858 5
109 858 7
152 858 0
157 858 7
158 858 0
164 858 8
166 858 7
259 858 8
315 858 7
331 858 9
334 858 9
403 858 0
427 858 9
449 858 9
463 858 11
615 858 0
624 858 13
643 858 13
650 858 12
652 858 14
665 858 0
695 858 14
699 858 15
762 858 16
812 858 16
837 858 17
36 859 7
125 859 1
226 859 8
229 859 0
351 859 8
355 859 8
563 859 11
600 859 0
723 859 15
745 859 0
805 859 0
811 859 1
818 859 17
833 859 17
11 860 6
34 860 8
53 860 7
106 860 7
228 860 0
382 860 0
384 860 9
407 860 10
424 860 10
523 860 12
541 860 12
545 860 12
558 860 0
606 860 14
641 860 13
667 860 14
700 860 0
704 860 15
741 860 14
754 860 15
765 860 0
807 860 17
809 860 15
819 860 16
835 860 19
857 860 18
78 861 6
86 861 6
132 861 7
134 861 0
206 861 8
229 861 0
313 861 0
326 861 8
416 861 9
470 861 10
555 861 0
557 861 0
588 861 11
623 861 12
627 861 11
679 861 14
693 861 14
732 861 15
752 861 13
789 861 18
817 861 18
31 862 6
48 862 7
94 862 6
148 862 6
181 862 7
186 862 6
190 862 6
192 862 8
237 862 2
248 862 9
275 862 8
306 862 9
315 862 0
342 862 0
457 862 8
489 862 11
645 862 12
681 862 13
717 862 14
738 862 12
757 862 1
811 862 15
816 862 0
820 862 17
70 863 0
75 863 6
144 863 7
183 863 5
256 863 8
293 863 0
311 863 9
359 863 8
371 863 9
382 863 10
474 863 11
482 863 9
496 863 0
515 863 11
582 863 11
635 863 14
642 863 13
684 863 15
742 863 17
792 863 15
815 863 18
823 863 0
834 863 16
852 863 18
7 864 7
101 864 6
112 864 7
131 864 6
134 864 0
233 864 8
261 864 0
269 864 9
327 864 9
377 864 9
378 864 9
400 864 9
502 864 10
548 864 11
566 864 12
574 864 13
583 864 13
646 864 15
712 864 15
731 864 0
736 864 16
744 864 0
765 864 17
768 864 19
772 864 17
848 864 21
851 864 21
856 864 21
141 865 6
286 865 0
377 865 0
544 865 0
563 865 12
654 865 1
723 865 16
725 865 16
731 865 16
775 865 1
818 865 17
833 865 18
854 865 0
859 865 19
27 866 6
261 866 8
262 866 0
270 866 5
288 866 0
309 866 7
356 866 8
442 866 9
465 866 9
494 866 10
514 866 11
534 866 11
553 866 11
577 866 12
601 866 13
637 866 12
656 866 14
662 866 12
674 866 15
737 866 0
774 866 15
783 866 19
816 866 16
839 866 19
852 866 0
860 866 0
12 867 7
16 867 7
41 867 7
130 867 6
137 867 8
184 867 8
308 867 10
357 867 8
437 867 10
441 867 0
461 867 11
484 867 11
500 867 12
506 867 12
524 867 12
576 867 12
583 867 0
596 867 13
598 867 12
615 867 13
625 867 14
629 867 13
634 867 13
655 867 0
727 867 17
736 867 1
798 867 19
845 867 22
3 868 6
12 868 7
16 868 6
41 868 7
130 868 6
137 868 7
170 868 0
184 868 7
299 868 0
308 868 9
333 868 8
353 868 0
357 868 9
461 868 11
463 868 0
484 868 10
500 868 11
506 868 11
524 868 10
576 868 13
598 868 12
615 868 13
625 868 14
629 868 13
634 868 13
701 868 0
727 868 17
798 868 19
845 868 21
867 868 22
9 869 7
28 869 7
199 869 7
239 869 8
247 869 8
292 869 7
316 869 9
325 869 7
348 869 0
392 869 10
527 869 12
530 869 13
547 869 11
552 869 12
578 869 12
633 869 13
711 869 14
777 869 18
794 869 18
795 869 18
806 869 19
815 869 0
822 869 20
830 869 19
849 869 0
854 869 20
855 869 21
5 870 6
117 870 6
138 870 6
194 870 7
196 870 6
199 870 0
225 870 9
264 870 7
329 870 6
341 870 0
342 870 8
372 870 9
394 870 9
395 870 9
424 870 0
479 870 0
526 870 10
529 870 10
658 870 12
660 870 12
718 870 13
726 870 12
760 870 0
778 870 14
784 870 14
796 870 0
850 870 15
11 871 6
34 871 8
40 871 7
53 871 6
116 871 6
284 871 7
384 871 10
407 871 9
436 871 9
480 871 10
523 871 12
531 871 1
541 871 11
587 871 1
606 871 13
641 871 13
667 871 11
704 871 14
754 871 15
768 871 0
770 871 0
807 871 18
809 871 16
819 871 18
835 871 17
852 871 0
857 871 19
860 871 20
89 872 0
101 872 7
112 872 7
131 872 7
198 872 8
233 872 9
269 872 9
327 872 10
378 872 10
379 872 0
400 872 9
502 872 10
548 872 11
566 872 13
574 872 12
583 872 13
646 872 14
675 872 15
712 872 17
721 872 0
736 872 18
765 872 17
768 872 18
772 872 17
779 872 0
824 872 0
848 872 21
851 872 21
856 872 21
864 872 22
20 873 7
27 873 7
230 873 7
270 873 10
294 873 9
442 873 10
465 873 11
494 873 12
514 873 11
553 873 12
577 873 13
601 873 12
637 873 12
656 873 13
662 873 13
674 873 14
685 873 13
717 873 0
769 873 1
772 873 0
774 873 14
783 873 19
816 873 18
839 873 18
843 873 0
866 873 20
114 874 6
172 874 6
207 874 7
251 874 7
263 874 8
287 874 8
290 874 0
313 874 8
396 874 0
413 874 6
414 874 9
472 874 10
528 874 11
533 874 12
538 874 12
543 874 10
584 874 11
593 874 12
607 874 15
647 874 0
651 874 13
670 874 13
689 874 13
744 874 0
780 874 17
817 874 2
853 874 19
20 875 7
27 875 7
84 875 0
230 875 8
270 875 9
294 875 8
309 875 8
442 875 9
465 875 11
494 875 10
514 875 12
523 875 0
534 875 11
536 875 0
577 875 12
601 875 12
637 875 11
656 875 14
662 875 13
674 875 14
685 875 13
707 875 0
783 875 17
816 875 18
839 875 18
848 875 1
866 875 20
870 875 0
873 875 23
123 876 5
153 876 7
156 876 7
274 876 6
393 876 0
419 876 8
455 876 0
509 876 10
629 876 0
671 876 12
709 876 12
724 876 13
735 876 13
781 876 14
802 876 16
812 876 0
826 876 16
827 876 0
851 876 1
32 877 0
127 877 0
152 877 8
232 877 8
246 877 7
296 877 8
299 877 0
366 877 9
369 877 10
428 877 10
452 877 10
501 877 7
560 877 10
639 877 11
647 877 12
672 877 0
678 877 13
690 877 14
702 877 12
706 877 14
716 877 13
771 877 14
788 877 0
831 877 15
864 877 0
873 877 0
27 878 0
167 878 7
226 878 8
259 878 0
319 878 0
351 878 8
554 878 10
563 878 10
656 878 0
720 878 12
722 878 0
725 878 14
731 878 14
833 878 17
859 878 18
865 878 18
27 879 5
230 879 6
261 879 8
270 879 6
294 879 8
309 879 7
328 879 0
356 879 7
387 879 7
448 879 0
465 879 9
494 879 10
508 879 1
514 879 11
534 879 12
553 879 10
577 879 12
579 879 0
601 879 12
656 879 13
662 879 13
674 879 14
686 879 0
774 879 15
783 879 17
816 879 17
839 879 19
873 879 20
875 879 20
42 880 6
58 880 7
154 880 6
214 880 0
317 880 0
322 880 8
344 880 0
346 880 6
563 880 11
705 880 15
723 880 14
818 880 18
833 880 18
859 880 18
863 880 0
865 880 18
878 880 15
19 881 7
52 881 7
99 881 5
103 881 0
109 881 6
116 881 0
136 881 8
157 881 7
164 881 8
166 881 6
168 881 0
259 881 9
315 881 6
318 881 7
331 881 8
334 881 9
449 881 10
463 881 10
624 881 13
643 881 14
650 881 13
652 881 13
695 881 14
758 881 1
762 881 16
763 881 0
812 881 17
837 881 18
858 881 22
869 881 0
22 882 0
158 882 8
269 882 0
295 882 8
380 882 9
451 882 10
464 882 10
475 882 0
504 882 9
596 882 0
603 882 12
610 882 13
767 882 17
773 882 15
801 882 17
827 882 17
836 882 16
841 882 16
863 882 0
61 883 7
66 883 6
86 883 6
132 883 7
178 883 8
185 883 0
209 883 8
430 883 10
491 883 10
561 883 0
588 883 12
623 883 13
627 883 13
663 883 12
679 883 13
732 883 14
749 883 0
752 883 15
772 883 1
789 883 15
817 883 16
861 883 18
25 884 7
73 884 7
130 884 0
163 884 8
286 884 9
361 884 10
433 884 10
467 884 11
473 884 13
481 884 0
490 884 12
495 884 0
499 884 11
565 884 14
571 884 0
602 884 13
632 884 13
644 884 15
678 884 0
691 884 13
757 884 17
824 884 18
840 884 18
850 884 1
4 885 6
38 885 6
69 885 6
142 885 8
173 885 6
202 885 8
227 885 6
249 885 9
273 885 0
330 885 9
412 885 10
531 885 11
535 885 12
587 885 12
605 885 0
614 885 12
626 885 0
636 885 13
649 885 15
654 885 13
759 885 16
775 885 17
793 885 15
805 885 17
814 885 18
825 885 16
829 885 0
24 886 3
63 886 6
85 886 5
104 886 4
128 886 5
139 886 6
148 886 1
180 886 7
200 886 4
235 886 5
332 886 8
388 886 7
440 886 7
478 886 0
488 886 6
516 886 11
539 886 7
547 886 1
589 886 10
617 886 0
661 886 11
688 886 11
764 886 10
767 886 1
842 886 14
846 886 1
14 887 7
231 887 8
236 887 8
419 887 8
432 887 10
469 887 9
509 887 11
531 887 0
665 887 0
676 887 12
713 887 1
724 887 14
735 887 15
781 887 14
789 887 0
802 887 15
71 888 0
114 888 6
118 888 7
170 888 7
172 888 6
207 888 8
251 888 7
263 888 7
287 888 9
288 888 8
313 888 7
413 888 9
472 888 10
479 888 0
528 888 11
533 888 13
538 888 11
543 888 11
563 888 0
584 888 11
607 888 12
651 888 15
670 888 13
689 888 15
713 888 14
754 888 0
780 888 19
803 888 0
844 888 0
853 888 20
874 888 22
178 889 8
209 889 9
301 889 9
326 889 9
353 889 9
362 889 0
414 889 1
417 889 0
430 889 11
453 889 0
470 889 11
491 889 12
563 889 0
588 889 12
623 889 13
627 889 14
663 889 14
679 889 15
693 889 16
722 889 14
732 889 17
752 889 18
789 889 16
817 889 21
848 889 1
861 889 19
883 889 21
45 890 0
54 890 7
92 890 7
140 890 7
143 890 8
149 890 8
194 890 0
211 890 8
265 890 0
267 890 8
268 890 9
273 890 9
341 890 9
363 890 9
374 890 11
403 890 10
455 890 11
503 890 11
516 890 0
518 890 11
525 890 12
555 890 12
556 890 12
562 890 14
580 890 14
594 890 13
643 890 0
700 890 17
714 890 0
744 890 18
828 890 22
14 891 7
23 891 0
39 891 7
274 891 7
369 891 0
408 891 0
419 891 8
432 891 10
437 891 0
453 891 11
461 891 0
575 891 13
671 891 14
709 891 13
735 891 16
781 891 18
802 891 18
816 891 0
826 891 17
887 891 19
26 892 7
72 892 8
133 892 8
147 892 8
155 892 8
169 892 8
175 892 7
177 892 8
191 892 8
224 892 8
242 892 9
256 892 2
273 892 1
291 892 10
297 892 8
360 892 10
362 892 9
368 892 0
417 892 11
423 892 11
435 892 10
446 892 12
450 892 10
533 892 1
581 892 13
591 892 13
700 892 1
718 892 1
721 892 18
751 892 18
763 892 19
844 892 23
846 892 23
0 893 6
51 893 7
158 893 8
176 893 6
295 893 7
376 893 2
380 893 9
402 893 9
464 893 10
481 893 10
610 893 13
748 893 0
750 893 15
763 893 0
773 893 14
794 893 0
827 893 18
836 893 17
843 893 18
882 893 19
33 894 0
54 894 7
55 894 0
92 894 7
140 894 7
143 894 8
149 894 8
211 894 8
267 894 8
268 894 9
273 894 9
336 894 0
341 894 9
363 894 9
374 894 11
403 894 10
455 894 11
503 894 11
518 894 11
525 894 12
555 894 12
556 894 12
562 894 13
580 894 14
594 894 13
700 894 17
709 894 0
744 894 18
828 894 22
847 894 0
890 894 26
54 895 7
92 895 7
140 895 7
143 895 8
149 895 8
211 895 8
243 895 0
267 895 8
268 895 9
273 895 9
341 895 9
363 895 9
374 895 11
403 895 10
455 895 11
503 895 11
518 895 11
525 895 12
555 895 12
556 895 12
562 895 13
580 895 14
594 895 13
700 895 17
708 895 1
744 895 19
780 895 0
828 895 22
890 895 26
894 895 26
31 896 0
51 896 7
61 896 0
233 896 0
234 896 8
346 896 0
402 896 10
451 896 11
574 896 0
603 896 13
610 896 13
616 896 14
731 896 0
750 896 17
767 896 15
801 896 20
827 896 18
836 896 21
841 896 19
843 896 18
847 896 1
849 896 19
882 896 19
893 896 18
36 897 6
57 897 7
58 897 7
141 897 6
154 897 8
355 897 8
413 897 0
554 897 11
697 897 0
725 897 15
731 897 13
753 897 1
818 897 15
824 897 0
833 897 17
847 897 1
859 897 18
865 897 19
880 897 18
1 898 6
15 898 6
38 898 5
50 898 7
59 898 0
69 898 7
142 898 7
173 898 7
177 898 0
202 898 8
249 898 9
330 898 8
340 898 7
412 898 11
531 898 11
535 898 12
614 898 13
636 898 13
649 898 15
654 898 14
676 898 0
759 898 15
775 898 15
793 898 16
805 898 19
814 898 18
824 898 0
825 898 16
827 898 0
885 898 22
61 899 7
78 899 6
206 899 8
301 899 7
353 899 9
400 899 0
416 899 10
430 899 9
470 899 10
517 899 1
588 899 13
623 899 13
627 899 13
663 899 14
679 899 14
693 899 16
732 899 16
752 899 15
777 899 1
789 899 17
817 899 18
818 899 0
861 899 21
883 899 19
889 899 22
46 900 5
65 900 7
95 900 0
100 900 7
208 900 6
236 900 8
390 900 7
469 900 11
509 900 11
534 900 1
671 900 14
724 900 14
735 900 13
780 900 1
781 900 16
802 900 16
826 900 17
876 900 17
887 900 19
891 900 17
13 901 0
277 901 0
303 901 0
370 901 10
434 901 10
485 901 11
550 901 11
554 901 12
628 901 0
705 901 16
720 901 16
721 901 0
725 901 16
818 901 18
833 901 18
859 901 17
878 901 18
880 901 17
897 901 18
63 902 7
128 902 6
139 902 7
171 902 5
180 902 8
235 902 8
237 902 0
281 902 7
304 902 0
386 902 9
388 902 7
443 902 8
516 902 11
539 902 9
572 902 11
589 902 9
640 902 11
661 902 12
688 902 14
764 902 12
813 902 0
842 902 14
880 902 1
886 902 19
895 902 0
45 903 6
48 903 7
94 903 6
99 903 0
115 903 7
125 903 7
179 903 7
181 903 8
186 903 9
248 903 8
275 903 8
276 903 0
300 903 8
306 903 10
348 903 9
457 903 8
489 903 11
507 903 0
579 903 11
605 903 14
608 903 0
645 903 12
681 903 15
717 903 16
738 903 17
745 903 0
768 903 1
811 903 20
820 903 19
862 903 19
25 904 0
66 904 6
75 904 0
78 904 6
86 904 6
178 904 8
206 904 7
326 904 8
416 904 10
430 904 10
433 904 1
470 904 11
491 904 9
585 904 1
588 904 12
623 904 14
627 904 12
663 904 14
690 904 0
693 904 14
732 904 14
752 904 15
789 904 19
817 904 18
861 904 22
874 904 1
883 904 21
889 904 22
899 904 22
902 904 0
90 905 0
106 905 1
114 905 6
118 905 7
127 905 6
170 905 8
172 905 8
207 905 8
222 905 8
251 905 7
263 905 8
287 905 8
288 905 9
413 905 10
414 905 9
472 905 10
533 905 11
543 905 11
549 905 0
584 905 12
593 905 10
607 905 12
651 905 13
664 905 0
670 905 15
676 905 0
677 905 0
689 905 14
713 905 16
780 905 19
853 905 20
874 905 21
888 905 23
900 905 1
31 906 6
45 906 7
115 906 7
125 906 6
148 906 6
173 906 0
181 906 8
186 906 7
190 906 6
192 906 8
237 906 1
248 906 9
275 906 8
300 906 8
306 906 10
348 906 9
393 906 9
488 906 1
489 906 11
514 906 0
579 906 13
645 906 14
668 906 0
681 906 14
698 906 0
717 906 15
738 906 16
811 906 20
820 906 18
862 906 21
903 906 22
25 907 7
35 907 7
64 907 0
181 907 0
237 907 8
278 907 8
317 907 9
361 907 10
467 907 11
473 907 12
478 907 0
490 907 12
499 907 11
501 907 0
565 907 14
597 907 13
602 907 14
632 907 14
644 907 14
691 907 15
757 907 17
766 907 0
815 907 0
824 907 20
838 907 0
840 907 20
884 907 22
60 908 6
95 908 6
107 908 7
121 908 0
122 908 7
145 908 8
159 908 0
162 908 6
168 908 8
172 908 0
201 908 7
218 908 8
320 908 9
337 908 9
364 908 8
429 908 10
468 908 10
477 908 9
492 908 8
511 908 12
512 908 0
546 908 11
573 908 10
630 908 0
661 908 0
672 908 14
696 908 16
761 908 16
797 908 17
808 908 17
176 909 7
234 909 8
240 909 8
335 909 8
347 909 7
380 909 10
390 909 0
464 909 10
481 909 9
504 909 10
544 909 0
750 909 16
767 909 15
801 909 16
812 909 0
827 909 18
836 909 18
841 909 16
843 909 20
849 909 19
880 909 1
882 909 18
893 909 18
896 909 19
91 910 7
96 910 7
123 910 6
185 910 8
294 910 0
389 910 10
453 910 11
483 910 0
575 910 11
601 910 0
671 910 15
676 910 13
709 910 13
724 910 14
781 910 17
802 910 20
804 910 1
876 910 17
887 910 17
891 910 19
900 910 17
19 911 7
99 911 6
109 911 7
132 911 0
157 911 8
164 911 8
166 911 8
182 911 8
259 911 9
315 911 9
318 911 9
331 911 10
334 911 9
423 911 0
427 911 10
444 911 11
449 911 9
463 911 11
472 911 0
522 911 0
603 911 0
624 911 14
643 911 14
650 911 14
652 911 13
695 911 15
699 911 16
762 911 18
812 911 20
823 911 0
837 911 20
858 911 23
881 911 23
37 912 7
75 912 7
84 912 7
113 912 7
183 912 8
195 912 8
229 912 8
256 912 9
266 912 8
311 912 10
371 912 10
382 912 10
474 912 10
482 912 11
515 912 12
582 912 14
584 912 0
635 912 13
642 912 14
684 912 16
702 912 0
742 912 18
774 912 0
775 912 1
779 912 18
792 912 18
815 912 20
834 912 21
852 912 21
863 912 21
885 912 1
9 913 7
13 913 7
28 913 7
82 913 7
108 913 7
199 913 8
239 913 8
247 913 9
292 913 8
316 913 9
325 913 9
392 913 10
402 913 0
460 913 11
527 913 13
530 913 13
547 913 13
552 913 12
578 913 13
633 913 14
646 913 0
663 913 1
669 913 0
711 913 18
715 913 0
777 913 19
794 913 20
795 913 21
799 913 0
806 913 21
822 913 22
830 913 22
854 913 23
855 913 23
869 913 24
1 914 7
15 914 7
38 914 7
69 914 5
77 914 7
142 914 7
163 914 0
173 914 7
202 914 8
227 914 6
249 914 8
255 914 7
330 914 9
412 914 10
458 914 10
521 914 0
531 914 11
535 914 13
587 914 11
614 914 13
636 914 13
649 914 15
658 914 2
692 914 0
759 914 18
775 914 17
793 914 17
805 914 20
814 914 18
825 914 18
850 914 2
885 914 23
898 914 23
0 915 0
31 915 7
45 915 6
48 915 6
94 915 7
115 915 7
179 915 7
181 915 8
186 915 8
190 915 8
192 915 6
275 915 9
300 915 8
306 915 10
348 915 10
393 915 9
457 915 10
489 915 10
579 915 12
605 915 14
640 915 0
681 915 15
705 915 1
717 915 15
738 915 16
811 915 19
820 915 19
840 915 0
862 915 20
880 915 1
903 915 24
906 915 23
910 915 0
34 916 8
40 916 7
53 916 7
106 916 7
109 916 0
165 916 8
345 916 9
384 916 10
407 916 10
424 916 10
436 916 9
457 916 0
480 916 10
523 916 12
528 916 0
541 916 12
545 916 11
606 916 15
641 916 15
667 916 16
673 916 0
704 916 18
741 916 16
754 916 16
775 916 0
798 916 0
807 916 18
809 916 19
819 916 20
835 916 23
857 916 21
860 916 23
871 916 22
1 917 6
4 917 6
15 917 6
29 917 0
38 917 6
50 917 6
77 917 6
142 917 8
173 917 8
249 917 8
255 917 8
330 917 8
340 917 8
412 917 10
531 917 13
535 917 13
587 917 13
599 917 0
614 917 13
634 917 0
636 917 14
649 917 13
654 917 14
759 917 17
775 917 18
793 917 18
805 917 19
814 917 18
825 917 19
857 917 0
885 917 22
898 917 24
901 917 2
914 917 24
5 918 7
71 918 7
117 918 7
138 918 7
151 918 6
193 918 0
194 918 8
196 918 7
225 918 8
238 918 7
257 918 7
264 918 9
305 918 9
329 918 8
342 918 7
372 918 9
394 918 8
395 918 10
450 918 0
517 918 11
526 918 10
529 918 11
660 918 13
718 918 16
726 918 15
784 918 16
804 918 20
812 918 0
850 918 21
856 918 0
870 918 21
910 918 1
68 919 7
152 919 8
160 919 6
232 919 9
246 919 9
296 919 7
366 919 10
369 919 10
428 919 10
452 919 9
501 919 10
537 919 12
560 919 11
619 919 14
631 919 13
639 919 14
647 919 12
683 919 0
690 919 15
706 919 16
716 919 15
735 919 2
770 919 0
771 919 16
823 919 18
831 919 17
877 919 22
887 919 1
897 919 0
58 920 0
158 920 7
197 920 8
240 920 8
287 920 0
335 920 8
349 920 0
451 920 11
464 920 10
481 920 8
504 920 11
603 920 13
610 920 12
616 920 14
618 920 0
750 920 15
767 920 15
786 920 0
801 920 16
836 920 17
841 920 17
843 920 18
849 920 21
882 920 20
893 920 18
896 920 21
14 921 7
52 921 0
65 921 5
123 921 6
148 921 0
185 921 8
208 921 8
274 921 9
337 921 0
424 921 0
432 921 10
453 921 8
469 921 9
676 921 13
709 921 14
724 921 15
735 921 15
756 921 0
826 921 19
831 921 2
876 921 17
887 921 19
891 921 20
900 921 19
910 921 20
11 922 7
15 922 0
34 922 8
53 922 7
106 922 7
116 922 7
224 922 0
284 922 9
345 922 9
407 922 10
424 922 10
436 922 9
480 922 11
486 922 0
523 922 12
541 922 12
545 922 13
606 922 13
641 922 13
667 922 15
704 922 18
741 922 17
754 922 16
756 922 0
807 922 20
809 922 18
819 922 19
835 922 21
838 922 0
857 922 21
860 922 23
871 922 23
909 922 0
916 922 25
85 923 7
121 923 7
139 923 7
171 923 6
180 923 7
235 923 8
281 923 8
292 923 0
378 923 0
386 923 9
437 923 1
443 923 8
445 923 7
466 923 10
488 923 9
516 923 11
524 923 1
539 923 11
567 923 10
587 923 0
589 923 11
688 923 14
703 923 0
764 923 11
796 923 14
829 923 16
842 923 17
886 923 17
902 923 21
5 924 0
23 924 7
60 924 7
95 924 6
98 924 7
107 924 6
145 924 7
162 924 7
168 924 7
201 924 8
203 924 6
320 924 9
337 924 10
361 924 0
429 924 8
462 924 10
468 924 11
477 924 11
486 924 0
511 924 11
546 924 12
554 924 0
573 924 12
672 924 16
696 924 16
746 924 17
761 924 17
797 924 19
808 924 20
810 924 0
898 924 0
899 924 0
908 924 23
37 925 7
75 925 7
84 925 7
85 925 0
113 925 7
144 925 8
183 925 8
195 925 8
229 925 8
266 925 8
311 925 10
359 925 9
371 925 10
382 925 10
474 925 10
482 925 11
515 925 12
582 925 14
635 925 14
642 925 14
644 925 0
684 925 15
687 925 0
742 925 19
779 925 19
792 925 18
815 925 20
818 925 0
834 925 22
852 925 23
853 925 0
863 925 22
894 925 0
912 925 27
5 926 7
40 926 0
55 926 7
61 926 0
71 926 7
91 926 0
117 926 7
138 926 8
194 926 8
196 926 8
225 926 8
226 926 0
238 926 9
257 926 8
264 926 9
305 926 10
329 926 9
342 926 8
372 926 10
394 926 9
395 926 11
440 926 0
517 926 12
526 926 11
529 926 11
660 926 14
711 926 0
718 926 16
726 926 16
778 926 18
784 926 18
804 926 19
850 926 21
870 926 22
918 926 27
47 927 7
68 927 7
160 927 7
226 927 0
232 927 8
238 927 0
246 927 8
369 927 10
373 927 11
428 927 11
443 927 1
452 927 11
493 927 10
501 927 10
537 927 11
560 927 12
631 927 14
639 927 14
647 927 14
661 927 1
678 927 16
690 927 15
702 927 15
706 927 14
716 927 15
771 927 16
823 927 20
831 927 20
877 927 21
885 927 0
919 927 24
10 928 6
29 928 6
76 928 0
79 928 6
83 928 5
88 928 7
124 928 7
221 928 8
240 928 1
299 928 7
307 928 8
319 928 8
372 928 0
376 928 10
381 928 9
391 928 8
408 928 11
459 928 9
476 928 9
483 928 9
520 928 8
522 928 12
527 928 0
532 928 12
620 928 14
648 928 14
687 928 14
715 928 15
787 928 17
813 928 14
832 928 19
912 928 0
915 928 0
36 929 7
42 929 7
167 929 8
276 929 8
295 929 0
315 929 0
346 929 8
351 929 9
365 929 0
550 929 11
551 929 0
705 929 16
723 929 16
731 929 16
818 929 18
842 929 2
859 929 20
865 929 19
878 929 19
880 929 20
897 929 18
901 929 19
24 930 6
85 930 6
97 930 5
128 930 6
180 930 7
200 930 6
332 930 7
343 930 7
386 930 10
443 930 8
466 930 11
488 930 8
516 930 9
522 930 0
539 930 10
572 930 9
590 930 0
640 930 13
661 930 11
688 930 13
764 930 14
796 930 12
824 930 1
829 930 13
842 930 16
902 930 19
906 930 1
923 930 20
929 930 3
0 931 7
197 931 8
317 931 0
347 931 9
363 931 0
380 931 10
401 931 0
451 931 11
481 931 11
504 931 11
586 931 0
598 931 0
610 931 14
616 931 13
669 931 1
704 931 1
750 931 18
767 931 16
773 931 18
797 931 0
801 931 19
827 931 21
836 931 20
841 931 19
843 931 20
849 931 20
882 931 21
893 931 20
896 931 22
909 931 22
920 931 23
37 932 7
75 932 7
84 932 7
113 932 7
137 932 0
144 932 8
183 932 8
195 932 8
229 932 8
256 932 9
266 932 8
311 932 10
359 932 10
371 932 10
382 932 10
458 932 0
474 932 11
482 932 11
504 932 0
515 932 12
582 932 14
635 932 14
642 932 15
657 932 0
684 932 16
742 932 19
779 932 20
785 932 0
792 932 19
815 932 21
827 932 0
834 932 22
852 932 23
863 932 23
912 932 28
925 932 29
19 933 7
52 933 7
99 933 7
109 933 7
136 933 8
157 933 8
164 933 8
166 933 8
182 933 8
200 933 0
259 933 9
313 933 0
315 933 9
318 933 9
331 933 10
334 933 10
427 933 10
444 933 11
449 933 11
463 933 11
470 933 0
623 933 0
624 933 14
643 933 15
650 933 16
652 933 15
677 933 1
695 933 16
699 933 17
735 933 0
737 933 1
762 933 19
812 933 21
837 933 22
858 933 24
881 933 25
911 933 27
37 934 7
75 934 7
84 934 7
113 934 6
131 934 0
144 934 8
195 934 7
197 934 2
229 934 8
256 934 10
266 934 8
311 934 10
359 934 9
371 934 10
382 934 10
474 934 11
482 934 11
515 934 12
582 934 14
608 934 0
635 934 14
642 934 15
656 934 0
684 934 15
742 934 18
779 934 19
792 934 19
815 934 21
834 934 22
849 934 2
852 934 23
863 934 22
892 934 1
912 934 27
925 934 28
932 934 29
23 935 6
95 935 7
98 935 7
107 935 7
115 935 0
122 935 7
145 935 7
162 935 8
168 935 8
201 935 8
218 935 8
320 935 9
337 935 9
364 935 8
427 935 0
429 935 10
462 935 11
468 935 11
477 935 10
492 935 10
511 935 11
569 935 0
573 935 12
645 935 0
672 935 15
696 935 16
746 935 18
761 935 19
797 935 19
808 935 18
816 935 0
869 935 0
887 935 0
908 935 25
924 935 25
45 936 6
48 936 6
94 936 7
115 936 7
125 936 7
148 936 6
179 936 7
181 936 8
186 936 8
190 936 8
192 936 7
248 936 8
275 936 9
300 936 9
306 936 10
348 936 10
393 936 9
457 936 10
489 936 11
536 936 0
537 936 0
579 936 11
605 936 15
628 936 0
681 936 15
717 936 16
738 936 18
791 936 0
811 936 20
820 936 19
832 936 0
862 936 21
903 936 27
906 936 25
915 936 27
20 937 7
27 937 7
230 937 8
261 937 9
270 937 9
294 937 9
309 937 10
356 937 10
387 937 10
434 937 1
442 937 11
465 937 11
494 937 12
507 937 0
514 937 12
534 937 13
553 937 12
577 937 14
601 937 14
637 937 15
656 937 15
662 937 15
674 937 16
685 937 16
730 937 0
774 937 19
783 937 21
816 937 21
839 937 22
866 937 24
873 937 25
875 937 25
879 937 25
883 937 0
10 938 5
29 938 7
32 938 6
79 938 6
83 938 5
124 938 7
135 938 7
221 938 6
260 938 8
299 938 7
319 938 10
321 938 8
376 938 9
391 938 9
408 938 10
459 938 9
476 938 11
483 938 9
519 938 11
522 938 10
532 938 13
620 938 10
648 938 14
687 938 14
693 938 0
761 938 0
776 938 15
787 938 17
810 938 1
813 938 18
832 938 18
853 938 1
893 938 2
898 938 0
920 938 1
928 938 24
114 939 7
118 939 7
127 939 7
170 939 8
172 939 8
207 939 8
222 939 8
251 939 8
263 939 8
287 939 9
288 939 9
313 939 9
358 939 0
413 939 10
414 939 10
464 939 0
472 939 11
490 939 0
528 939 12
533 939 13
538 939 12
543 939 12
584 939 13
593 939 13
607 939 14
651 939 15
667 939 0
670 939 16
689 939 16
713 939 17
780 939 20
853 939 23
874 939 24
879 939 0
888 939 26
905 939 27
924 939 0
926 939 0
61 940 7
78 940 7
86 940 7
132 940 7
178 940 8
191 940 0
206 940 8
209 940 8
353 940 10
416 940 10
430 940 11
433 940 1
491 940 11
567 940 0
570 940 0
588 940 13
623 940 13
627 940 13
663 940 15
679 940 16
693 940 16
703 940 0
722 940 14
732 940 17
752 940 17
781 940 1
789 940 17
817 940 19
861 940 22
883 940 24
889 940 24
899 940 24
904 940 25
9 941 0
11 941 7
34 941 8
40 941 7
106 941 7
116 941 7
165 941 8
284 941 9
345 941 9
384 941 10
407 941 10
424 941 10
436 941 10
480 941 11
523 941 12
541 941 12
545 941 14
552 941 0
606 941 15
630 941 0
641 941 15
667 941 16
697 941 0
704 941 18
715 941 0
741 941 17
743 941 0
754 941 18
807 941 20
809 941 20
819 941 21
835 941 22
857 941 23
860 941 23
871 941 24
894 941 0
916 941 27
922 941 27
5 942 7
55 942 7
71 942 6
117 942 7
138 942 8
151 942 9
194 942 8
196 942 8
225 942 9
238 942 9
264 942 9
305 942 10
314 942 0
329 942 9
342 942 9
372 942 10
394 942 10
395 942 11
419 942 0
435 942 0
517 942 12
526 942 12
529 942 12
541 942 0
620 942 0
658 942 14
660 942 14
718 942 18
726 942 17
778 942 19
784 942 19
804 942 20
848 942 0
850 942 23
870 942 23
918 942 27
926 942 28
154 943 6
257 943 0
322 943 9
346 943 8
351 943 9
355 943 9
434 943 10
485 943 11
525 943 0
550 943 12
554 943 12
631 943 0
705 943 15
720 943 16
723 943 16
725 943 16
731 943 18
769 943 1
798 943 0
822 943 0
833 943 22
859 943 19
865 943 19
878 943 20
897 943 20
901 943 23
929 943 22
20 944 7
27 944 7
202 944 0
230 944 9
261 944 9
270 944 9
294 944 9
303 944 0
309 944 10
356 944 10
387 944 10
442 944 11
465 944 11
494 944 12
502 944 1
508 944 1
514 944 12
534 944 13
553 944 12
561 944 0
577 944 14
601 944 14
637 944 15
656 944 15
662 944 15
674 944 16
682 944 0
685 944 16
774 944 19
783 944 20
816 944 21
822 944 1
839 944 23
857 944 0
866 944 24
873 944 25
875 944 25
879 944 26
937 944 30
36 945 5
42 945 6
141 945 5
203 945 0
217 945 1
276 945 7
322 945 9
346 945 7
351 945 9
370 945 9
416 945 1
434 945 9
485 945 10
563 945 10
642 945 1
705 945 15
720 945 16
725 945 15
731 945 15
746 945 0
751 945 0
818 945 18
833 945 18
858 945 0
859 945 18
865 945 19
878 945 19
883 945 1
901 945 21
929 945 22
943 945 24
20 946 0
61 946 7
132 946 7
178 946 8
206 946 9
209 946 8
301 946 8
326 946 9
353 946 9
416 946 10
430 946 11
470 946 11
491 946 12
504 946 1
588 946 13
623 946 13
627 946 14
663 946 15
679 946 16
693 946 16
697 946 1
722 946 14
732 946 18
752 946 18
772 946 2
789 946 18
794 946 0
800 946 0
817 946 21
821 946 1
861 946 22
883 946 24
889 946 27
899 946 25
904 946 24
920 946 1
940 946 28
61 947 7
66 947 7
86 947 7
132 947 7
144 947 0
174 947 0
206 947 8
209 947 8
243 947 0
301 947 7
326 947 9
353 947 9
416 947 10
430 947 11
470 947 11
491 947 12
542 947 0
545 947 1
588 947 13
623 947 14
663 947 14
679 947 15
693 947 16
722 947 16
732 947 17
752 947 17
789 947 19
817 947 20
861 947 22
883 947 23
889 947 25
891 947 0
899 947 24
904 947 24
940 947 27
941 947 1
946 947 29
23 948 7
53 948 1
60 948 6
95 948 7
98 948 7
99 948 0
107 948 7
122 948 7
145 948 8
162 948 8
168 948 8
201 948 8
203 948 7
218 948 8
238 948 0
320 948 10
336 948 0
337 948 10
364 948 9
377 948 0
429 948 11
462 948 10
468 948 11
492 948 11
511 948 12
542 948 0
546 948 13
573 948 12
672 948 15
680 948 0
696 948 16
746 948 18
761 948 19
797 948 20
808 948 20
839 948 0
908 948 26
924 948 27
935 948 28
51 949 7
197 949 8
240 949 9
295 949 8
335 949 9
347 949 7
380 949 10
402 949 10
446 949 1
451 949 11
487 949 0
594 949 0
603 949 13
610 949 13
616 949 14
680 949 0
750 949 17
767 949 17
801 949 19
827 949 18
836 949 20
841 949 20
843 949 19
849 949 22
882 949 22
893 949 20
896 949 25
909 949 22
920 949 24
931 949 25
32 950 7
83 950 7
88 950 7
124 950 7
135 950 7
180 950 0
218 950 0
221 950 8
260 950 8
307 950 9
319 950 10
321 950 10
337 950 0
376 950 10
381 950 9
391 950 10
408 950 11
426 950 0
445 950 0
459 950 11
476 950 10
483 950 10
519 950 11
520 950 10
522 950 11
532 950 13
566 950 0
620 950 14
648 950 14
687 950 14
690 950 0
715 950 17
776 950 17
787 950 19
813 950 19
832 950 19
914 950 0
928 950 25
938 950 26
39 951 0
42 951 7
57 951 7
250 951 0
322 951 10
355 951 9
411 951 0
485 951 11
550 951 12
554 951 12
556 951 0
563 951 13
646 951 0
675 951 0
693 951 0
705 951 16
720 951 15
723 951 16
725 951 17
776 951 0
818 951 21
833 951 21
859 951 21
865 951 21
878 951 20
880 951 22
893 951 1
897 951 21
901 951 24
929 951 22
943 951 26
945 951 23
23 952 7
60 952 7
95 952 7
98 952 7
107 952 7
118 952 0
122 952 7
145 952 8
150 952 0
162 952 8
168 952 8
201 952 8
203 952 7
218 952 8
268 952 0
320 952 10
337 952 10
364 952 9
380 952 0
429 952 10
462 952 11
468 952 11
477 952 11
492 952 11
511 952 12
546 952 13
573 952 13
598 952 0
664 952 0
672 952 16
696 952 17
735 952 0
746 952 19
761 952 19
797 952 21
808 952 21
863 952 0
908 952 27
924 952 28
935 952 29
948 952 31
10 953 7
29 953 6
32 953 6
79 953 7
83 953 5
88 953 6
110 953 0
124 953 7
221 953 7
260 953 8
299 953 7
307 953 9
319 953 10
321 953 9
376 953 9
379 953 1
381 953 10
391 953 7
408 953 11
459 953 10
476 953 11
510 953 0
519 953 11
520 953 10
522 953 11
532 953 12
596 953 0
620 953 13
648 953 13
687 953 15
736 953 0
776 953 17
787 953 19
791 953 1
813 953 18
832 953 20
900 953 0
918 953 0
928 953 27
938 953 28
950 953 28
31 954 7
45 954 7
48 954 7
94 954 7
115 954 7
125 954 7
148 954 7
179 954 7
181 954 8
186 954 8
190 954 8
192 954 8
248 954 9
275 954 9
300 954 9
306 954 10
348 954 10
349 954 0
353 954 1
366 954 0
393 954 10
457 954 11
489 954 12
579 954 13
605 954 15
645 954 15
660 954 0
681 954 16
717 954 18
738 954 18
777 954 0
793 954 0
811 954 21
815 954 0
820 954 21
862 954 23
903 954 27
906 954 27
915 954 28
936 954 30
940 954 1
42 955 6
133 955 0
167 955 8
226 955 8
276 955 8
322 955 9
346 955 7
351 955 8
355 955 8
370 955 9
389 955 0
434 955 10
467 955 0
563 955 10
594 955 0
685 955 0
705 955 15
720 955 14
723 955 14
725 955 15
731 955 17
777 955 0
817 955 0
865 955 19
878 955 21
880 955 20
897 955 17
901 955 20
908 955 0
929 955 24
943 955 25
945 955 25
951 955 24
47 956 7
68 956 7
152 956 8
160 956 7
216 956 0
232 956 9
246 956 9
281 956 0
312 956 9
366 956 9
373 956 11
399 956 1
428 956 11
452 956 11
493 956 11
501 956 12
537 956 13
560 956 12
619 956 14
631 956 14
639 956 16
647 956 15
678 956 15
690 956 17
702 956 15
706 956 16
716 956 16
733 956 2
771 956 18
823 956 20
831 956 21
851 956 0
877 956 22
882 956 1
901 956 0
919 956 26
927 956 28
949 956 1
46 957 5
65 957 6
93 957 1
100 957 6
153 957 7
156 957 7
185 957 8
231 957 7
236 957 7
249 957 0
300 957 0
389 957 9
409 957 0
419 957 10
422 957 1
432 957 10
509 957 11
575 957 12
589 957 1
671 957 13
676 957 15
709 957 15
713 957 1
735 957 15
781 957 18
802 957 18
826 957 17
876 957 20
887 957 22
891 957 21
900 957 22
910 957 21
921 957 20
923 957 1
47 958 7
68 958 7
101 958 0
152 958 8
160 958 7
232 958 9
246 958 9
296 958 8
312 958 9
366 958 10
369 958 11
373 958 11
428 958 11
452 958 11
485 958 0
493 958 11
499 958 1
501 958 12
537 958 13
560 958 12
619 958 14
631 958 14
639 958 16
647 958 15
678 958 16
690 958 17
702 958 16
706 958 17
716 958 17
728 958 0
771 958 19
797 958 0
823 958 21
831 958 23
850 958 1
877 958 24
919 958 29
927 958 29
956 958 32
61 959 7
66 959 7
78 959 8
86 959 7
132 959 7
178 959 8
206 959 8
209 959 8
220 959 0
301 959 8
326 959 9
353 959 9
416 959 10
430 959 11
470 959 11
490 959 0
491 959 12
588 959 14
616 959 0
623 959 14
627 959 14
642 959 1
663 959 15
679 959 16
693 959 16
722 959 17
732 959 18
752 959 18
789 959 20
817 959 21
819 959 0
861 959 24
883 959 25
889 959 27
899 959 26
904 959 27
919 959 0
940 959 30
946 959 31
947 959 31
36 960 7
57 960 7
154 960 7
167 960 8
351 960 9
370 960 10
485 960 11
550 960 12
554 960 12
563 960 13
610 960 1
627 960 0
705 960 17
720 960 16
723 960 16
725 960 17
731 960 18
754 960 0
818 960 21
831 960 1
833 960 21
859 960 22
865 960 22
872 960 0
878 960 23
880 960 21
897 960 23
901 960 25
921 960 1
929 960 25
943 960 27
945 960 25
951 960 28
955 960 25
47 961 7
68 961 7
151 961 2
152 961 8
160 961 7
232 961 9
246 961 9
296 961 8
312 961 9
366 961 10
369 961 11
373 961 11
428 961 11
452 961 11
493 961 11
501 961 12
537 961 13
545 961 0
560 961 12
619 961 14
631 961 14
639 961 16
647 961 15
678 961 16
690 961 17
702 961 16
706 961 17
716 961 17
735 961 1
771 961 19
823 961 21
831 961 23
850 961 4
877 961 24
895 961 0
914 961 1
919 961 29
927 961 29
942 961 2
955 961 0
956 961 32
958 961 35
25 962 7
35 962 7
44 962 0
70 962 7
74 962 7
90 962 7
119 962 0
146 962 8
163 962 8
278 962 8
286 962 9
317 962 9
323 962 9
330 962 1
361 962 10
433 962 10
467 962 11
473 962 12
490 962 12
565 962 14
597 962 13
602 962 13
632 962 13
644 962 15
691 962 16
705 962 0
740 962 0
757 962 18
824 962 21
840 962 21
884 962 24
885 962 1
899 962 0
907 962 25
919 962 1
958 962 2
25 963 7
27 963 0
35 963 7
70 963 7
73 963 7
74 963 7
90 963 7
146 963 8
163 963 8
263 963 0
278 963 8
286 963 9
323 963 9
361 963 10
381 963 1
433 963 10
467 963 11
473 963 12
490 963 12
499 963 11
555 963 0
565 963 14
597 963 13
602 963 14
632 963 13
635 963 0
644 963 15
691 963 16
757 963 19
776 963 1
824 963 20
840 963 21
846 963 0
884 963 26
907 963 25
956 963 0
962 963 32
25 964 7
35 964 7
70 964 7
73 964 7
74 964 7
90 964 7
109 964 0
163 964 8
237 964 9
278 964 8
286 964 9
317 964 9
323 964 9
361 964 10
433 964 10
467 964 11
473 964 12
490 964 12
499 964 11
565 964 14
588 964 0
597 964 13
602 964 14
632 964 14
644 964 15
670 964 0
691 964 16
757 964 19
779 964 0
811 964 1
824 964 22
840 964 21
862 964 3
884 964 26
907 964 27
962 964 32
963 964 33
18 965 7
24 965 6
63 965 5
104 965 6
110 965 6
121 965 6
139 965 7
171 965 6
200 965 8
216 965 7
235 965 8
349 965 7
367 965 1
388 965 10
440 965 9
443 965 10
445 965 6
466 965 9
497 965 10
516 965 12
549 965 0
567 965 12
589 965 12
640 965 14
661 965 13
688 965 14
717 965 0
766 965 1
796 965 18
829 965 18
842 965 17
876 965 0
886 965 19
897 965 0
902 965 20
911 965 0
923 965 22
927 965 2
930 965 18
47 966 7
68 966 7
152 966 8
160 966 7
232 966 9
246 966 9
296 966 8
312 966 9
335 966 0
366 966 10
369 966 11
373 966 11
428 966 11
452 966 11
493 966 11
501 966 12
537 966 13
560 966 12
619 966 14
621 966 0
627 966 0
631 966 14
639 966 16
647 966 15
654 966 0
678 966 16
690 966 17
702 966 16
706 966 17
716 966 17
719 966 0
766 966 0
771 966 19
823 966 21
831 966 23
877 966 24
919 966 28
925 966 0
927 966 29
930 966 0
937 966 0
956 966 32
958 966 34
961 966 34
35 967 7
70 967 7
73 967 7
74 967 7
90 967 7
117 967 0
146 967 8
163 967 8
237 967 8
286 967 9
317 967 9
323 967 9
361 967 10
433 967 10
467 967 11
473 967 12
490 967 12
499 967 11
564 967 0
565 967 14
597 967 13
602 967 14
632 967 15
644 967 15
691 967 15
708 967 0
709 967 1
757 967 19
771 967 0
824 967 21
840 967 22
884 967 25
907 967 25
912 967 0
922 967 0
947 967 0
960 967 0
962 967 31
963 967 32
964 967 33
35 968 8
56 968 0
70 968 7
73 968 7
74 968 7
90 968 7
141 968 0
146 968 8
163 968 8
196 968 0
225 968 0
237 968 8
278 968 8
286 968 9
317 968 9
323 968 9
361 968 10
433 968 10
467 968 11
490 968 12
499 968 11
552 968 0
565 968 13
597 968 13
602 968 14
632 968 14
644 968 15
654 968 0
691 968 16
757 968 18
824 968 20
840 968 21
884 968 24
907 968 25
949 968 1
962 968 31
963 968 32
964 968 33
967 968 33
14 969 7
35 969 1
39 969 7
91 969 7
96 969 7
185 969 8
231 969 8
236 969 8
243 969 8
283 969 0
389 969 10
432 969 10
469 969 10
509 969 12
523 969 0
575 969 12
671 969 13
676 969 14
709 969 16
723 969 1
724 969 17
735 969 17
802 969 19
810 969 0
826 969 19
876 969 18
887 969 24
891 969 22
900 969 21
909 969 0
910 969 24
921 969 23
929 969 1
957 969 26
968 969 1
42 970 7
141 970 7
151 970 0
154 970 8
179 970 1
186 970 0
226 970 9
276 970 8
322 970 10
351 970 9
425 970 0
434 970 9
485 970 10
518 970 0
550 970 10
554 970 12
632 970 0
657 970 0
705 970 17
723 970 16
725 970 17
731 970 17
781 970 0
818 970 19
833 970 23
859 970 21
865 970 22
878 970 21
880 970 22
897 970 22
901 970 24
929 970 25
943 970 28
945 970 26
951 970 27
955 970 26
960 970 28
61 971 7
66 971 7
78 971 7
86 971 7
132 971 7
178 971 8
206 971 8
209 971 8
301 971 8
326 971 9
353 971 9
416 971 10
430 971 11
470 971 11
491 971 13
574 971 0
588 971 13
602 971 0
623 971 14
627 971 14
663 971 16
679 971 16
693 971 16
722 971 17
732 971 18
752 971 18
789 971 20
797 971 0
817 971 21
857 971 0
861 971 24
883 971 25
889 971 27
899 971 26
904 971 27
913 971 1
934 971 0
940 971 30
942 971 0
946 971 31
947 971 31
959 971 34
0 972 7
51 972 7
139 972 0
158 972 8
176 972 7
197 972 8
228 972 0
240 972 9
335 972 9
347 972 9
402 972 10
420 972 0
451 972 12
464 972 11
482 972 0
483 972 0
504 972 11
603 972 14
610 972 14
616 972 14
750 972 18
767 972 18
773 972 18
801 972 20
827 972 20
836 972 21
841 972 20
843 972 21
849 972 23
865 972 0
882 972 23
893 972 23
896 972 25
899 972 0
909 972 24
920 972 27
931 972 27
936 972 1
949 972 29
35 973 7
70 973 7
73 973 7
74 973 7
90 973 7
146 973 8
163 973 8
237 973 8
278 973 8
286 973 9
317 973 9
323 973 9
360 973 1
361 973 10
411 973 0
429 973 0
433 973 10
467 973 11
473 973 12
490 973 12
499 973 11
565 973 14
597 973 13
602 973 14
632 973 14
644 973 15
691 973 16
701 973 0
757 973 19
783 973 0
824 973 21
840 973 22
844 973 1
884 973 25
907 973 26
927 973 0
962 973 32
963 973 33
964 973 35
967 973 34
968 973 35
14 974 7
39 974 7
65 974 6
91 974 7
100 974 7
185 974 8
208 974 7
231 974 8
243 974 7
295 974 1
368 974 0
389 974 10
390 974 9
422 974 1
432 974 10
509 974 12
553 974 0
575 974 14
593 974 1
626 974 0
671 974 15
676 974 13
724 974 18
735 974 16
781 974 18
802 974 20
826 974 19
832 974 0
845 974 0
876 974 18
887 974 22
891 974 22
900 974 24
910 974 23
921 974 23
957 974 28
969 974 30
25 975 7
70 975 7
73 975 7
74 975 7
90 975 7
146 975 8
163 975 8
208 975 1
212 975 0
220 975 0
237 975 8
278 975 8
286 975 9
317 975 9
323 975 9
361 975 10
433 975 10
467 975 11
473 975 12
490 975 12
499 975 11
520 975 0
565 975 14
597 975 13
602 975 14
632 975 14
644 975 15
686 975 0
691 975 16
757 975 19
824 975 22
840 975 22
871 975 0
882 975 0
884 975 26
895 975 0
907 975 26
962 975 32
963 975 33
964 975 34
967 975 33
968 975 33
973 975 34
18 976 6
63 976 7
85 976 7
97 976 6
104 976 6
110 976 6
121 976 5
180 976 7
200 976 8
216 976 7
232 976 1
281 976 7
332 976 7
343 976 6
386 976 10
440 976 10
466 976 11
493 976 0
497 976 9
516 976 11
560 976 1
567 976 12
572 976 11
640 976 12
661 976 12
688 976 13
743 976 0
761 976 2
764 976 16
796 976 18
829 976 17
842 976 18
862 976 0
868 976 0
886 976 18
902 976 19
916 976 0
923 976 21
930 976 24
937 976 0
965 976 26
36 977 7
57 977 7
58 977 7
123 977 0
141 977 6
167 977 8
226 977 9
347 977 0
355 977 9
370 977 10
434 977 10
435 977 0
459 977 0
485 977 11
494 977 1
554 977 12
662 977 1
702 977 0
705 977 17
720 977 16
723 977 17
725 977 17
731 977 18
802 977 0
818 977 20
833 977 21
857 977 0
859 977 22
865 977 22
878 977 22
880 977 20
897 977 25
901 977 25
929 977 23
943 977 26
945 977 25
951 977 27
955 977 26
960 977 30
970 977 28
15 978 0
18 978 5
24 978 5
97 978 7
104 978 6
110 978 7
121 978 6
139 978 6
171 978 7
200 978 6
235 978 7
281 978 7
343 978 8
349 978 8
386 978 9
407 978 0
440 978 9
466 978 10
488 978 10
497 978 10
539 978 9
567 978 12
572 978 12
589 978 10
640 978 12
643 978 0
688 978 13
756 978 0
764 978 15
796 978 18
829 978 20
842 978 18
878 978 1
902 978 19
923 978 23
929 978 3
930 978 23
949 978 1
965 978 27
976 978 27
0 979 6
51 979 8
77 979 0
234 979 8
240 979 9
285 979 0
295 979 8
335 979 9
339 979 0
376 979 1
380 979 10
402 979 10
451 979 11
464 979 11
481 979 11
496 979 0
504 979 11
575 979 2
603 979 14
610 979 14
616 979 14
750 979 18
767 979 18
773 979 18
801 979 20
827 979 20
836 979 22
841 979 22
843 979 23
849 979 22
882 979 24
893 979 25
896 979 26
903 979 1
909 979 25
920 979 26
931 979 27
936 979 2
949 979 29
972 979 32
0 980 7
51 980 7
75 980 0
94 980 0
158 980 8
176 980 7
197 980 8
234 980 8
240 980 9
295 980 7
347 980 9
402 980 9
451 980 11
464 980 11
481 980 10
504 980 11
603 980 13
610 980 15
616 980 13
671 980 0
673 980 0
727 980 1
750 980 17
767 980 18
773 980 18
789 980 0
801 980 20
827 980 20
836 980 21
843 980 20
849 980 21
882 980 23
893 980 25
896 980 25
909 980 24
920 980 26
931 980 27
949 980 29
960 980 1
968 980 2
972 980 33
973 980 1
979 980 32
0 981 7
158 981 8
176 981 7
197 981 9
234 981 8
240 981 9
295 981 9
312 981 0
321 981 0
335 981 9
347 981 9
380 981 10
402 981 10
464 981 11
481 981 11
504 981 12
603 981 14
616 981 13
723 981 0
724 981 1
750 981 18
767 981 18
773 981 18
801 981 19
827 981 20
828 981 1
836 981 22
837 981 0
841 981 22
843 981 22
849 981 24
866 981 0
882 981 23
893 981 24
896 981 23
909 981 27
920 981 26
931 981 27
934 981 2
949 981 28
972 981 32
974 981 2
979 981 32
980 981 33
96 982 7
102 982 0
153 982 8
156 982 8
208 982 7
231 982 8
236 982 8
248 982 0
311 982 0
389 982 10
390 982 9
414 982 1
419 982 10
432 982 10
453 982 11
469 982 10
509 982 12
534 982 1
575 982 14
671 982 16
676 982 14
724 982 16
735 982 16
781 982 19
802 982 19
826 982 20
867 982 0
872 982 0
874 982 1
876 982 21
878 982 0
887 982 24
891 982 22
895 982 0
900 982 25
910 982 23
921 982 22
957 982 28
969 982 28
974 982 28
22 983 0
63 983 7
85 983 6
97 983 7
104 983 7
128 983 7
180 983 8
216 983 6
235 983 9
281 983 6
332 983 8
335 983 0
343 983 7
349 983 9
386 983 10
440 983 10
443 983 9
466 983 10
488 983 8
497 983 11
499 983 0
516 983 11
554 983 0
572 983 12
589 983 12
640 983 12
649 983 0
661 983 11
686 983 0
688 983 13
730 983 0
732 983 0
739 983 0
741 983 1
764 983 18
796 983 14
829 983 16
886 983 20
902 983 22
923 983 22
930 983 25
965 983 24
976 983 29
978 983 25
14 984 0
25 984 7
35 984 7
70 984 7
73 984 7
74 984 7
90 984 7
146 984 8
163 984 8
209 984 0
237 984 8
278 984 8
286 984 9
317 984 9
361 984 10
432 984 0
433 984 10
467 984 11
473 984 12
490 984 12
499 984 12
565 984 14
597 984 13
602 984 14
632 984 14
644 984 15
691 984 15
757 984 19
809 984 0
824 984 21
840 984 21
861 984 0
884 984 26
907 984 27
910 984 0
937 984 0
938 984 0
958 984 2
962 984 33
963 984 33
964 984 34
967 984 33
968 984 33
973 984 34
975 984 34
81 985 0
85 985 6
108 985 0
110 985 6
128 985 7
139 985 7
171 985 6
180 985 8
216 985 7
264 985 0
281 985 8
332 985 9
343 985 9
349 985 8
355 985 0
386 985 10
388 985 9
440 985 9
445 985 10
488 985 11
497 985 11
516 985 12
539 985 12
567 985 10
572 985 10
588 985 3
589 985 11
640 985 12
661 985 13
688 985 15
702 985 0
764 985 16
767 985 1
829 985 18
842 985 21
843 985 0
886 985 22
902 985 24
923 985 24
930 985 23
959 985 1
965 985 25
976 985 27
978 985 26
983 985 28
21 986 0
51 986 7
158 986 8
176 986 7
197 986 8
234 986 8
240 986 9
295 986 8
335 986 9
347 986 8
380 986 10
451 986 11
464 986 11
481 986 11
504 986 11
582 986 0
603 986 14
610 986 14
616 986 14
621 986 0
704 986 1
750 986 18
767 986 19
771 986 0
773 986 19
774 986 0
788 986 0
801 986 19
808 986 0
814 986 1
827 986 21
836 986 21
841 986 21
843 986 23
849 986 23
882 986 25
893 986 24
896 986 25
909 986 27
920 986 28
931 986 29
949 986 30
972 986 33
979 986 33
980 986 34
981 986 34
4 987 0
48 987 0
57 987 7
58 987 7
65 987 0
138 987 0
141 987 6
167 987 7
226 987 8
276 987 8
322 987 10
351 987 8
355 987 9
363 987 0
370 987 10
550 987 12
554 987 11
563 987 12
650 987 2
665 987 0
692 987 0
705 987 18
720 987 14
723 987 17
725 987 16
731 987 17
818 987 21
833 987 21
859 987 22
865 987 22
880 987 22
897 987 24
901 987 23
902 987 1
929 987 24
935 987 0
943 987 26
945 987 25
951 987 28
955 987 28
960 987 30
970 987 29
977 987 31
7 988 0
14 988 7
91 988 7
96 988 7
100 988 7
123 988 5
153 988 6
185 988 8
208 988 8
236 988 7
243 988 8
274 988 8
389 988 10
390 988 10
453 988 11
509 988 11
538 988 1
575 988 14
615 988 0
671 988 15
676 988 14
698 988 0
709 988 16
724 988 15
735 988 15
773 988 0
781 988 17
802 988 20
826 988 20
887 988 21
888 988 1
891 988 23
900 988 23
910 988 26
921 988 24
957 988 26
959 988 0
964 988 1
969 988 29
973 988 1
974 988 30
982 988 29
58 989 7
85 989 0
154 989 7
167 989 8
226 989 9
276 989 8
322 989 10
346 989 9
355 989 8
357 989 0
370 989 10
434 989 10
485 989 11
550 989 13
554 989 12
563 989 13
650 989 3
659 989 0
705 989 18
720 989 17
725 989 17
731 989 17
773 989 0
818 989 20
833 989 22
859 989 21
865 989 21
878 989 23
880 989 23
883 989 1
897 989 23
901 989 27
917 989 2
929 989 24
933 989 1
943 989 29
945 989 28
951 989 28
955 989 29
960 989 30
970 989 30
977 989 31
984 989 0
987 989 33
36 990 6
57 990 7
58 990 7
154 990 7
167 990 8
208 990 0
226 990 9
276 990 7
316 990 1
322 990 9
355 990 9
370 990 9
434 990 10
485 990 10
550 990 12
563 990 12
705 990 16
712 990 0
720 990 16
723 990 17
725 990 16
731 990 17
742 990 0
783 990 1
818 990 20
833 990 20
859 990 22
865 990 21
878 990 21
880 990 23
881 990 0
897 990 24
901 990 25
917 990 2
929 990 24
937 990 2
943 990 27
951 990 28
954 990 0
955 990 28
960 990 31
964 990 0
970 990 29
977 990 32
987 990 32
989 990 35
36 991 7
42 991 7
57 991 7
58 991 7
213 991 0
226 991 9
276 991 8
346 991 9
370 991 10
402 991 2
434 991 10
485 991 11
489 991 0
499 991 0
550 991 13
554 991 12
563 991 13
620 991 0
705 991 17
720 991 17
723 991 16
725 991 17
731 991 18
818 991 22
819 991 0
833 991 22
841 991 1
859 991 22
865 991 22
878 991 22
880 991 23
893 991 2
897 991 23
900 991 0
901 991 26
929 991 27
930 991 1
943 991 27
945 991 28
951 991 30
955 991 28
960 991 31
970 991 30
977 991 32
987 991 31
989 991 33
990 991 33
16 992 0
24 992 6
63 992 7
86 992 0
97 992 5
110 992 7
121 992 6
139 992 7
180 992 7
200 992 8
216 992 8
227 992 0
235 992 8
281 992 8
332 992 9
349 992 6
359 992 1
386 992 9
445 992 10
466 992 10
488 992 12
497 992 11
516 992 10
539 992 13
567 992 12
572 992 12
640 992 13
661 992 12
688 992 15
763 992 0
764 992 16
796 992 17
829 992 19
842 992 17
886 992 20
887 992 1
902 992 22
918 992 0
923 992 25
930 992 25
932 992 1
939 992 0
965 992 28
969 992 1
976 992 30
978 992 29
983 992 28
985 992 29
39 993 7
96 993 7
100 993 7
153 993 8
156 993 8
185 993 8
231 993 8
243 993 8
262 993 0
270 993 1
318 993 0
343 993 1
380 993 0
389 993 10
390 993 10
419 993 10
432 993 10
453 993 10
469 993 9
491 993 1
509 993 12
573 993 1
575 993 14
676 993 15
709 993 17
724 993 16
735 993 18
781 993 18
802 993 19
826 993 20
873 993 1
876 993 21
887 993 23
891 993 23
900 993 22
910 993 24
921 993 23
957 993 29
969 993 30
971 993 2
974 993 30
978 993 2
982 993 32
988 993 30
14 994 7
38 994 0
46 994 6
100 994 7
153 994 8
156 994 7
180 994 0
185 994 8
208 994 8
243 994 8
274 994 9
280 994 0
296 994 1
389 994 10
390 994 10
407 994 0
419 994 10
432 994 10
453 994 11
469 994 10
476 994 0
478 994 0
509 994 12
575 994 15
671 994 16
709 994 16
724 994 15
735 994 17
781 994 19
802 994 19
826 994 21
831 994 2
864 994 0
876 994 23
887 994 22
891 994 25
900 994 25
910 994 23
921 994 26
957 994 29
969 994 28
974 994 30
979 994 1
982 994 31
988 994 32
993 994 33
17 995 0
39 995 7
46 995 5
91 995 7
96 995 7
123 995 7
156 995 8
185 995 8
208 995 8
231 995 9
236 995 6
243 995 8
274 995 9
389 995 10
390 995 8
419 995 9
432 995 10
451 995 1
454 995 0
509 995 11
554 995 0
576 995 0
671 995 14
676 995 16
709 995 17
724 995 16
726 995 0
735 995 16
781 995 17
802 995 19
826 995 19
876 995 22
887 995 22
891 995 22
910 995 24
921 995 23
930 995 0
940 995 1
957 995 28
969 995 30
972 995 1
974 995 30
975 995 1
982 995 30
988 995 31
993 995 31
994 995 31
14 996 7
39 996 7
46 996 6
65 996 6
91 996 7
96 996 7
100 996 6
123 996 6
153 996 6
156 996 7
236 996 8
243 996 8
274 996 8
310 996 0
389 996 9
453 996 11
463 996 0
469 996 11
509 996 11
559 996 0
562 996 1
575 996 12
604 996 0
648 996 0
671 996 14
676 996 15
709 996 15
724 996 16
735 996 16
781 996 18
802 996 20
826 996 20
876 996 22
879 996 0
887 996 21
890 996 1
891 996 23
900 996 24
910 996 25
921 996 24
943 996 0
969 996 30
974 996 29
982 996 29
988 996 33
993 996 31
994 996 32
995 996 31
39 997 6
46 997 7
65 997 6
96 997 7
100 997 7
123 997 7
153 997 7
156 997 8
231 997 9
243 997 8
263 997 0
274 997 8
389 997 10
390 997 10
432 997 10
450 997 0
452 997 0
453 997 11
469 997 10
489 997 0
509 997 12
512 997 0
575 997 13
671 997 16
676 997 16
709 997 16
724 997 15
753 997 0
781 997 19
802 997 20
826 997 21
869 997 0
876 997 22
887 997 21
891 997 23
900 997 24
910 997 25
921 997 24
949 997 1
957 997 29
969 997 29
971 997 1
974 997 30
978 997 2
982 997 31
988 997 31
993 997 36
994 997 33
995 997 32
996 997 35
57 998 7
58 998 7
141 998 7
154 998 8
167 998 8
226 998 9
276 998 8
316 998 1
321 998 1
322 998 10
346 998 9
351 998 9
370 998 10
434 998 10
485 998 11
506 998 0
550 998 12
554 998 12
569 998 0
642 998 1
689 998 0
705 998 17
720 998 17
723 998 16
725 998 17
728 998 0
731 998 18
813 998 1
818 998 20
828 998 0
833 998 23
859 998 21
865 998 22
878 998 23
880 998 24
897 998 24
901 998 26
909 998 1
929 998 26
943 998 30
945 998 29
951 998 28
955 998 29
960 998 32
970 998 33
977 998 33
987 998 34
989 998 35
990 998 35
991 998 34
0 999 7
7 999 0
51 999 7
158 999 8
176 999 7
197 999 8
234 999 8
240 999 10
295 999 8
326 999 0
335 999 9
347 999 9
380 999 10
402 999 10
451 999 11
464 999 11
481 999 11
504 999 11
526 999 0
565 999 0
603 999 14
610 999 14
616 999 14
668 999 0
672 999 1
750 999 18
767 999 19
773 999 19
801 999 20
814 999 1
827 999 21
836 999 22
841 999 22
843 999 24
849 999 23
867 999 0
882 999 25
893 999 26
896 999 26
909 999 27
920 999 28
928 999 1
931 999 29
949 999 31
970 999 0
972 999 35
979 999 35
980 999 36
981 999 36
986 999 38
