15 16 0
24 26 1
30 38 0
26 46 0
14 50 1
7 52 0
6 54 1
56 57 0
41 60 0
36 71 0
16 75 0
28 77 0
46 82 2
37 86 0
51 88 0
61 90 0
79 91 1
4 93 0
69 93 0
30 99 0
67 102 1
33 106 0
103 106 0
38 109 1
88 110 0
46 111 0
16 114 0
45 116 0
25 117 0
117 123 0
116 127 1
83 133 2
116 133 0
94 135 0
103 137 1
5 138 0
19 138 0
84 139 0
133 140 1
9 141 1
31 142 1
78 142 0
35 144 1
134 145 0
11 147 1
105 147 0
114 149 0
74 150 0
119 153 0
4 154 2
75 155 1
9 156 1
76 157 0
125 158 0
87 161 0
150 162 1
86 166 1
40 167 0
131 168 1
32 169 0
76 169 2
124 174 1
14 176 0
80 176 0
47 180 1
180 181 0
119 182 0
10 183 0
30 185 0
153 185 1
101 186 1
126 186 0
131 187 0
44 188 0
137 189 0
47 190 0
79 190 1
102 190 0
184 190 1
85 191 0
137 192 0
23 193 1
10 194 0
46 194 0
124 194 1
110 195 3
172 198 0
66 199 2
152 199 2
189 199 0
108 200 0
180 200 2
129 202 0
162 202 0
98 203 0
109 204 1
195 204 1
73 206 0
64 207 1
141 207 0
161 207 0
183 208 0
59 209 0
28 210 0
17 211 0
129 211 0
2 212 0
127 214 1
83 215 2
24 216 1
190 217 0
176 224 1
24 225 1
23 226 1
173 228 0
202 228 0
86 229 0
210 229 0
182 230 0
175 231 0
51 232 1
143 232 1
213 232 1
171 233 2
176 233 0
155 234 1
101 235 1
104 235 2
124 235 0
179 235 0
155 237 0
205 237 2
12 238 0
49 238 0
60 238 0
87 238 1
168 238 0
98 239 0
216 239 0
104 240 0
165 240 2
141 241 1
6 242 2
54 242 1
237 242 0
103 244 0
107 244 0
242 244 0
26 246 0
128 247 1
39 248 1
223 248 0
49 249 0
77 249 0
106 249 0
147 249 1
189 250 1
209 252 1
48 253 0
53 253 0
55 255 1
63 255 0
72 255 0
207 255 2
156 256 0
188 257 2
251 257 0
9 258 0
46 258 1
146 258 0
243 259 2
41 260 1
177 260 3
176 261 0
95 262 0
166 262 0
171 262 0
224 262 0
178 263 0
1 264 0
169 265 0
79 267 0
182 268 0
83 269 0
261 269 0
70 270 0
179 270 0
224 270 0
13 271 0
130 271 0
176 271 0
119 274 1
146 274 1
231 274 0
236 274 0
255 274 1
123 275 2
195 275 0
254 275 0
53 276 0
135 277 0
209 277 0
44 278 0
112 278 1
49 279 1
59 279 0
143 279 1
227 280 2
13 281 0
37 281 0
194 281 0
15 283 0
82 283 0
201 283 2
239 283 2
42 284 0
118 284 0
84 285 0
204 285 1
21 286 0
101 286 2
203 286 0
205 288 0
254 288 2
20 289 1
266 289 3
280 289 0
263 290 0
174 291 0
271 292 2
262 293 2
125 294 0
140 294 2
17 295 0
48 295 0
62 295 1
34 296 0
170 297 1
267 297 1
181 299 1
17 300 0
293 300 2
167 301 2
217 301 2
252 301 0
59 303 2
258 304 1
268 304 0
30 305 1
157 305 0
200 305 0
153 306 1
124 307 0
293 307 0
295 307 1
104 308 0
299 308 0
50 310 1
118 310 0
221 310 0
147 311 0
237 312 0
167 313 1
226 313 0
255 313 0
76 314 0
251 317 0
230 318 3
252 318 0
108 319 2
231 319 1
292 319 0
313 319 2
114 320 2
177 320 0
31 321 0
80 321 2
41 322 0
313 322 1
10 323 0
131 323 0
148 323 2
157 323 0
164 323 0
267 323 0
275 324 1
307 324 0
150 325 1
209 325 0
216 325 0
267 326 1
63 327 0
240 327 0
303 327 0
82 329 0
90 329 1
224 329 1
292 329 1
300 329 2
76 330 2
88 330 1
95 330 0
188 330 0
243 331 0
270 331 1
274 333 0
97 334 0
201 334 4
309 334 0
262 335 2
292 335 2
293 335 4
38 336 0
72 336 0
113 336 0
241 336 0
317 336 1
133 337 1
140 337 2
166 337 2
212 337 0
303 339 0
41 340 0
95 340 0
168 340 1
250 340 0
339 340 0
176 341 0
217 341 0
293 341 1
335 341 2
164 342 3
219 342 1
243 342 0
313 342 0
314 342 0
337 343 0
50 344 0
156 344 0
337 344 0
67 346 0
100 346 0
115 346 0
178 346 2
138 348 0
338 348 0
294 349 0
225 350 0
245 350 1
257 350 0
345 350 0
177 351 0
312 352 0
328 352 1
174 353 0
219 354 2
274 354 0
7 355 0
33 357 0
63 357 0
73 357 0
161 357 0
49 358 0
94 358 0
111 358 0
122 358 1
334 358 0
343 358 1
113 359 0
175 359 0
203 359 0
315 359 0
348 359 2
110 360 1
188 360 0
244 360 1
250 360 0
178 361 1
334 361 3
56 362 0
11 363 0
47 363 0
101 363 1
251 363 0
330 363 0
337 363 0
33 364 0
87 364 0
118 364 2
327 364 0
363 364 0
111 365 1
122 365 1
166 365 0
282 365 2
91 366 0
126 366 1
16 367 0
153 367 2
264 367 0
92 368 4
148 368 0
236 368 3
232 369 0
279 369 0
124 370 0
19 372 0
141 372 1
149 372 0
156 372 2
222 373 1
351 373 2
140 374 1
208 374 1
225 374 1
333 374 0
351 374 0
37 375 1
106 375 0
370 375 1
42 376 2
271 376 0
45 377 0
124 377 0
52 378 0
64 378 1
107 379 0
258 379 0
255 380 0
268 380 0
339 380 4
34 382 0
188 382 0
11 383 0
174 383 0
294 383 2
331 383 0
183 384 0
192 384 0
253 384 2
281 384 0
302 384 0
338 384 2
32 385 0
172 385 2
241 385 0
351 385 2
364 385 0
12 386 0
273 386 3
67 387 0
205 387 2
42 388 0
63 388 1
382 388 4
171 389 0
339 389 0
214 390 0
257 390 2
265 390 2
298 390 2
387 390 0
128 391 0
248 391 0
356 391 0
49 392 1
127 392 0
157 392 0
264 392 0
302 392 0
275 393 0
344 393 0
50 394 0
139 394 0
343 394 0
365 394 0
136 395 0
215 395 0
284 395 2
136 397 1
87 398 0
245 398 0
80 399 1
171 399 0
271 399 0
300 399 1
335 399 1
8 400 0
74 400 0
213 400 0
279 400 0
36 401 2
165 401 0
212 401 0
160 402 0
361 402 3
367 402 0
317 403 0
349 403 1
200 404 3
249 404 1
298 404 4
21 405 3
218 405 0
358 405 1
16 406 2
52 406 1
161 406 0
35 407 2
115 407 0
218 407 3
367 407 1
26 408 1
90 408 1
176 408 1
224 408 2
300 408 2
399 408 2
331 409 0
16 410 1
299 410 0
96 411 1
290 411 1
57 412 0
65 412 0
355 412 4
165 413 0
266 413 3
289 413 3
51 414 3
196 414 3
13 415 0
181 415 2
20 416 0
27 416 0
220 416 1
43 417 0
47 417 0
92 417 0
106 417 0
67 418 0
273 418 0
344 418 0
363 418 1
81 419 0
270 419 0
31 420 1
190 420 1
233 420 0
228 421 0
356 421 0
369 421 3
278 423 0
373 423 1
64 424 0
211 424 0
268 424 0
332 424 4
98 425 1
100 425 0
282 425 0
423 425 0
16 426 0
52 426 1
64 426 0
358 426 0
2 427 0
58 427 0
218 427 0
245 427 1
247 427 0
57 428 1
102 428 3
175 428 1
15 429 2
79 429 2
179 429 0
6 430 0
156 430 0
180 430 3
401 430 4
155 431 0
177 431 0
240 431 0
350 431 0
138 433 0
149 433 0
268 433 1
309 433 2
317 433 0
428 433 0
111 434 0
399 434 0
0 435 3
103 435 1
142 435 1
333 435 0
379 435 0
428 435 2
286 436 1
319 436 0
323 436 0
378 436 0
397 436 3
63 437 0
68 437 0
122 437 0
232 438 4
279 438 0
421 438 0
273 439 0
310 439 1
250 440 2
316 440 2
159 441 1
371 441 0
384 441 0
43 442 1
74 442 0
87 442 1
411 442 1
19 443 0
90 443 2
101 443 0
262 443 0
271 443 2
321 443 2
341 443 1
354 443 0
0 444 3
278 444 0
329 444 0
435 444 3
39 445 0
95 445 1
135 445 1
170 445 0
175 445 0
372 445 0
384 445 0
91 446 1
427 446 0
55 447 0
109 447 2
204 447 2
303 447 0
365 447 1
69 448 0
100 448 1
170 448 2
267 448 1
371 448 0
1 449 2
222 449 1
443 449 0
140 450 0
196 450 0
210 450 2
264 450 0
356 450 0
372 450 2
417 450 0
80 452 0
225 452 0
296 452 1
190 453 2
213 453 0
254 453 0
301 453 2
375 453 0
386 453 0
9 454 1
96 454 2
103 454 0
32 455 2
64 455 1
278 455 2
395 455 0
398 455 1
18 456 0
256 456 0
270 456 1
345 456 1
441 457 1
71 458 2
122 458 1
231 458 2
234 458 0
313 458 1
316 458 3
5 459 1
98 459 0
185 459 0
370 459 0
419 459 1
214 460 0
234 460 1
238 460 1
287 460 2
97 461 4
222 461 0
263 461 0
289 461 0
320 461 4
351 461 0
415 461 0
246 462 2
266 462 3
345 462 0
413 462 4
121 463 0
259 463 3
274 463 0
389 463 0
217 464 0
377 464 0
398 464 2
374 465 0
178 466 0
214 467 0
268 467 2
392 467 2
5 468 0
72 468 2
344 468 1
463 468 0
98 469 1
121 469 3
256 469 0
389 469 1
243 470 1
12 471 0
89 471 0
291 471 0
423 471 1
443 471 0
469 471 2
11 472 1
37 472 1
109 472 0
142 472 1
44 473 1
162 473 1
28 474 0
352 474 0
404 474 0
153 475 1
185 475 5
312 475 1
325 475 0
389 475 0
70 476 4
337 476 2
17 477 3
182 477 3
342 477 0
405 477 0
428 477 0
464 477 3
58 478 1
105 478 1
219 478 2
463 478 2
52 479 0
215 479 1
294 479 1
336 479 0
386 479 3
472 479 2
191 480 2
229 480 3
329 480 0
332 480 0
207 481 0
396 481 0
8 482 1
12 482 1
161 482 0
344 482 0
346 482 0
390 482 2
442 482 2
66 483 0
67 483 0
117 483 1
339 483 2
196 484 0
350 484 4
353 484 2
430 484 1
478 484 0
179 485 2
219 485 1
261 485 3
355 485 2
414 485 2
478 485 1
1 486 0
203 486 0
281 486 0
375 486 0
460 486 2
44 487 2
61 487 4
121 487 0
107 488 2
220 488 0
412 488 0
332 489 5
424 489 4
452 489 1
281 490 0
358 490 0
458 490 0
144 491 0
192 491 2
449 491 0
78 492 1
240 492 3
141 493 1
237 493 3
264 493 1
305 493 0
13 494 0
33 494 0
66 494 0
72 494 0
243 494 0
327 494 1
359 494 0
437 494 2
130 495 0
148 495 3
316 495 0
364 495 1
379 495 2
429 495 0
493 495 0
53 496 4
125 496 0
162 496 0
378 496 2
62 497 0
122 497 0
251 497 1
343 497 2
406 497 0
443 497 0
462 497 0
59 498 3
252 498 0
254 498 0
302 498 2
411 498 2
53 499 0
171 499 2
233 499 4
318 499 0
329 499 2
341 499 1
353 499 0
456 499 0
85 500 0
297 500 0
333 500 4
29 501 0
132 501 1
173 501 0
347 501 0
442 501 1
4 502 0
77 502 4
148 502 0
317 502 1
336 502 1
454 502 0
52 503 2
111 503 2
271 503 0
500 503 1
12 504 1
124 504 2
2 505 2
187 505 0
317 505 1
347 505 0
465 505 0
33 506 1
170 506 1
293 506 0
326 506 0
448 506 3
501 506 0
281 507 1
349 507 0
425 507 2
467 507 3
39 508 0
109 508 1
147 508 0
31 509 1
57 509 2
334 509 0
479 509 2
32 510 1
120 510 2
160 510 1
172 510 0
278 510 2
493 510 0
101 511 1
153 511 1
363 511 1
433 511 0
437 511 0
310 513 0
198 514 0
210 514 3
216 514 0
300 514 0
426 514 1
450 514 2
230 515 0
254 515 3
287 515 1
354 515 0
486 515 0
227 516 3
244 516 0
275 516 0
347 516 0
438 516 4
449 516 0
145 517 0
466 517 0
53 518 0
296 518 2
351 518 3
391 518 2
467 518 0
86 519 0
272 519 0
276 519 2
409 519 3
518 519 4
143 520 0
211 520 2
433 520 1
292 521 0
349 521 1
374 521 0
444 521 0
483 521 4
160 522 2
216 522 2
331 522 0
432 522 1
478 522 1
66 523 0
149 523 3
413 523 0
85 524 0
328 524 2
479 524 0
480 524 2
523 524 2
66 525 2
215 525 0
273 525 0
314 525 1
378 525 2
487 525 0
62 526 0
77 526 0
152 526 0
205 526 0
377 526 0
28 527 2
261 527 4
297 527 0
394 527 4
512 527 0
18 528 0
29 528 0
100 528 0
352 528 2
506 528 0
68 529 0
170 529 0
259 529 0
265 529 0
439 529 3
498 529 3
507 529 0
247 530 1
254 530 0
274 530 0
470 530 0
526 530 4
107 531 1
397 531 2
490 531 1
9 532 1
134 532 0
184 532 1
199 532 0
220 532 0
306 532 1
372 532 3
450 532 2
493 532 2
109 533 2
251 533 0
406 533 0
417 533 0
423 533 0
447 533 2
469 533 1
50 534 1
181 534 0
210 534 0
302 534 1
322 534 1
439 534 3
58 535 0
97 535 0
144 535 1
161 535 0
252 535 0
253 535 0
470 535 3
475 535 0
247 536 1
313 536 0
347 536 2
356 536 2
412 536 0
504 536 0
115 537 0
124 537 2
125 537 0
135 537 0
188 537 0
261 537 0
265 537 0
287 537 0
486 537 1
504 537 1
0 538 0
197 538 0
385 538 2
391 538 3
409 538 3
410 538 0
426 538 1
498 538 0
217 539 2
236 539 4
362 539 1
391 539 0
446 539 0
453 539 1
174 540 3
218 540 0
295 540 0
402 540 5
210 541 0
477 541 0
499 541 0
531 541 1
24 542 0
226 542 0
230 542 2
351 542 2
391 542 1
74 543 1
94 543 0
247 543 0
451 543 0
8 544 0
67 544 2
253 544 0
259 544 0
386 544 5
472 544 3
479 544 5
509 544 2
520 544 0
134 545 1
316 545 0
320 545 0
348 545 3
8 546 2
53 546 0
188 546 0
194 546 0
412 546 0
418 546 0
482 546 3
501 546 0
504 546 1
126 547 0
160 547 1
250 547 2
356 547 2
444 547 0
470 547 1
526 547 1
39 548 0
49 548 0
61 548 0
268 548 1
307 548 2
426 548 0
471 548 0
513 548 2
46 549 1
82 549 1
365 549 3
406 549 2
503 549 2
101 550 0
257 550 0
299 550 2
371 550 0
395 550 3
414 550 0
476 550 1
320 551 2
473 551 0
524 551 1
528 551 3
202 552 3
208 552 2
223 552 0
225 552 0
314 552 0
462 552 0
513 552 0
135 553 0
228 553 1
248 553 0
298 553 0
327 553 0
408 553 1
437 553 1
91 554 2
118 554 0
185 554 0
301 554 3
423 554 0
453 554 3
498 554 0
87 555 1
167 555 0
234 555 1
261 555 0
370 555 2
416 555 1
486 555 1
48 556 0
155 556 1
227 556 1
280 556 3
317 556 0
438 556 3
474 556 3
509 556 1
27 557 0
36 557 3
129 557 0
180 557 3
200 557 3
391 557 0
486 557 0
489 557 3
23 558 1
55 558 1
192 558 0
271 558 0
69 559 2
285 559 0
294 559 0
404 559 0
441 559 2
452 559 5
25 560 1
40 560 2
113 560 0
409 560 0
47 561 1
59 561 0
122 561 0
138 561 2
418 561 2
527 561 0
35 562 0
113 562 0
178 562 1
366 562 2
447 562 0
8 563 3
99 563 1
108 563 0
183 563 2
219 563 0
517 563 1
546 563 1
51 564 1
114 564 0
128 564 0
232 564 5
246 564 3
314 564 0
438 564 5
455 564 0
472 564 0
516 564 3
556 564 3
85 565 1
229 565 1
369 565 0
514 565 0
522 565 0
523 565 3
528 565 3
551 565 3
7 566 1
65 566 0
81 566 0
223 566 1
452 566 0
473 566 0
556 566 0
0 567 3
102 567 3
129 567 0
212 567 0
321 567 0
428 567 5
435 567 3
439 567 1
509 567 3
556 567 1
120 568 2
283 568 0
339 568 2
368 568 0
400 568 3
450 568 0
558 568 0
186 569 0
206 569 2
309 570 1
325 570 1
515 570 0
144 571 2
239 571 2
346 571 3
402 571 2
407 571 0
540 571 5
3 572 1
403 572 0
456 572 2
472 572 0
525 572 1
557 572 0
561 572 0
226 573 2
233 573 0
280 573 0
537 573 0
43 574 1
188 574 2
238 574 1
257 574 1
281 574 0
304 574 0
370 574 1
442 574 3
485 574 0
520 574 1
528 574 0
68 575 2
152 575 0
231 575 0
378 575 2
494 575 0
525 575 3
62 576 2
130 576 2
191 576 0
433 576 2
520 576 4
3 577 0
5 577 0
415 577 5
417 577 0
430 577 0
449 577 0
62 578 0
132 578 0
199 578 0
333 578 2
342 578 2
355 578 0
411 578 1
420 578 3
446 578 3
36 579 0
327 579 0
356 579 0
517 579 1
543 579 3
246 580 0
308 580 3
344 580 2
350 580 0
533 580 0
11 581 1
29 581 4
273 581 4
286 581 0
465 581 0
467 581 0
472 581 3
47 582 1
106 582 1
138 582 1
192 582 0
419 582 1
467 582 1
540 582 0
561 582 3
166 583 0
217 583 3
324 583 1
399 583 0
539 583 3
2 584 0
80 584 0
285 584 0
398 584 4
521 584 4
37 585 2
194 585 1
234 585 0
238 585 1
442 585 3
489 585 0
537 585 0
574 585 3
31 586 0
104 586 2
153 586 2
286 586 3
367 586 4
397 586 0
487 586 0
542 586 0
75 587 0
164 587 4
519 587 0
545 587 0
547 587 0
578 587 2
66 588 0
93 588 2
118 588 1
163 588 0
218 588 1
220 588 2
315 588 2
323 588 1
376 588 0
424 588 0
116 589 1
197 589 0
204 589 1
226 589 0
272 589 1
491 589 3
19 590 0
420 590 0
458 590 0
485 590 0
494 590 0
75 591 0
303 591 0
451 591 5
477 591 0
503 591 0
520 591 1
576 591 1
187 592 3
459 592 1
475 592 1
506 592 1
538 592 3
86 593 2
138 593 0
353 593 3
371 593 0
383 593 3
465 593 0
525 593 0
106 594 0
107 594 1
178 594 2
283 594 2
402 594 3
456 594 0
540 594 6
157 595 2
222 595 0
335 595 0
425 595 3
427 595 0
507 595 3
520 595 2
543 595 1
374 596 0
555 596 0
13 597 1
460 597 2
486 597 1
578 597 0
301 598 0
309 598 1
340 598 1
351 598 1
373 598 3
398 598 0
505 598 2
545 598 2
570 598 1
103 599 1
119 599 0
186 599 0
190 599 0
220 599 0
242 599 1
363 599 0
499 599 0
73 600 2
145 600 1
196 600 0
263 600 2
421 600 0
466 600 0
478 600 1
572 600 2
582 600 0
56 601 0
115 601 0
232 601 2
246 601 4
266 601 2
289 601 2
328 601 0
415 601 0
438 601 2
462 601 2
474 601 2
564 601 4
576 601 0
19 602 4
27 602 0
38 602 0
94 602 4
132 602 0
165 602 0
420 602 4
500 602 6
555 602 0
588 602 0
187 603 3
296 603 3
314 603 4
378 603 0
519 603 3
42 604 0
260 604 4
394 604 1
411 604 4
417 604 0
454 604 0
580 604 0
58 605 0
239 605 0
440 605 1
491 605 5
589 605 2
69 606 1
306 606 4
469 606 1
487 606 0
589 606 4
72 607 0
135 607 0
193 607 0
435 607 0
512 607 3
70 608 1
207 608 0
285 608 4
507 608 0
517 608 3
143 609 2
291 609 0
310 609 0
392 609 2
419 609 0
425 609 3
434 609 0
488 609 0
548 609 2
1 610 0
28 610 0
89 610 0
186 610 2
236 610 2
346 610 0
536 610 0
539 610 1
579 610 1
582 610 1
2 611 1
113 611 0
223 611 0
423 611 1
447 611 3
545 611 2
21 612 2
105 612 1
122 612 0
291 612 3
504 612 1
7 613 0
105 613 2
245 613 3
344 613 1
427 613 1
485 613 0
511 613 0
530 613 1
547 613 1
564 613 0
603 613 1
129 614 1
220 614 1
237 614 0
284 614 0
336 614 0
393 614 2
416 614 3
457 614 2
573 614 0
124 615 2
238 615 1
460 615 2
482 615 2
486 615 3
531 615 0
537 615 2
546 615 1
551 615 0
555 615 3
614 615 0
5 616 0
43 616 0
57 616 0
76 616 1
164 616 0
214 616 3
235 616 0
589 616 5
606 616 6
155 617 4
234 617 1
497 617 2
552 617 0
96 618 0
218 618 3
382 618 0
615 618 0
166 619 0
202 619 2
225 619 2
374 619 3
430 619 0
516 619 0
99 620 0
398 620 0
540 620 6
565 620 0
571 620 4
594 620 5
4 621 0
201 621 0
317 621 1
447 621 2
526 621 1
530 621 1
611 621 2
173 622 1
256 622 2
543 622 1
595 622 2
6 623 0
89 623 1
150 623 2
302 623 1
322 623 2
404 623 0
473 623 2
183 624 1
223 624 3
314 624 0
376 624 2
457 624 2
463 624 0
560 624 3
35 625 3
68 625 1
170 625 0
250 625 1
379 625 3
407 625 3
522 625 0
544 625 0
547 625 1
618 625 3
144 626 2
174 626 3
201 626 3
334 626 4
346 626 3
481 626 0
543 626 1
544 626 0
579 626 1
620 626 4
100 627 1
245 627 0
307 627 3
433 627 2
538 627 1
548 627 2
108 628 0
145 628 0
148 628 0
242 628 0
276 628 3
283 628 0
296 628 2
379 628 0
538 628 4
542 628 2
592 628 4
608 628 0
177 629 3
230 629 0
300 629 0
333 629 2
411 629 3
508 629 1
576 629 0
587 629 4
602 629 4
617 629 0
8 630 0
56 630 2
99 630 1
135 630 0
305 630 2
341 630 0
368 630 0
17 631 2
117 631 1
392 631 1
501 631 0
519 631 1
82 632 0
146 632 1
378 632 2
382 632 1
410 632 0
575 632 3
590 632 3
23 633 0
145 633 3
301 633 0
330 633 0
358 633 0
359 633 1
377 633 4
406 633 0
135 634 0
248 634 1
259 634 0
315 634 0
327 634 0
437 634 0
501 634 0
577 634 0
55 635 0
95 635 2
326 635 2
338 635 1
494 635 1
533 635 0
634 635 0
1 636 1
102 636 0
113 636 0
250 636 0
373 636 1
377 636 4
414 636 0
449 636 1
477 636 0
621 636 2
633 636 4
9 637 0
77 637 2
79 637 0
202 637 2
213 637 0
221 637 0
350 637 2
353 637 1
383 637 2
476 637 3
486 637 0
502 637 2
619 637 3
120 638 0
126 638 1
372 638 0
431 638 1
492 638 1
530 638 0
562 638 2
585 638 0
110 639 0
199 639 0
270 639 1
331 639 3
363 639 0
553 639 1
583 639 1
596 639 0
136 640 1
172 640 3
180 640 0
296 640 3
380 640 0
391 640 3
533 640 0
592 640 3
596 640 0
597 640 0
603 640 4
327 641 1
361 641 0
376 641 0
382 641 1
437 641 1
470 641 0
611 641 0
13 642 2
43 642 1
234 642 2
288 642 1
370 642 0
380 642 0
515 642 1
591 642 0
597 642 2
618 642 0
282 643 0
290 643 0
465 643 2
493 643 0
562 643 2
569 643 0
264 644 3
356 644 0
387 644 5
454 644 4
488 644 0
506 644 0
514 644 4
605 644 0
641 644 0
60 645 2
240 645 0
261 645 0
348 645 4
403 645 0
545 645 4
598 645 3
604 645 0
611 645 4
636 645 2
12 646 1
43 646 1
71 646 0
211 646 0
281 646 0
419 646 0
515 646 2
518 646 0
537 646 0
546 646 1
597 646 2
1 647 0
20 647 3
41 647 0
189 647 0
258 647 0
318 647 0
332 647 1
436 647 4
541 647 5
571 647 1
635 647 0
101 648 1
111 648 1
153 648 0
286 648 3
362 648 0
393 648 0
395 648 2
415 648 2
454 648 0
580 648 0
636 648 0
79 649 0
109 649 0
132 649 0
135 649 2
173 649 0
253 649 2
343 649 0
412 649 0
445 649 2
580 649 1
643 649 0
113 650 0
266 650 0
390 650 0
425 650 2
480 650 0
520 650 5
576 650 4
595 650 3
628 650 0
638 650 1
36 651 0
105 651 2
216 651 0
356 651 3
536 651 3
541 651 0
547 651 3
574 651 0
613 651 2
60 652 1
152 652 0
159 652 0
170 652 1
225 652 0
228 652 1
253 652 3
338 652 1
520 652 0
84 653 3
196 653 2
442 653 0
527 653 3
543 653 0
475 654 2
485 654 0
603 654 1
648 654 0
653 654 0
82 655 2
122 655 1
251 655 2
282 655 1
290 655 1
304 655 3
318 655 0
445 655 0
82 656 0
129 656 1
218 656 1
287 656 0
416 656 3
434 656 1
578 656 0
596 656 4
75 657 0
222 657 1
276 657 0
361 657 1
370 657 0
431 657 1
512 657 1
579 657 1
622 657 2
138 658 0
274 658 2
317 658 0
533 658 0
575 658 3
590 658 6
627 658 0
39 659 2
501 659 1
519 659 0
641 659 3
649 659 1
33 660 2
75 660 0
93 660 0
135 660 1
169 660 0
338 660 1
418 660 0
448 660 1
460 660 0
489 660 0
506 660 3
541 660 0
649 660 3
659 660 3
14 661 0
181 661 0
331 661 1
381 661 0
419 661 0
456 661 2
562 661 0
572 661 3
600 661 2
639 661 3
24 662 1
166 662 3
225 662 2
294 662 2
337 662 2
531 662 1
548 662 0
593 662 3
66 663 2
121 663 0
199 663 3
274 663 2
302 663 1
349 663 0
352 663 0
430 663 0
571 663 0
590 663 5
593 663 0
658 663 5
133 664 3
148 664 0
215 664 2
399 664 0
435 664 3
444 664 4
472 664 2
650 664 1
147 665 0
239 665 0
359 665 0
373 665 3
505 665 2
533 665 0
598 665 4
622 665 0
41 666 0
190 666 2
362 666 3
403 666 0
407 666 0
429 666 4
453 666 3
469 666 0
527 666 1
583 666 4
618 666 1
619 666 0
632 666 0
129 667 2
163 667 0
174 667 0
212 667 2
252 667 2
391 667 0
522 667 0
531 667 0
624 667 1
184 668 0
223 668 3
339 668 0
559 668 0
596 668 3
614 668 2
624 668 3
35 669 0
217 669 3
236 669 2
301 669 2
324 669 1
362 669 3
370 669 0
429 669 3
543 669 0
583 669 5
649 669 0
11 670 0
87 670 1
188 670 0
238 670 1
249 670 2
254 670 0
331 670 1
345 670 3
436 670 0
513 670 0
514 670 0
30 671 0
74 671 0
166 671 0
227 671 3
246 671 4
280 671 2
335 671 0
373 671 0
428 671 0
474 671 5
516 671 5
554 671 0
564 671 4
601 671 4
326 672 1
408 672 1
432 672 1
452 672 1
522 672 1
553 672 1
590 672 0
634 672 2
641 672 2
643 672 0
653 672 0
92 673 4
159 673 1
197 673 0
340 673 1
368 673 4
429 673 4
507 673 0
539 673 2
575 673 0
579 673 0
598 673 1
623 673 0
666 673 3
669 673 4
44 674 0
86 674 1
126 674 1
150 674 1
194 674 0
208 674 2
217 674 0
245 674 1
343 674 0
350 674 5
366 674 1
436 674 0
484 674 4
637 674 4
662 674 2
664 674 0
29 675 0
181 675 0
227 675 2
232 675 3
438 675 5
462 675 3
509 675 1
516 675 5
587 675 1
623 675 0
35 676 2
315 676 3
379 676 5
383 676 0
457 676 1
495 676 3
545 676 0
551 676 0
618 676 4
622 676 0
26 677 3
114 677 2
205 677 0
248 677 0
371 677 0
503 677 0
528 677 3
568 677 1
99 678 1
173 678 0
310 678 0
444 678 1
457 678 0
477 678 0
537 678 0
563 678 4
654 678 2
465 679 3
549 679 0
566 679 4
579 679 1
643 679 4
651 679 0
653 679 0
40 680 1
134 680 3
191 680 0
248 680 0
267 680 2
357 680 2
420 680 0
422 680 0
448 680 2
501 680 1
518 680 0
539 680 0
641 680 2
55 681 1
68 681 1
99 681 0
112 681 2
116 681 1
152 681 3
199 681 4
484 681 1
496 681 3
607 681 0
632 681 1
663 681 2
10 682 3
69 682 0
140 682 2
142 682 0
208 682 3
484 682 3
536 682 0
552 682 5
609 682 0
619 682 3
662 682 2
169 683 0
396 683 1
484 683 0
490 683 5
515 683 1
569 683 1
605 683 0
12 684 0
251 684 3
304 684 2
426 684 2
451 684 0
503 684 2
557 684 0
610 684 0
617 684 4
655 684 4
247 685 0
280 685 1
354 685 3
389 685 3
470 685 1
522 685 2
540 685 0
640 685 0
681 685 0
22 686 3
93 686 1
220 686 2
259 686 0
263 686 0
315 686 2
323 686 3
402 686 0
421 686 0
495 686 2
550 686 0
569 686 0
618 686 3
658 686 2
110 687 3
147 687 0
165 687 0
269 687 4
284 687 2
415 687 5
477 687 0
478 687 0
483 687 1
491 687 0
577 687 6
588 687 0
123 688 0
153 688 1
219 688 2
278 688 0
304 688 1
306 688 2
308 688 2
347 688 1
354 688 2
468 688 2
535 688 2
547 688 0
80 689 2
185 689 1
233 689 2
262 689 2
292 689 1
293 689 3
316 689 0
321 689 2
335 689 5
368 689 0
399 689 3
408 689 1
448 689 0
475 689 2
499 689 2
85 690 1
324 690 0
328 690 1
427 690 0
447 690 0
528 690 3
569 690 1
607 690 0
618 690 0
4 691 2
296 691 1
311 691 0
325 691 3
462 691 0
492 691 0
496 691 0
12 692 0
14 692 2
178 692 0
197 692 3
328 692 0
439 692 5
486 692 0
534 692 3
623 692 3
680 692 0
687 692 0
231 693 1
360 693 2
481 693 4
506 693 0
522 693 0
573 693 4
603 693 0
661 693 0
191 694 3
328 694 4
420 694 0
461 694 4
524 694 4
546 694 0
583 694 0
617 694 0
634 694 0
676 694 0
183 695 0
256 695 0
368 695 0
445 695 1
512 695 3
570 695 4
574 695 0
607 695 3
618 695 0
654 695 3
670 695 0
691 695 4
31 696 0
76 696 2
141 696 1
169 696 4
200 696 2
404 696 4
424 696 5
489 696 5
528 696 0
572 696 0
670 696 0
26 697 3
156 697 0
213 697 0
229 697 2
263 697 0
302 697 1
352 697 3
408 697 1
449 697 0
480 697 4
544 697 0
643 697 0
669 697 0
677 697 4
690 697 3
694 697 3
221 698 3
251 698 0
302 698 0
466 698 3
480 698 0
504 698 2
529 698 0
596 698 1
683 698 4
3 699 1
186 699 0
235 699 0
256 699 1
311 699 1
321 699 0
396 699 0
414 699 0
501 699 0
558 699 1
565 699 0
95 700 1
260 700 3
375 700 0
411 700 3
420 700 3
446 700 6
460 700 1
587 700 4
604 700 7
635 700 1
682 700 2
3 701 0
180 701 0
208 701 0
383 701 0
423 701 0
464 701 4
487 701 0
510 701 3
514 701 0
568 701 4
633 701 0
696 701 0
34 702 3
62 702 1
107 702 2
108 702 0
168 702 2
339 702 0
467 702 1
481 702 0
511 702 0
651 702 0
15 703 2
91 703 3
184 703 3
362 703 4
453 703 2
534 703 1
583 703 4
628 703 0
661 703 0
669 703 5
673 703 3
680 703 0
169 704 0
245 704 0
283 704 1
297 704 2
326 704 2
357 704 2
583 704 1
617 704 0
635 704 2
652 704 4
680 704 2
686 704 1
23 705 0
110 705 3
114 705 0
135 705 0
181 705 2
338 705 0
360 705 1
367 705 4
423 705 0
550 705 2
648 705 2
687 705 4
58 706 0
127 706 0
216 706 0
243 706 1
309 706 1
389 706 2
424 706 0
530 706 1
551 706 0
580 706 2
688 706 1
693 706 0
700 706 1
88 707 3
118 707 3
260 707 0
276 707 0
364 707 3
379 707 4
419 707 1
548 707 0
625 707 5
676 707 4
15 708 1
167 708 3
236 708 4
301 708 3
368 708 3
531 708 0
539 708 5
554 708 4
583 708 3
608 708 1
621 708 0
666 708 2
153 709 0
324 709 2
381 709 3
394 709 5
517 709 0
524 709 1
527 709 4
600 709 1
611 709 1
90 710 3
271 710 3
292 710 3
293 710 2
300 710 4
321 710 3
329 710 5
443 710 4
499 710 3
531 710 0
690 710 0
71 711 0
102 711 0
112 711 0
149 711 3
159 711 2
167 711 0
206 711 0
229 711 2
269 711 0
437 711 0
523 711 8
524 711 3
690 711 3
694 711 5
46 712 0
143 712 1
154 712 0
425 712 3
429 712 0
506 712 0
513 712 5
548 712 4
609 712 6
631 712 0
671 712 0
702 712 1
27 713 1
47 713 1
198 713 1
345 713 3
434 713 2
459 713 2
496 713 0
600 713 1
614 713 0
639 713 4
145 714 0
172 714 4
285 714 0
294 714 0
314 714 3
318 714 5
385 714 3
490 714 0
542 714 3
560 714 0
640 714 5
654 714 0
682 714 0
684 714 0
711 714 0
45 715 1
75 715 0
99 715 0
208 715 0
272 715 0
282 715 3
332 715 0
365 715 3
426 715 0
488 715 0
497 715 1
500 715 0
524 715 0
549 715 2
617 715 3
656 715 0
154 716 0
155 716 1
195 716 1
230 716 0
393 716 4
428 716 1
476 716 0
487 716 1
556 716 2
667 716 3
30 717 1
100 717 0
224 717 3
233 717 3
293 717 4
300 717 4
321 717 3
329 717 4
335 717 3
437 717 0
499 717 5
512 717 0
679 717 1
689 717 6
710 717 6
70 718 0
117 718 2
196 718 0
212 718 0
236 718 0
278 718 2
398 718 2
425 718 0
568 718 4
583 718 0
607 718 2
699 718 1
701 718 6
707 718 0
397 719 0
441 719 3
558 719 3
588 719 0
605 719 4
606 719 3
321 720 0
377 720 0
421 720 3
458 720 0
558 720 4
593 720 1
605 720 3
234 721 1
254 721 1
257 721 2
265 721 2
287 721 1
298 721 1
336 721 0
390 721 6
487 721 0
546 721 1
572 721 0
642 721 2
9 722 0
11 722 1
89 722 2
147 722 2
303 722 0
419 722 3
561 722 2
599 722 2
695 722 0
721 722 0
266 723 1
280 723 3
341 723 0
438 723 4
474 723 6
482 723 1
511 723 1
516 723 5
556 723 5
586 723 1
662 723 0
671 723 6
675 723 6
714 723 0
57 724 3
67 724 2
96 724 0
163 724 0
444 724 5
472 724 3
509 724 3
592 724 1
597 724 0
619 724 0
664 724 6
21 725 0
85 725 0
161 725 4
215 725 0
264 725 0
483 725 3
521 725 6
557 725 0
571 725 0
584 725 4
619 725 0
631 725 3
645 725 0
322 726 0
343 726 1
354 726 0
431 726 0
465 726 3
504 726 0
540 726 0
569 726 0
579 726 3
610 726 3
710 726 1
55 727 1
68 727 1
69 727 2
112 727 3
171 727 0
207 727 2
318 727 0
326 727 0
378 727 0
513 727 0
590 727 5
601 727 0
663 727 4
96 728 3
122 728 1
205 728 1
233 728 0
294 728 1
301 728 0
372 728 4
450 728 3
458 728 1
465 728 0
479 728 1
493 728 2
514 728 3
532 728 6
710 728 0
116 729 0
227 729 3
354 729 0
413 729 4
462 729 4
474 729 5
516 729 5
534 729 2
560 729 1
614 729 0
664 729 0
671 729 6
675 729 7
723 729 7
64 730 0
230 730 0
242 730 0
246 730 3
262 730 0
289 730 3
413 730 4
474 730 6
535 730 0
601 730 4
612 730 0
624 730 0
663 730 0
671 730 6
675 730 4
693 730 0
723 730 6
729 730 7
112 731 0
157 731 1
425 731 5
513 731 4
540 731 0
548 731 3
576 731 3
595 731 3
609 731 5
712 731 7
719 731 1
722 731 0
730 731 1
27 732 1
249 732 1
331 732 0
419 732 2
459 732 3
480 732 1
496 732 1
572 732 0
643 732 0
659 732 0
689 732 0
722 732 4
162 733 3
267 733 0
302 733 3
322 733 3
389 733 1
402 733 0
467 733 1
469 733 1
498 733 5
655 733 0
703 733 0
729 733 1
87 734 2
90 734 0
254 734 2
288 734 2
298 734 1
370 734 2
375 734 2
442 734 3
482 734 2
484 734 1
504 734 2
511 734 0
515 734 2
597 734 2
635 734 0
681 734 1
17 735 2
34 735 0
125 735 2
304 735 0
468 735 0
477 735 4
519 735 0
573 735 1
584 735 3
606 735 0
651 735 0
718 735 4
725 735 5
112 736 4
119 736 2
121 736 1
152 736 3
207 736 3
369 736 0
496 736 4
525 736 4
594 736 0
644 736 0
681 736 5
727 736 4
142 737 0
239 737 4
283 737 3
305 737 1
334 737 5
361 737 5
382 737 0
387 737 0
402 737 4
415 737 0
450 737 0
540 737 5
578 737 0
620 737 6
626 737 5
87 738 1
143 738 0
234 738 3
265 738 1
287 738 2
288 738 2
297 738 0
369 738 0
375 738 1
460 738 4
516 738 0
555 738 3
559 738 0
587 738 1
597 738 2
642 738 4
659 738 0
680 738 0
102 739 3
142 739 2
347 739 0
385 739 0
424 739 0
428 739 6
435 739 4
463 739 0
479 739 2
581 739 4
622 739 0
664 739 4
666 739 0
701 739 0
720 739 1
724 739 5
27 740 0
44 740 2
55 740 1
81 740 0
89 740 5
293 740 1
378 740 0
529 740 5
611 740 1
623 740 4
692 740 4
722 740 1
733 740 6
43 741 0
66 741 2
84 741 0
112 741 3
170 741 1
266 741 0
525 741 6
547 741 0
572 741 2
590 741 7
632 741 3
658 741 6
727 741 7
736 741 5
45 742 3
155 742 3
172 742 1
264 742 0
285 742 0
304 742 3
426 742 3
558 742 1
597 742 1
617 742 6
684 742 6
707 742 0
720 742 1
35 743 1
144 743 4
178 743 3
197 743 0
201 743 4
283 743 4
307 743 0
334 743 4
346 743 4
571 743 5
594 743 5
615 743 0
620 743 7
679 743 1
737 743 6
152 744 2
193 744 0
253 744 0
258 744 0
272 744 3
312 744 4
412 744 0
452 744 5
515 744 0
558 744 3
631 744 0
634 744 0
691 744 0
719 744 5
722 744 0
736 744 1
63 745 1
253 745 4
382 745 4
388 745 4
481 745 0
490 745 1
632 745 3
635 745 3
649 745 2
652 745 5
704 745 6
154 746 0
272 746 0
292 746 1
510 746 0
560 746 5
667 746 3
668 746 5
673 746 0
729 746 1
740 746 1
96 747 3
156 747 4
210 747 3
326 747 1
372 747 3
417 747 4
454 747 5
470 747 1
473 747 0
554 747 0
689 747 1
728 747 5
89 748 0
107 748 3
221 748 2
295 748 0
321 748 0
357 748 0
466 748 4
488 748 5
490 748 2
608 748 0
620 748 1
676 748 0
683 748 4
698 748 5
702 748 3
743 748 1
12 749 0
28 749 3
191 749 0
290 749 6
292 749 0
411 749 1
502 749 0
593 749 0
653 749 6
656 749 0
709 749 5
96 750 3
141 750 1
236 750 0
284 750 0
318 750 0
375 750 1
387 750 5
400 750 0
417 750 5
591 750 0
611 750 0
644 750 6
728 750 5
747 750 7
180 751 3
330 751 4
332 751 4
401 751 5
424 751 5
430 751 6
440 751 0
464 751 1
540 751 1
594 751 3
696 751 5
742 751 0
26 752 0
89 752 2
182 752 0
197 752 4
345 752 0
381 752 0
498 752 4
526 752 0
529 752 5
534 752 2
542 752 0
685 752 0
733 752 6
740 752 7
63 753 0
285 753 2
305 753 1
325 753 1
508 753 0
511 753 0
554 753 1
608 753 3
612 753 1
654 753 2
691 753 6
695 753 2
696 753 1
708 753 2
57 754 0
143 754 1
231 754 0
232 754 4
280 754 2
413 754 4
462 754 4
474 754 5
542 754 1
556 754 5
564 754 3
617 754 0
675 754 6
723 754 7
729 754 7
730 754 6
77 755 3
121 755 3
126 755 0
204 755 1
373 755 2
419 755 0
469 755 2
486 755 0
502 755 3
516 755 0
581 755 0
616 755 0
665 755 4
673 755 0
736 755 1
753 755 0
754 755 0
192 756 1
194 756 0
512 756 2
563 756 5
630 756 2
678 756 5
705 756 0
706 756 0
731 756 1
753 756 2
10 757 3
22 757 0
70 757 3
179 757 0
197 757 0
202 757 4
322 757 0
383 757 3
432 757 0
457 757 0
476 757 5
552 757 4
610 757 0
620 757 0
637 757 5
674 757 3
693 757 0
61 758 1
174 758 4
176 758 0
239 758 4
319 758 0
346 758 4
361 758 4
402 758 6
540 758 8
571 758 6
594 758 5
619 758 0
620 758 8
626 758 6
639 758 0
729 758 1
737 758 8
48 759 3
148 759 0
270 759 0
272 759 1
406 759 0
545 759 0
562 759 4
643 759 1
7 760 0
79 760 2
136 760 0
167 760 3
173 760 0
184 760 4
362 760 5
365 760 2
429 760 5
526 760 1
554 760 3
583 760 6
634 760 0
666 760 5
669 760 6
703 760 6
704 760 2
715 760 1
745 760 1
31 761 1
75 761 1
181 761 0
186 761 1
227 761 0
251 761 3
258 761 1
268 761 0
287 761 1
343 761 3
420 761 1
426 761 3
497 761 4
546 761 0
572 761 0
617 761 5
640 761 0
684 761 4
703 761 0
742 761 6
117 762 1
161 762 3
193 762 0
332 762 0
380 762 1
455 762 1
460 762 0
521 762 4
590 762 0
596 762 0
701 762 3
712 762 0
725 762 6
735 762 4
748 762 0
143 763 0
156 763 0
169 763 0
292 763 0
366 763 1
566 763 3
577 763 0
610 763 2
613 763 0
726 763 2
759 763 2
44 764 0
52 764 2
111 764 2
197 764 0
251 764 3
282 764 3
423 764 0
444 764 0
503 764 6
609 764 0
617 764 4
655 764 5
668 764 0
679 764 0
684 764 5
691 764 1
697 764 0
715 764 3
753 764 1
269 765 4
384 765 0
387 765 1
415 765 5
536 765 0
543 765 1
550 765 4
577 765 7
623 765 0
648 765 4
687 765 6
762 765 0
97 766 6
282 766 0
361 766 0
387 766 0
416 766 0
461 766 5
515 766 0
526 766 0
528 766 6
551 766 5
565 766 5
632 766 0
677 766 6
690 766 6
740 766 0
763 766 0
45 767 4
49 767 0
52 767 1
75 767 2
82 767 1
155 767 3
320 767 0
343 767 3
426 767 3
497 767 2
512 767 0
637 767 0
655 767 2
742 767 6
746 767 0
761 767 7
90 768 0
95 768 0
254 768 0
303 768 4
310 768 3
439 768 6
473 768 6
487 768 4
529 768 4
595 768 1
623 768 3
692 768 6
64 769 2
227 769 0
228 769 0
429 769 0
432 769 0
455 769 1
525 769 4
569 769 0
575 769 6
590 769 7
632 769 4
646 769 0
658 769 8
663 769 5
667 769 0
727 769 5
741 769 7
38 770 0
60 770 1
62 770 1
79 770 0
341 770 0
363 770 0
436 770 3
541 770 4
589 770 0
647 770 5
698 770 5
702 770 6
767 770 0
157 771 0
196 771 4
326 771 0
451 771 0
485 771 3
606 771 0
653 771 7
691 771 0
709 771 6
743 771 0
749 771 9
754 771 2
128 772 0
148 772 0
163 772 2
259 772 3
266 772 0
463 772 3
478 772 2
493 772 0
501 772 0
526 772 1
597 772 0
635 772 0
651 772 2
678 772 0
685 772 3
715 772 1
758 772 0
104 773 0
131 773 3
170 773 0
175 773 0
264 773 0
272 773 1
462 773 0
466 773 2
490 773 3
518 773 0
541 773 4
554 773 0
593 773 0
683 773 5
702 773 4
759 773 1
770 773 6
6 774 2
73 774 2
138 774 0
270 774 1
275 774 0
381 774 1
538 774 1
559 774 0
572 774 2
576 774 1
599 774 1
600 774 4
670 774 3
713 774 4
132 775 1
228 775 2
282 775 0
388 775 2
445 775 0
448 775 2
456 775 0
474 775 0
627 775 0
635 775 1
641 775 4
659 775 4
733 775 0
751 775 1
768 775 0
15 776 0
61 776 1
100 776 2
157 776 2
202 776 0
211 776 4
213 776 4
309 776 4
513 776 3
515 776 0
530 776 0
584 776 0
595 776 3
655 776 1
758 776 2
23 777 0
29 777 2
83 777 2
215 777 2
273 777 3
396 777 0
428 777 3
440 777 0
444 777 3
509 777 3
567 777 4
581 777 5
589 777 0
624 777 1
627 777 0
720 777 1
724 777 6
739 777 6
762 777 0
767 777 0
18 778 1
40 778 0
59 778 0
90 778 0
126 778 0
152 778 0
348 778 1
422 778 1
437 778 0
461 778 0
569 778 2
631 778 0
640 778 0
662 778 0
763 778 3
95 779 3
125 779 0
134 779 3
228 779 1
248 779 0
255 779 0
338 779 3
351 779 0
357 779 1
414 779 0
445 779 2
545 779 2
569 779 0
635 779 2
649 779 1
672 779 1
682 779 0
25 780 0
36 780 3
79 780 0
122 780 0
298 780 5
330 780 4
404 780 5
424 780 4
430 780 4
442 780 1
449 780 0
536 780 1
557 780 4
585 780 2
696 780 6
751 780 8
187 781 4
241 781 0
318 781 5
338 781 0
341 781 0
351 781 4
362 781 0
518 781 5
519 781 3
523 781 0
542 781 4
592 781 5
640 781 5
714 781 7
719 781 0
748 781 0
33 782 0
73 782 1
143 782 0
179 782 0
242 782 2
263 782 4
363 782 1
403 782 3
456 782 1
600 782 2
620 782 0
631 782 0
651 782 1
668 782 0
722 782 4
732 782 3
752 782 0
92 783 4
167 783 4
184 783 4
234 783 1
236 783 5
368 783 6
527 783 0
532 783 1
539 783 4
554 783 4
624 783 1
669 783 4
673 783 6
708 783 6
752 783 1
759 783 0
760 783 6
47 784 0
119 784 0
169 784 3
231 784 0
298 784 5
332 784 4
355 784 1
401 784 5
404 784 5
430 784 5
466 784 0
489 784 5
532 784 0
622 784 0
696 784 7
750 784 0
751 784 8
769 784 0
780 784 9
85 785 0
230 785 0
309 785 0
377 785 4
434 785 1
469 785 3
471 785 4
502 785 1
545 785 3
566 785 0
568 785 0
633 785 4
659 785 0
688 785 0
714 785 0
53 786 3
55 786 1
64 786 2
134 786 0
206 786 0
211 786 0
295 786 1
296 786 0
314 786 1
378 786 4
386 786 2
496 786 5
525 786 5
557 786 0
590 786 5
613 786 0
632 786 3
658 786 4
662 786 0
736 786 5
741 786 7
751 786 0
88 787 3
107 787 0
148 787 4
220 787 4
222 787 0
286 787 0
323 787 5
364 787 3
404 787 0
495 787 5
625 787 5
686 787 5
707 787 7
713 787 0
18 788 1
360 788 0
409 788 0
448 788 3
459 788 1
500 788 0
506 788 2
634 788 1
641 788 3
652 788 4
659 788 3
672 788 4
680 788 4
687 788 0
704 788 4
745 788 4
41 789 1
127 789 1
158 789 2
201 789 0
397 789 4
436 789 3
541 789 3
542 789 0
654 789 0
683 789 5
698 789 5
773 789 5
0 790 0
125 790 3
209 790 0
324 790 0
380 790 2
400 790 4
419 790 0
483 790 3
495 790 0
504 790 0
510 790 3
543 790 0
574 790 1
584 790 3
668 790 0
701 790 6
718 790 5
65 791 0
221 791 0
290 791 4
324 791 4
374 791 0
381 791 6
414 791 4
453 791 0
513 791 0
549 791 0
563 791 1
594 791 0
621 791 0
653 791 5
749 791 8
757 791 1
771 791 8
14 792 0
37 792 1
130 792 0
154 792 3
188 792 0
383 792 0
435 792 0
472 792 1
475 792 3
488 792 0
517 792 4
604 792 0
636 792 0
654 792 4
662 792 0
678 792 6
708 792 0
756 792 6
770 792 0
14 793 0
99 793 0
132 793 0
185 793 4
225 793 0
300 793 0
475 793 3
483 793 0
512 793 5
551 793 0
586 793 0
607 793 5
657 793 1
771 793 0
2 794 0
58 794 0
158 794 3
221 794 5
352 794 0
393 794 0
431 794 1
466 794 5
488 794 4
561 794 0
603 794 0
669 794 0
698 794 8
748 794 6
757 794 0
763 794 0
770 794 4
789 794 4
57 795 0
96 795 3
133 795 0
205 795 3
210 795 2
264 795 3
291 795 0
387 795 5
417 795 3
454 795 4
481 795 0
532 795 3
562 795 0
587 795 0
644 795 7
654 795 0
728 795 6
750 795 8
763 795 1
127 796 1
195 796 3
269 796 5
395 796 3
413 796 0
472 796 0
511 796 4
577 796 6
648 796 4
672 796 0
687 796 6
705 796 6
765 796 8
13 797 0
20 797 0
23 797 2
175 797 4
189 797 2
220 797 0
244 797 2
297 797 0
313 797 3
316 797 3
414 797 0
428 797 1
558 797 2
573 797 3
78 798 0
150 798 2
176 798 0
303 798 4
362 798 0
439 798 5
471 798 0
473 798 4
487 798 5
545 798 0
563 798 0
567 798 1
688 798 0
692 798 5
752 798 4
767 798 0
768 798 9
29 799 0
42 799 3
101 799 0
212 799 3
260 799 1
402 799 0
414 799 0
492 799 2
596 799 6
645 799 1
656 799 4
713 799 1
716 799 5
784 799 0
785 799 2
41 800 1
109 800 1
113 800 0
117 800 0
202 800 0
260 800 1
396 800 2
423 800 1
502 800 3
505 800 2
531 800 0
545 800 1
621 800 4
642 800 0
765 800 0
785 800 6
208 801 2
225 801 2
294 801 3
353 801 4
381 801 1
388 801 0
408 801 0
476 801 3
484 801 4
490 801 0
570 801 1
593 801 4
595 801 0
619 801 5
633 801 0
637 801 6
662 801 5
674 801 7
688 801 0
757 801 5
791 801 2
8 802 1
56 802 1
93 802 0
168 802 0
183 802 1
269 802 1
380 802 0
386 802 1
396 802 3
444 802 1
462 802 0
465 802 1
570 802 2
607 802 3
669 802 0
678 802 4
753 802 2
793 802 4
22 803 3
47 803 1
93 803 2
121 803 0
180 803 1
196 803 0
218 803 5
220 803 3
313 803 1
322 803 1
323 803 3
367 803 2
374 803 0
407 803 5
618 803 6
656 803 1
707 803 4
787 803 6
85 804 0
216 804 3
229 804 0
255 804 0
328 804 1
344 804 3
367 804 0
427 804 3
479 804 0
522 804 3
526 804 5
580 804 4
683 804 0
710 804 0
760 804 1
772 804 4
793 804 0
24 805 1
138 805 0
149 805 3
151 805 1
191 805 2
262 805 0
325 805 0
352 805 3
451 805 0
523 805 5
528 805 6
565 805 4
677 805 3
690 805 4
694 805 4
695 805 1
711 805 6
766 805 6
798 805 0
11 806 0
78 806 0
128 806 0
186 806 1
311 806 2
371 806 0
409 806 0
480 806 0
543 806 2
582 806 1
604 806 0
610 806 3
714 806 0
726 806 3
758 806 0
778 806 3
795 806 0
139 807 3
145 807 1
162 807 0
198 807 3
209 807 3
224 807 1
416 807 3
419 807 0
429 807 1
434 807 4
479 807 0
512 807 0
533 807 0
600 807 1
619 807 0
668 807 4
746 807 6
765 807 0
38 808 0
105 808 2
389 808 3
498 808 0
535 808 4
536 808 3
585 808 0
588 808 0
613 808 2
665 808 1
685 808 4
688 808 3
717 808 1
772 808 4
796 808 1
13 809 1
188 809 1
194 809 1
254 809 3
257 809 2
265 809 1
288 809 3
352 809 0
358 809 1
375 809 2
388 809 0
405 809 1
442 809 0
483 809 1
515 809 2
517 809 0
520 809 0
531 809 0
539 809 0
555 809 2
687 809 1
738 809 5
742 809 0
113 810 0
156 810 2
184 810 0
205 810 3
237 810 4
264 810 4
326 810 1
379 810 0
426 810 1
454 810 4
493 810 3
514 810 4
553 810 0
644 810 7
734 810 0
745 810 0
747 810 6
750 810 5
795 810 6
4 811 0
212 811 3
373 811 1
441 811 2
457 811 6
538 811 1
614 811 4
631 811 2
656 811 3
666 811 0
667 811 6
676 811 1
693 811 1
716 811 9
746 811 6
799 811 7
24 812 1
85 812 1
97 812 4
126 812 0
159 812 2
218 812 1
297 812 1
352 812 3
446 812 0
528 812 5
551 812 3
576 812 0
586 812 0
590 812 0
633 812 1
677 812 6
685 812 0
690 812 7
697 812 5
704 812 1
751 812 0
766 812 8
54 813 0
133 813 0
359 813 0
409 813 0
431 813 3
471 813 0
579 813 1
616 813 0
635 813 1
643 813 2
657 813 4
699 813 4
719 813 0
763 813 3
787 813 0
66 814 0
74 814 0
86 814 0
111 814 0
118 814 0
305 814 0
311 814 3
320 814 0
532 814 0
643 814 2
657 814 3
683 814 1
699 814 3
752 814 0
763 814 2
778 814 4
806 814 3
98 815 0
187 815 4
276 815 2
314 815 5
318 815 4
375 815 0
409 815 3
518 815 4
542 815 4
554 815 0
563 815 0
576 815 0
592 815 5
603 815 5
696 815 1
714 815 6
768 815 1
771 815 0
781 815 8
796 815 0
206 816 0
230 816 3
276 816 4
314 816 4
385 816 2
392 816 1
409 816 4
439 816 0
518 816 4
519 816 7
542 816 4
549 816 0
592 816 4
603 816 6
613 816 1
628 816 5
631 816 2
645 816 0
655 816 0
696 816 1
740 816 0
787 816 2
815 816 10
76 817 1
214 817 4
277 817 3
311 817 0
421 817 4
441 817 3
491 817 5
492 817 0
514 817 0
558 817 4
586 817 1
605 817 4
616 817 4
630 817 0
671 817 0
672 817 1
719 817 7
6 818 0
23 818 0
41 818 2
125 818 0
212 818 0
436 818 3
490 818 1
541 818 4
585 818 0
596 818 1
698 818 6
702 818 3
717 818 0
719 818 1
770 818 8
773 818 8
789 818 7
794 818 7
3 819 0
18 819 1
78 819 2
140 819 0
165 819 3
291 819 2
303 819 0
349 819 3
371 819 3
405 819 3
422 819 4
432 819 4
446 819 0
457 819 1
581 819 0
693 819 0
68 820 0
229 820 1
244 820 0
249 820 0
256 820 2
260 820 0
280 820 0
348 820 2
371 820 0
465 820 3
523 820 1
599 820 0
622 820 4
711 820 3
726 820 4
759 820 4
763 820 5
778 820 4
39 821 0
49 821 1
130 821 4
213 821 4
217 821 0
227 821 0
321 821 0
433 821 3
467 821 3
505 821 2
513 821 3
521 821 0
609 821 3
627 821 5
650 821 6
704 821 0
738 821 1
797 821 1
102 822 0
132 822 1
173 822 1
246 822 0
297 822 1
347 822 0
382 822 3
388 822 3
433 822 0
442 822 1
494 822 0
506 822 2
659 822 4
660 822 3
672 822 2
707 822 0
721 822 0
745 822 4
755 822 0
788 822 5
0 823 1
74 823 0
126 823 1
130 823 0
136 823 0
306 823 0
341 823 0
388 823 0
431 823 3
466 823 0
566 823 3
579 823 0
582 823 0
752 823 0
796 823 1
820 823 3
19 824 1
183 824 1
198 824 3
393 824 3
429 824 1
434 824 4
464 824 0
502 824 0
560 824 4
606 824 1
621 824 1
624 824 5
654 824 0
668 824 4
738 824 1
740 824 1
746 824 8
796 824 0
799 824 4
807 824 7
822 824 0
10 825 4
70 825 4
140 825 3
141 825 1
241 825 1
267 825 0
294 825 3
300 825 0
350 825 3
393 825 1
476 825 4
484 825 4
552 825 6
556 825 0
582 825 0
593 825 4
619 825 3
682 825 8
757 825 6
766 825 1
795 825 0
22 826 0
48 826 0
107 826 0
277 826 5
291 826 0
328 826 0
382 826 0
421 826 5
461 826 0
558 826 5
656 826 0
720 826 9
744 826 7
817 826 7
32 827 2
49 827 0
120 827 2
146 827 0
256 827 0
261 827 0
339 827 3
370 827 0
380 827 3
394 827 0
455 827 2
464 827 5
477 827 5
550 827 0
631 827 4
655 827 0
701 827 3
706 827 0
725 827 4
735 827 5
794 827 0
21 828 0
63 828 0
65 828 3
94 828 3
164 828 3
215 828 0
236 828 1
265 828 1
333 828 3
422 828 0
446 828 5
500 828 7
503 828 1
581 828 0
587 828 6
602 828 6
604 828 5
610 828 1
642 828 0
644 828 0
675 828 1
700 828 6
762 828 1
22 829 4
88 829 2
277 829 0
315 829 5
364 829 1
379 829 3
404 829 0
407 829 3
433 829 0
483 829 1
537 829 0
549 829 0
560 829 2
565 829 0
588 829 3
618 829 6
638 829 1
676 829 6
686 829 5
700 829 0
747 829 0
803 829 6
825 829 0
15 830 0
40 830 2
56 830 0
212 830 2
223 830 3
299 830 0
376 830 4
393 830 5
413 830 1
479 830 2
614 830 2
624 830 6
716 830 6
739 830 2
756 830 0
824 830 5
32 831 0
136 831 4
162 831 0
189 831 2
193 831 4
360 831 3
418 831 0
439 831 0
481 831 5
483 831 0
491 831 0
573 831 4
591 831 6
746 831 0
754 831 0
780 831 0
821 831 1
41 832 1
83 832 0
113 832 0
123 832 0
142 832 0
168 832 1
309 832 0
403 832 1
466 832 5
488 832 4
531 832 3
623 832 0
683 832 5
705 832 0
719 832 1
722 832 2
732 832 1
748 832 5
773 832 6
783 832 1
794 832 7
818 832 7
115 833 4
139 833 0
151 833 4
229 833 0
275 833 0
308 833 2
348 833 0
349 833 4
371 833 3
408 833 0
410 833 4
422 833 4
432 833 4
508 833 5
521 833 2
612 833 5
661 833 1
725 833 1
111 834 3
160 834 0
206 834 0
251 834 2
282 834 2
287 834 1
301 834 0
304 834 1
310 834 0
343 834 1
365 834 3
406 834 2
446 834 1
490 834 0
503 834 4
505 834 1
549 834 3
617 834 3
700 834 2
706 834 1
742 834 5
761 834 5
764 834 7
776 834 0
821 834 1
20 835 0
45 835 0
123 835 4
164 835 0
196 835 4
215 835 0
275 835 3
315 835 1
338 835 0
355 835 3
394 835 3
412 835 5
414 835 4
495 835 0
639 835 0
709 835 4
771 835 7
791 835 5
804 835 1
5 836 2
27 836 1
68 836 0
89 836 1
149 836 0
214 836 0
238 836 0
242 836 2
263 836 3
338 836 0
363 836 2
418 836 3
419 836 3
488 836 0
503 836 0
582 836 2
611 836 1
651 836 1
709 836 1
722 836 5
780 836 1
782 836 8
784 836 1
0 837 1
3 837 1
48 837 2
119 837 1
332 837 0
431 837 3
465 837 1
496 837 2
510 837 0
601 837 0
618 837 0
638 837 3
699 837 4
708 837 0
718 837 1
732 837 1
759 837 4
778 837 3
797 837 1
798 837 0
806 837 1
823 837 4
29 838 3
133 838 4
142 838 3
273 838 4
281 838 0
386 838 6
472 838 7
479 838 5
497 838 0
544 838 6
581 838 6
632 838 1
642 838 0
664 838 5
703 838 0
724 838 5
745 838 2
759 838 0
805 838 1
830 838 1
45 839 4
155 839 3
252 839 0
258 839 2
282 839 1
316 839 0
343 839 2
358 839 2
424 839 0
469 839 1
546 839 0
549 839 2
613 839 0
617 839 5
619 839 0
642 839 0
684 839 3
685 839 1
691 839 1
715 839 6
742 839 7
753 839 1
767 839 5
772 839 2
774 839 0
787 839 0
108 840 3
150 840 0
175 840 2
193 840 1
319 840 1
346 840 0
421 840 1
451 840 3
458 840 2
508 840 0
591 840 4
650 840 1
652 840 0
654 840 0
693 840 5
748 840 0
797 840 3
811 840 1
817 840 1
821 840 3
831 840 6
835 840 0
156 841 3
205 841 3
237 841 5
299 841 0
381 841 0
387 841 5
417 841 4
454 841 4
457 841 0
486 841 0
493 841 3
514 841 4
644 841 7
683 841 0
689 841 2
747 841 8
749 841 0
750 841 7
810 841 11
826 841 1
28 842 3
97 842 1
123 842 4
128 842 0
284 842 0
317 842 0
324 842 4
381 842 5
383 842 0
412 842 5
468 842 1
653 842 6
749 842 9
765 842 0
766 842 1
771 842 9
791 842 10
835 842 7
25 843 0
172 843 3
184 843 0
187 843 3
230 843 3
276 843 2
318 843 5
391 843 4
393 843 0
409 843 3
415 843 0
495 843 0
538 843 5
561 843 0
575 843 0
603 843 4
628 843 4
640 843 7
646 843 0
714 843 6
781 843 7
827 843 0
71 844 3
73 844 0
84 844 1
90 844 0
244 844 0
250 844 1
279 844 0
316 844 3
335 844 0
373 844 0
426 844 0
440 844 4
451 844 3
458 844 3
468 844 0
481 844 3
487 844 0
573 844 3
585 844 1
658 844 1
693 844 5
769 844 2
831 844 6
840 844 5
20 845 1
131 845 2
158 845 1
221 845 2
340 845 1
488 845 3
531 845 2
560 845 1
566 845 1
581 845 0
619 845 1
679 845 1
683 845 3
698 845 6
727 845 0
754 845 0
770 845 5
773 845 6
782 845 0
783 845 1
794 845 8
801 845 1
812 845 0
818 845 6
829 845 1
830 845 0
832 845 8
22 846 0
186 846 2
214 846 0
256 846 1
269 846 1
312 846 0
512 846 0
566 846 4
610 846 3
721 846 0
725 846 0
763 846 7
777 846 0
778 846 3
805 846 2
813 846 6
818 846 0
823 846 7
838 846 1
840 846 0
50 847 0
56 847 1
185 847 3
312 847 1
393 847 1
431 847 0
473 847 0
475 847 5
517 847 4
570 847 4
607 847 6
695 847 4
756 847 3
763 847 1
792 847 7
793 847 7
795 847 1
838 847 1
65 848 4
163 848 0
177 848 3
192 848 0
228 848 1
315 848 0
333 848 5
420 848 6
441 848 0
446 848 7
462 848 0
500 848 8
578 848 5
602 848 7
604 848 6
620 848 0
663 848 0
665 848 1
668 848 0
682 848 1
684 848 0
700 848 8
828 848 10
841 848 1
132 849 0
175 849 3
189 849 2
226 849 2
244 849 2
297 849 0
348 849 0
370 849 1
440 849 2
481 849 5
573 849 6
591 849 5
672 849 0
693 849 6
722 849 0
735 849 1
814 849 1
830 849 1
840 849 4
23 850 2
108 850 4
136 850 3
226 850 2
360 850 3
381 850 0
385 850 0
397 850 1
440 850 3
451 850 5
497 850 0
507 850 0
510 850 0
524 850 0
591 850 5
620 850 1
656 850 0
668 850 0
691 850 0
693 850 4
743 850 1
781 850 0
831 850 9
840 850 7
844 850 6
210 851 4
225 851 0
237 851 3
240 851 0
264 851 3
287 851 1
387 851 5
417 851 5
514 851 6
532 851 3
567 851 0
644 851 8
668 851 0
694 851 1
715 851 0
728 851 6
747 851 7
750 851 10
775 851 1
795 851 10
810 851 8
841 851 9
42 852 0
123 852 3
179 852 3
290 852 5
297 852 0
310 852 0
324 852 5
355 852 3
381 852 7
394 852 4
416 852 0
530 852 0
562 852 0
598 852 0
679 852 0
708 852 0
709 852 8
724 852 0
735 852 0
749 852 9
771 852 8
774 852 1
791 852 10
842 852 10
16 853 2
40 853 0
46 853 2
52 853 3
82 853 2
105 853 1
256 853 0
258 853 3
290 853 1
406 853 4
501 853 0
503 853 5
655 853 5
658 853 2
684 853 5
686 853 1
708 853 0
715 853 2
742 853 5
746 853 0
764 853 7
834 853 4
839 853 5
5 854 0
8 854 0
30 854 2
241 854 4
262 854 0
298 854 1
305 854 1
355 854 1
360 854 0
396 854 3
516 854 0
517 854 3
540 854 1
541 854 0
570 854 3
571 854 1
654 854 2
691 854 4
708 854 0
717 854 1
756 854 3
793 854 3
56 855 2
80 855 0
99 855 1
144 855 0
285 855 1
330 855 0
377 855 0
427 855 1
443 855 0
453 855 1
478 855 0
517 855 4
549 855 0
570 855 4
605 855 1
607 855 3
608 855 5
630 855 3
654 855 3
691 855 3
695 855 6
698 855 0
781 855 0
796 855 1
847 855 7
854 855 5
4 856 0
81 856 1
158 856 2
168 856 2
246 856 1
263 856 0
273 856 0
286 856 1
315 856 0
397 856 4
436 856 5
488 856 3
490 856 4
541 856 3
571 856 1
626 856 0
647 856 7
677 856 1
683 856 5
702 856 6
713 856 0
748 856 5
821 856 0
97 857 0
110 857 4
195 857 5
286 857 4
395 857 4
415 857 6
434 857 0
464 857 1
476 857 1
480 857 0
511 857 3
547 857 0
550 857 5
568 857 1
577 857 7
586 857 4
648 857 4
665 857 1
687 857 6
765 857 8
797 857 2
804 857 0
837 857 1
845 857 0
21 858 3
60 858 0
78 858 3
151 858 5
179 858 0
349 858 6
371 858 6
410 858 6
472 858 0
612 858 8
621 858 0
624 858 0
696 858 0
719 858 1
735 858 0
778 858 0
789 858 1
819 858 8
833 858 10
183 859 0
241 859 4
325 859 1
331 859 0
332 859 0
396 859 4
576 859 0
607 859 4
608 859 4
630 859 3
643 859 0
678 859 4
712 859 0
718 859 1
728 859 0
737 859 1
776 859 0
792 859 5
816 859 0
843 859 1
847 859 5
854 859 5
855 859 6
27 860 0
229 860 0
300 860 0
345 860 0
361 860 2
368 860 0
418 860 1
500 860 1
550 860 0
622 860 2
638 860 2
643 860 3
679 860 5
699 860 4
724 860 0
813 860 8
823 860 5
846 860 6
848 860 2
851 860 2
198 861 3
209 861 2
237 861 0
282 861 0
309 861 0
351 861 1
373 861 2
393 861 4
478 861 0
551 861 0
560 861 3
588 861 0
594 861 1
624 861 5
656 861 2
668 861 5
689 861 0
716 861 6
726 861 0
746 861 8
751 861 2
777 861 1
807 861 6
811 861 7
830 861 6
157 862 1
159 862 0
213 862 4
223 862 0
268 862 3
295 862 3
386 862 1
395 862 0
467 862 4
513 862 5
520 862 3
622 862 0
627 862 4
646 862 0
650 862 6
678 862 0
694 862 0
712 862 5
758 862 1
776 862 9
786 862 2
821 862 8
847 862 1
110 863 3
171 863 0
195 863 5
235 863 2
277 863 0
284 863 4
299 863 3
395 863 5
509 863 0
511 863 4
550 863 6
573 863 0
577 863 5
586 863 4
628 863 0
726 863 0
751 863 1
765 863 6
770 863 0
785 863 1
796 863 9
823 863 2
852 863 0
857 863 10
17 864 0
104 864 3
235 864 3
257 864 0
269 864 5
276 864 0
286 864 3
290 864 0
299 864 2
367 864 4
455 864 0
511 864 4
559 864 0
577 864 5
625 864 1
644 864 0
705 864 5
737 864 0
765 864 6
796 864 8
802 864 2
857 864 6
1 865 0
5 865 2
27 865 3
86 865 0
137 865 0
263 865 2
327 865 0
345 865 2
403 865 1
410 865 1
422 865 2
459 865 3
505 865 2
582 865 1
599 865 0
638 865 1
639 865 2
650 865 4
661 865 1
664 865 1
670 865 1
713 865 4
732 865 3
782 865 4
804 865 0
815 865 0
821 865 2
836 865 5
864 865 0
113 866 0
127 866 0
151 866 6
237 866 0
308 866 4
410 866 6
422 866 7
432 866 7
492 866 5
508 866 7
519 866 0
606 866 1
612 866 7
652 866 0
760 866 0
819 866 7
827 866 0
833 866 12
858 866 11
99 867 0
139 867 4
163 867 0
199 867 0
223 867 3
252 867 3
347 867 0
353 867 0
376 867 3
387 867 1
391 867 0
416 867 5
459 867 2
596 867 6
614 867 4
629 867 2
656 867 5
668 867 4
703 867 0
716 867 5
732 867 1
765 867 1
788 867 1
811 867 7
835 867 0
69 868 2
127 868 3
177 868 0
247 868 0
304 868 1
306 868 3
329 868 0
369 868 5
421 868 5
441 868 4
453 868 0
527 868 0
590 868 0
612 868 0
655 868 1
665 868 1
719 868 7
720 868 8
731 868 2
744 868 5
789 868 1
808 868 1
817 868 7
826 868 9
192 869 3
198 869 0
257 869 0
293 869 0
306 869 5
312 869 3
369 869 4
388 869 0
452 869 5
456 869 0
520 869 0
559 869 5
589 869 4
606 869 6
616 869 5
617 869 0
720 869 5
730 869 0
756 869 1
805 869 0
810 869 1
826 869 7
841 869 2
868 869 6
136 870 3
187 870 0
193 870 2
244 870 4
252 870 0
319 870 1
329 870 0
357 870 0
360 870 3
369 870 0
381 870 0
451 870 2
481 870 5
562 870 1
573 870 5
591 870 5
637 870 0
693 870 6
694 870 0
723 870 0
756 870 0
797 870 5
806 870 1
831 870 9
849 870 8
8 871 2
30 871 0
154 871 2
183 871 3
296 871 1
364 871 0
376 871 1
396 871 2
460 871 0
503 871 1
520 871 2
563 871 5
574 871 2
607 871 4
678 871 5
691 871 3
753 871 4
756 871 5
775 871 0
790 871 2
792 871 4
793 871 3
802 871 9
168 872 0
181 872 3
235 872 3
284 872 3
286 872 4
367 872 5
491 872 1
511 872 5
544 872 0
550 872 5
586 872 7
599 872 0
603 872 0
648 872 4
680 872 0
705 872 8
723 872 2
765 872 6
785 872 1
796 872 8
817 872 2
834 872 0
863 872 11
864 872 9
1 873 0
48 873 2
163 873 1
196 873 1
222 873 0
402 873 0
468 873 0
543 873 4
579 873 3
638 873 3
699 873 3
719 873 0
726 873 5
736 873 0
759 873 3
772 873 1
777 873 0
778 873 2
784 873 0
789 873 1
801 873 0
806 873 5
835 873 2
860 873 3
862 873 0
35 874 3
36 874 0
93 874 3
148 874 3
158 874 0
214 874 1
220 874 4
270 874 0
315 874 4
466 874 0
495 874 4
588 874 5
605 874 1
611 874 1
618 874 6
625 874 6
676 874 8
707 874 6
732 874 0
771 874 0
787 874 9
803 874 8
819 874 1
829 874 7
851 874 1
860 874 1
40 875 0
54 875 4
115 875 6
406 875 0
422 875 7
432 875 7
465 875 1
492 875 5
508 875 7
532 875 0
570 875 2
585 875 0
612 875 7
630 875 0
768 875 1
804 875 0
819 875 7
826 875 1
833 875 10
858 875 10
866 875 13
38 876 2
60 876 1
121 876 2
165 876 1
186 876 0
189 876 0
191 876 0
203 876 1
204 876 1
222 876 1
304 876 0
348 876 4
373 876 5
423 876 2
468 876 0
545 876 3
564 876 0
651 876 0
665 876 3
721 876 0
785 876 5
813 876 0
818 876 0
819 876 1
53 877 4
68 877 4
69 877 1
119 877 2
146 877 2
238 877 0
255 877 2
438 877 0
493 877 1
496 877 4
536 877 0
551 877 0
561 877 0
575 877 4
590 877 7
625 877 2
658 877 8
659 877 0
663 877 5
684 877 0
727 877 7
741 877 6
769 877 8
786 877 6
790 877 1
859 877 0
864 877 1
866 877 1
871 877 1
91 878 0
232 878 4
246 878 4
259 878 0
266 878 4
289 878 3
295 878 1
413 878 6
438 878 7
462 878 6
474 878 7
516 878 6
542 878 1
556 878 6
564 878 7
632 878 1
635 878 2
671 878 7
675 878 9
723 878 10
728 878 0
729 878 9
730 878 9
745 878 3
754 878 11
840 878 0
3 879 1
46 879 0
137 879 1
138 879 1
227 879 1
242 879 4
243 879 0
345 879 1
403 879 2
418 879 4
424 879 0
533 879 0
561 879 4
570 879 2
599 879 2
605 879 0
608 879 0
639 879 2
661 879 2
685 879 0
722 879 5
732 879 3
782 879 5
795 879 0
801 879 1
836 879 5
169 880 3
180 880 4
190 880 0
203 880 0
298 880 4
330 880 4
332 880 5
395 880 2
401 880 5
415 880 1
424 880 6
430 880 7
484 880 2
489 880 7
557 880 5
561 880 0
623 880 0
626 880 0
653 880 0
696 880 7
751 880 12
757 880 0
774 880 1
780 880 10
784 880 11
822 880 1
847 880 0
53 881 3
68 881 3
119 881 3
146 881 3
192 881 0
199 881 2
203 881 0
207 881 4
255 881 3
357 881 0
448 881 0
482 881 0
496 881 5
525 881 4
547 881 1
557 881 0
575 881 6
632 881 4
658 881 5
664 881 1
681 881 7
736 881 6
769 881 6
801 881 0
818 881 0
853 881 1
877 881 10
15 882 0
21 882 0
71 882 0
128 882 1
160 882 3
201 882 0
219 882 0
245 882 2
280 882 0
305 882 1
308 882 2
347 882 1
356 882 1
463 882 1
470 882 2
510 882 1
523 882 1
529 882 0
535 882 3
547 882 4
555 882 0
580 882 4
649 882 1
706 882 2
807 882 0
808 882 3
829 882 0
866 882 1
872 882 1
33 883 1
39 883 2
46 883 0
95 883 1
100 883 0
118 883 1
134 883 3
151 883 0
173 883 2
248 883 2
265 883 0
450 883 0
455 883 1
634 883 3
652 883 3
659 883 4
660 883 5
672 883 4
681 883 0
704 883 2
775 883 4
820 883 0
822 883 4
861 883 1
36 884 4
76 884 2
137 884 0
180 884 5
200 884 4
248 884 0
249 884 1
257 884 0
298 884 6
330 884 5
364 884 0
395 884 1
401 884 6
404 884 6
421 884 0
430 884 6
443 884 0
464 884 1
489 884 4
557 884 7
592 884 0
594 884 1
734 884 2
751 884 11
774 884 1
775 884 1
780 884 11
784 884 9
880 884 13
2 885 2
38 885 1
81 885 1
121 885 5
146 885 0
247 885 0
399 885 0
409 885 1
438 885 0
440 885 0
469 885 4
494 885 0
498 885 1
505 885 5
621 885 2
626 885 0
633 885 2
665 885 4
755 885 5
785 885 8
798 885 0
799 885 1
800 885 7
826 885 1
876 885 6
3 886 2
6 886 3
103 886 3
164 886 1
249 886 2
270 886 2
307 886 2
325 886 0
418 886 4
456 886 4
482 886 0
531 886 0
572 886 4
599 886 3
651 886 0
661 886 4
670 886 4
677 886 0
690 886 1
713 886 4
774 886 8
847 886 0
860 886 1
883 886 1
84 887 0
95 887 2
134 887 4
246 887 1
267 887 2
297 887 2
345 887 0
356 887 1
382 887 2
384 887 2
388 887 3
437 887 2
451 887 0
494 887 2
636 887 1
639 887 0
672 887 4
680 887 4
775 887 4
779 887 4
788 887 3
806 887 1
842 887 1
856 887 1
883 887 5
37 888 0
80 888 1
90 888 3
91 888 0
171 888 2
224 888 2
233 888 3
271 888 3
292 888 3
300 888 3
321 888 4
334 888 0
335 888 4
341 888 3
407 888 0
408 888 3
443 888 5
499 888 6
569 888 1
604 888 1
622 888 0
638 888 0
710 888 8
717 888 7
733 888 0
754 888 0
871 888 0
24 889 2
88 889 0
159 889 2
191 889 3
247 889 0
265 889 1
320 889 4
328 889 2
352 889 4
461 889 5
480 889 4
523 889 5
539 889 1
551 889 3
566 889 0
585 889 0
682 889 0
694 889 8
697 889 5
708 889 1
709 889 3
711 889 6
739 889 0
766 889 5
805 889 8
813 889 0
828 889 2
833 889 0
81 890 4
120 890 3
270 890 0
306 890 1
339 890 3
380 890 4
385 890 0
398 890 4
400 890 2
434 890 0
464 890 4
475 890 2
510 890 1
521 890 6
584 890 3
592 890 1
631 890 4
636 890 0
688 890 1
689 890 2
717 890 1
718 890 3
762 890 5
800 890 1
827 890 7
842 890 1
856 890 1
885 890 2
157 891 1
163 891 2
209 891 0
216 891 2
235 891 0
258 891 0
259 891 3
299 891 0
344 891 2
356 891 0
427 891 2
432 891 0
463 891 4
470 891 2
478 891 3
569 891 0
580 891 5
661 891 0
701 891 0
705 891 0
772 891 7
788 891 0
804 891 8
808 891 4
880 891 0
14 892 3
87 892 1
94 892 0
106 892 0
165 892 0
197 892 5
303 892 4
310 892 3
365 892 0
473 892 5
529 892 6
534 892 4
565 892 0
596 892 1
684 892 0
692 892 8
702 892 1
716 892 1
729 892 2
733 892 7
734 892 1
740 892 8
752 892 9
768 892 10
798 892 9
826 892 0
850 892 0
30 893 0
144 893 3
174 893 4
178 893 4
201 893 4
239 893 4
324 893 0
334 893 6
342 893 0
346 893 5
360 893 0
361 893 6
402 893 5
540 893 7
576 893 1
594 893 7
617 893 0
620 893 7
626 893 9
642 893 0
729 893 1
737 893 11
743 893 10
758 893 12
774 893 1
819 893 0
820 893 1
844 893 0
879 893 0
891 893 0
26 894 2
97 894 4
102 894 1
114 894 3
159 894 2
191 894 2
229 894 2
291 894 0
320 894 3
321 894 0
328 894 4
461 894 5
480 894 4
513 894 0
524 894 4
525 894 0
677 894 6
690 894 5
694 894 5
762 894 0
766 894 6
812 894 6
841 894 1
856 894 1
863 894 1
879 894 1
885 894 0
2 895 0
28 895 0
74 895 2
170 895 1
182 895 1
222 895 2
298 895 0
303 895 0
308 895 0
361 895 2
366 895 2
543 895 4
566 895 4
569 895 2
657 895 5
679 895 5
741 895 1
763 895 3
765 895 1
791 895 0
803 895 1
806 895 3
820 895 4
848 895 1
860 895 5
20 896 3
34 896 4
120 896 0
221 896 1
260 896 1
320 896 0
333 896 0
340 896 3
397 896 5
466 896 2
475 896 0
488 896 2
489 896 1
490 896 3
515 896 1
580 896 0
647 896 7
653 896 0
664 896 1
683 896 6
702 896 6
712 896 1
770 896 4
789 896 4
799 896 1
856 896 9
881 896 1
32 897 0
361 897 2
366 897 2
422 897 2
431 897 3
439 897 0
449 897 2
481 897 0
507 897 0
562 897 3
569 897 2
580 897 0
610 897 2
676 897 1
774 897 0
778 897 5
794 897 1
805 897 1
813 897 6
814 897 4
823 897 5
846 897 9
860 897 6
864 897 0
888 897 1
69 898 3
130 898 0
186 898 0
199 898 0
214 898 2
272 898 3
312 898 3
474 898 0
491 898 4
558 898 6
559 898 6
605 898 7
719 898 6
720 898 7
797 898 1
815 898 0
817 898 9
826 898 8
842 898 1
843 898 0
855 898 1
860 898 0
868 898 8
887 898 2
76 899 0
144 899 5
168 899 0
174 899 4
201 899 5
239 899 5
283 899 5
334 899 6
346 899 5
361 899 4
423 899 0
503 899 0
540 899 7
571 899 7
584 899 0
594 899 6
603 899 0
620 899 8
626 899 9
629 899 1
646 899 0
695 899 0
737 899 10
743 899 10
750 899 0
758 899 11
886 899 1
893 899 15
7 900 2
48 900 3
239 900 1
290 900 1
509 900 0
541 900 1
543 900 2
560 900 1
610 900 1
657 900 5
667 900 2
699 900 5
712 900 0
813 900 6
814 900 7
817 900 2
831 900 3
837 900 5
873 900 4
895 900 7
897 900 5
898 900 3
3 901 0
106 901 1
137 901 1
184 901 0
263 901 2
331 901 2
345 901 3
355 901 1
403 901 2
419 901 3
456 901 3
553 901 1
579 901 1
630 901 0
639 901 4
670 901 4
682 901 0
692 901 0
707 901 1
710 901 0
713 901 4
722 901 5
772 901 0
774 901 2
782 901 5
836 901 4
838 901 0
854 901 1
872 901 0
883 901 0
899 901 1
19 902 3
92 902 0
96 902 1
164 902 5
177 902 4
260 902 3
299 902 0
342 902 3
380 902 0
411 902 6
420 902 3
446 902 4
463 902 0
498 902 2
500 902 5
587 902 5
602 902 8
604 902 7
629 902 6
690 902 0
704 902 0
734 902 1
741 902 0
744 902 0
828 902 8
847 902 1
848 902 9
879 902 0
884 902 1
885 902 1
888 902 1
8 903 1
51 903 0
60 903 3
77 903 5
145 903 3
203 903 2
210 903 1
311 903 0
470 903 2
471 903 3
502 903 5
513 903 0
535 903 2
563 903 1
611 903 4
623 903 0
633 903 5
636 903 4
637 903 3
645 903 5
694 903 0
747 903 3
755 903 5
774 903 0
800 903 6
812 903 1
874 903 1
885 903 6
6 904 4
11 904 0
27 904 0
29 904 0
103 904 3
137 904 3
140 904 0
193 904 0
242 904 2
263 904 1
400 904 0
418 904 4
459 904 1
478 904 1
481 904 0
491 904 0
561 904 3
597 904 0
600 904 4
621 904 0
661 904 4
707 904 0
715 904 0
733 904 0
774 904 4
776 904 0
802 904 0
810 904 0
833 904 1
857 904 0
879 904 6
881 904 0
886 904 7
149 905 0
154 905 2
241 905 3
246 905 0
305 905 0
338 905 0
375 905 0
399 905 0
482 905 0
512 905 3
517 905 5
518 905 0
528 905 0
570 905 5
603 905 1
608 905 4
616 905 0
641 905 1
654 905 5
675 905 0
691 905 4
692 905 0
695 905 6
736 905 0
775 905 1
792 905 7
793 905 5
796 905 1
802 905 2
847 905 9
855 905 9
859 905 6
97 906 4
128 906 0
149 906 3
160 906 0
302 906 1
320 906 3
345 906 0
352 906 4
354 906 0
400 906 0
454 906 0
461 906 6
480 906 4
519 906 0
523 906 6
565 906 4
593 906 1
677 906 5
690 906 6
694 906 7
697 906 9
711 906 7
732 906 1
766 906 10
769 906 0
805 906 11
812 906 7
825 906 2
851 906 1
889 906 11
37 907 3
124 907 4
174 907 1
194 907 4
257 907 3
276 907 0
288 907 2
366 907 3
375 907 4
390 907 4
504 907 4
555 907 3
585 907 3
597 907 3
615 907 3
646 907 3
658 907 1
690 907 0
721 907 4
727 907 2
734 907 5
741 907 2
747 907 1
761 907 0
788 907 3
809 907 6
849 907 0
71 908 3
108 908 2
136 908 4
167 908 1
175 908 3
189 908 5
313 908 4
372 908 0
376 908 0
440 908 3
589 908 0
591 908 5
640 908 1
681 908 0
689 908 1
693 908 4
742 908 2
768 908 0
791 908 1
797 908 8
831 908 9
841 908 1
844 908 5
849 908 10
852 908 1
853 908 2
857 908 1
870 908 8
887 908 0
900 908 3
116 909 3
119 909 0
131 909 1
192 909 3
267 909 0
272 909 4
277 909 4
306 909 4
311 909 0
312 909 6
440 909 0
441 909 3
452 909 7
502 909 0
559 909 7
560 909 0
704 909 1
720 909 7
731 909 0
744 909 8
745 909 1
808 909 1
826 909 9
866 909 0
869 909 10
898 909 8
12 910 3
13 910 2
43 910 2
104 910 0
140 910 0
147 910 1
254 910 3
287 910 5
366 910 1
390 910 4
398 910 0
407 910 0
460 910 2
482 910 4
490 910 0
504 910 4
515 910 6
546 910 4
568 910 0
587 910 1
642 910 6
646 910 7
721 910 7
738 910 5
779 910 0
809 910 5
858 910 1
873 910 0
907 910 7
34 911 3
107 911 2
131 911 2
158 911 5
207 911 0
221 911 2
226 911 0
228 911 1
272 911 0
340 911 3
343 911 0
368 911 0
369 911 0
436 911 4
466 911 4
541 911 4
594 911 1
647 911 6
659 911 1
668 911 0
683 911 5
775 911 2
794 911 6
810 911 1
818 911 5
832 911 6
856 911 8
896 911 9
6 912 2
61 912 2
73 912 0
106 912 2
128 912 0
137 912 2
147 912 1
335 912 0
367 912 0
403 912 2
440 912 0
456 912 2
459 912 2
489 912 0
517 912 1
534 912 1
561 912 3
579 912 2
582 912 2
599 912 2
639 912 2
670 912 2
713 912 4
722 912 5
779 912 0
797 912 0
832 912 2
851 912 0
878 912 1
886 912 7
899 912 2
901 912 10
904 912 5
18 913 2
127 913 0
191 913 1
206 913 3
379 913 0
449 913 3
455 913 0
505 913 0
562 913 6
635 913 1
642 913 0
679 913 4
699 913 3
747 913 1
759 913 5
763 913 4
771 913 0
806 913 3
813 913 8
823 913 5
843 913 1
846 913 9
859 913 1
860 913 9
869 913 0
870 913 3
873 913 4
897 913 6
10 914 0
16 914 2
45 914 3
70 914 0
122 914 3
149 914 0
152 914 0
177 914 0
258 914 4
266 914 0
304 914 3
358 914 2
365 914 2
406 914 3
421 914 0
469 914 1
503 914 4
510 914 0
549 914 4
584 914 0
617 914 4
654 914 0
655 914 5
742 914 7
761 914 4
764 914 4
767 914 5
782 914 0
813 914 0
839 914 9
853 914 8
871 914 1
903 914 0
910 914 0
7 915 2
25 915 0
33 915 0
132 915 1
206 915 2
219 915 0
311 915 2
333 915 0
366 915 3
387 915 0
495 915 0
527 915 1
543 915 2
579 915 4
586 915 0
598 915 0
638 915 5
641 915 0
679 915 4
702 915 1
710 915 1
726 915 7
759 915 5
776 915 0
778 915 4
820 915 6
837 915 5
873 915 7
892 915 1
897 915 4
911 915 1
67 916 0
92 916 1
134 916 2
173 916 2
200 916 0
267 916 1
277 916 0
316 916 0
326 916 2
338 916 4
352 916 0
353 916 0
357 916 2
382 916 2
384 916 2
406 916 0
430 916 0
494 916 0
553 916 1
634 916 1
641 916 2
660 916 2
686 916 1
704 916 5
721 916 0
770 916 0
775 916 3
779 916 5
868 916 1
883 916 6
898 916 1
9 917 4
11 917 0
141 917 4
156 917 4
210 917 4
226 917 1
237 917 3
306 917 1
366 917 1
372 917 6
375 917 2
387 917 5
417 917 5
454 917 5
476 917 0
493 917 5
514 917 5
523 917 1
532 917 7
558 917 0
644 917 7
671 917 0
675 917 0
728 917 8
747 917 10
750 917 10
764 917 0
795 917 9
830 917 1
832 917 0
833 917 0
841 917 11
851 917 12
907 917 3
10 918 4
70 918 5
86 918 3
166 918 3
202 918 3
253 918 0
284 918 0
328 918 0
334 918 0
337 918 4
353 918 2
374 918 2
383 918 4
437 918 1
473 918 0
476 918 5
485 918 0
552 918 6
553 918 2
593 918 7
608 918 3
648 918 0
662 918 5
675 918 0
679 918 0
682 918 6
719 918 0
727 918 0
757 918 8
825 918 9
855 918 1
871 918 1
0 919 0
15 919 3
79 919 4
91 919 4
92 919 5
159 919 1
167 919 3
184 919 5
190 919 5
221 919 1
282 919 0
362 919 4
368 919 4
420 919 1
427 919 1
429 919 6
432 919 0
453 919 6
554 919 5
583 919 5
615 919 0
639 919 1
666 919 8
673 919 8
684 919 0
693 919 1
703 919 9
707 919 0
760 919 11
783 919 8
794 919 1
855 919 2
916 919 1
4 920 3
120 920 0
154 920 3
204 920 0
305 920 3
379 920 0
390 920 0
396 920 5
451 920 1
463 920 0
475 920 2
496 920 0
512 920 4
553 920 2
571 920 1
607 920 5
608 920 5
612 920 2
627 920 0
630 920 4
654 920 4
678 920 6
692 920 0
737 920 3
743 920 2
753 920 7
802 920 6
859 920 8
860 920 0
871 920 9
918 920 4
60 921 3
158 921 1
175 921 0
203 921 2
204 921 3
208 921 0
224 921 0
234 921 0
336 921 1
377 921 4
386 921 0
397 921 0
446 921 0
447 921 2
452 921 0
471 921 4
488 921 0
535 921 1
577 921 0
598 921 3
636 921 4
652 921 1
665 921 4
755 921 6
758 921 0
759 921 0
770 921 1
785 921 6
800 921 6
885 921 6
895 921 1
903 921 10
911 921 2
36 922 4
76 922 4
88 922 1
169 922 4
193 922 0
200 922 5
240 922 0
251 922 0
298 922 6
330 922 6
332 922 5
390 922 1
401 922 5
404 922 6
416 922 0
424 922 6
469 922 0
489 922 7
557 922 6
681 922 0
696 922 10
722 922 1
727 922 0
748 922 0
751 922 10
780 922 11
784 922 11
789 922 1
790 922 1
861 922 1
880 922 13
884 922 13
901 922 1
54 923 4
105 923 1
198 923 0
240 923 4
291 923 4
337 923 0
349 923 4
353 923 0
371 923 4
378 923 0
389 923 0
405 923 4
410 923 5
422 923 5
432 923 5
457 923 0
458 923 0
468 923 0
492 923 6
508 923 6
513 923 0
612 923 8
705 923 0
732 923 0
781 923 0
858 923 10
866 923 14
875 923 12
877 923 1
898 923 1
22 924 4
43 924 0
77 924 0
88 924 4
118 924 3
178 924 0
218 924 5
288 924 1
315 924 4
323 924 4
364 924 4
379 924 5
397 924 1
407 924 5
560 924 1
596 924 1
618 924 8
625 924 7
676 924 7
686 924 7
699 924 0
707 924 10
735 924 1
776 924 1
787 924 10
803 924 10
812 924 1
816 924 1
827 924 1
829 924 13
862 924 1
874 924 9
891 924 0
892 924 1
896 924 2
104 925 0
108 925 4
146 925 0
203 925 0
226 925 3
231 925 3
244 925 3
250 925 1
299 925 0
316 925 4
320 925 0
438 925 0
458 925 4
481 925 6
517 925 0
552 925 1
573 925 7
631 925 0
667 925 0
693 925 8
697 925 0
797 925 8
831 925 8
840 925 7
843 925 0
849 925 10
850 925 7
869 925 0
870 925 9
895 925 2
908 925 8
924 925 0
37 926 2
108 926 1
188 926 1
235 926 0
265 926 2
339 926 0
370 926 3
390 926 5
411 926 1
440 926 2
442 926 5
482 926 6
504 926 4
515 926 3
555 926 3
574 926 4
585 926 4
597 926 3
605 926 1
615 926 3
634 926 0
646 926 4
659 926 0
667 926 0
698 926 1
721 926 4
723 926 1
734 926 7
759 926 0
797 926 0
815 926 0
823 926 0
831 926 1
850 926 3
907 926 11
910 926 7
25 927 0
42 927 3
63 927 0
139 927 4
141 927 0
201 927 0
212 927 2
223 927 3
281 927 0
376 927 4
416 927 4
434 927 4
468 927 0
491 927 0
596 927 6
606 927 0
633 927 1
656 927 7
668 927 6
717 927 0
746 927 5
769 927 0
785 927 3
799 927 7
802 927 0
807 927 8
830 927 6
858 927 2
861 927 6
867 927 10
875 927 1
883 927 1
910 927 1
70 928 3
124 928 0
140 928 5
248 928 0
294 928 5
337 928 3
350 928 5
374 928 4
383 928 5
396 928 1
399 928 0
476 928 7
484 928 7
552 928 4
567 928 0
593 928 6
600 928 0
603 928 0
619 928 6
637 928 7
655 928 0
674 928 5
682 928 8
700 928 1
720 928 2
747 928 2
800 928 2
801 928 8
809 928 0
825 928 12
903 928 3
913 928 1
918 928 10
38 929 0
43 929 0
44 929 3
50 929 2
59 929 4
61 929 4
89 929 2
101 929 0
114 929 0
162 929 3
172 929 0
271 929 0
303 929 5
439 929 5
487 929 7
498 929 5
499 929 0
505 929 0
529 929 7
549 929 0
597 929 0
629 929 0
733 929 7
740 929 8
768 929 8
787 929 1
798 929 8
870 929 0
874 929 1
892 929 9
898 929 1
919 929 0
29 930 3
31 930 3
56 930 0
67 930 3
83 930 4
106 930 0
114 930 0
133 930 5
142 930 3
215 930 3
233 930 0
298 930 1
366 930 0
386 930 5
428 930 3
444 930 4
504 930 0
544 930 5
567 930 3
581 930 5
664 930 7
681 930 0
688 930 1
724 930 9
739 930 7
781 930 0
782 930 0
823 930 2
838 930 10
854 930 1
863 930 2
866 930 2
21 931 3
54 931 4
78 931 3
115 931 5
137 931 0
165 931 4
185 931 0
240 931 4
291 931 4
308 931 2
349 931 6
350 931 0
405 931 6
422 931 7
499 931 1
508 931 7
584 931 0
606 931 1
646 931 0
720 931 0
726 931 0
814 931 1
818 931 0
819 931 12
833 931 10
858 931 11
866 931 13
870 931 0
875 931 12
888 931 2
923 931 13
930 931 3
58 932 0
187 932 1
211 932 5
279 932 3
295 932 3
353 932 1
380 932 0
392 932 4
422 932 1
426 932 1
467 932 6
507 932 6
520 932 7
538 932 2
576 932 5
595 932 6
627 932 5
650 932 8
677 932 0
712 932 6
731 932 6
733 932 1
745 932 0
763 932 1
776 932 7
779 932 0
789 932 0
846 932 2
862 932 10
865 932 2
871 932 3
39 933 0
81 933 4
125 933 4
161 933 4
168 933 0
187 933 0
195 933 1
401 933 0
410 933 0
464 933 5
483 933 5
521 933 7
534 933 1
545 933 0
568 933 6
607 933 2
620 933 0
631 933 5
691 933 0
701 933 8
718 933 9
725 933 8
729 933 1
735 933 7
762 933 8
770 933 0
790 933 8
814 933 0
838 933 1
847 933 3
857 933 3
862 933 1
890 933 8
909 933 0
929 933 0
3 934 2
5 934 1
47 934 1
73 934 1
103 934 3
147 934 2
227 934 1
249 934 5
266 934 0
328 934 1
336 934 0
345 934 3
377 934 1
403 934 1
418 934 4
435 934 1
474 934 0
500 934 0
639 934 2
642 934 1
670 934 4
713 934 5
732 934 2
737 934 1
759 934 0
765 934 0
774 934 5
823 934 0
836 934 3
849 934 0
879 934 10
886 934 8
894 934 2
904 934 5
910 934 2
19 935 4
65 935 4
94 935 4
164 935 5
195 935 1
204 935 3
285 935 1
331 935 0
342 935 5
392 935 1
411 935 6
420 935 6
446 935 7
500 935 6
508 935 3
578 935 7
587 935 8
602 935 10
604 935 7
629 935 7
658 935 0
678 935 0
700 935 9
725 935 1
762 935 2
815 935 1
828 935 13
848 935 12
858 935 2
902 935 14
922 935 0
932 935 2
40 936 4
65 936 0
139 936 5
209 936 4
292 936 1
378 936 2
401 936 0
434 936 5
457 936 4
496 936 1
524 936 0
548 936 0
560 936 5
563 936 0
571 936 0
592 936 2
596 936 6
629 936 1
634 936 0
670 936 0
716 936 7
746 936 9
799 936 10
807 936 8
811 936 9
824 936 9
830 936 7
842 936 0
867 936 9
905 936 0
919 936 0
927 936 9
45 937 1
134 937 3
163 937 0
236 937 0
253 937 4
288 937 0
307 937 1
326 937 2
327 937 2
357 937 1
362 937 1
384 937 2
434 937 1
437 937 3
455 937 1
466 937 0
480 937 0
494 937 4
501 937 1
635 937 5
641 937 6
649 937 3
652 937 3
660 937 2
672 937 4
680 937 5
713 937 2
721 937 0
745 937 5
767 937 1
775 937 4
800 937 1
818 937 0
878 937 2
883 937 8
886 937 3
887 937 8
5 938 0
62 938 3
63 938 0
109 938 0
130 938 4
131 938 0
136 938 0
143 938 2
211 938 4
213 938 4
279 938 4
288 938 0
295 938 3
309 938 5
353 938 2
392 938 4
433 938 4
467 938 5
478 938 0
507 938 7
509 938 0
575 938 0
595 938 3
609 938 5
618 938 2
627 938 5
648 938 0
703 938 1
776 938 8
798 938 0
803 938 2
821 938 9
932 938 13
59 939 0
105 939 3
201 939 0
224 939 2
243 939 2
259 939 3
308 939 2
328 939 2
354 939 4
356 939 2
389 939 3
427 939 1
468 939 3
508 939 0
530 939 3
536 939 5
624 939 0
645 939 1
651 939 5
659 939 1
688 939 4
694 939 2
698 939 0
709 939 0
717 939 2
768 939 0
772 939 4
796 939 1
799 939 1
804 939 6
808 939 9
827 939 0
880 939 0
910 939 1
913 939 1
101 940 3
104 940 4
146 940 0
178 940 1
186 940 3
195 940 4
219 940 0
235 940 5
269 940 5
284 940 4
286 940 5
299 940 3
367 940 6
415 940 4
425 940 1
551 940 0
562 940 2
577 940 7
586 940 7
664 940 0
665 940 1
678 940 0
687 940 8
705 940 6
731 940 1
761 940 2
767 940 1
780 940 1
789 940 1
796 940 9
803 940 1
846 940 3
857 940 10
858 940 1
863 940 10
864 940 12
872 940 10
884 940 1
913 940 2
128 941 0
144 941 3
160 941 1
163 941 1
172 941 0
208 941 0
245 941 2
249 941 1
280 941 1
301 941 0
327 941 0
344 941 3
347 941 4
354 941 4
389 941 4
456 941 0
468 941 4
526 941 3
535 941 3
536 941 3
583 941 0
613 941 2
653 941 1
685 941 6
706 941 3
719 941 0
804 941 5
852 941 1
899 941 1
911 941 0
913 941 1
934 941 1
935 941 0
939 941 8
26 942 0
58 942 1
72 942 3
78 942 0
82 942 0
105 942 2
151 942 0
160 942 3
173 942 0
183 942 0
184 942 0
219 942 3
308 942 3
347 942 3
354 942 5
401 942 0
429 942 0
467 942 2
478 942 5
522 942 5
526 942 4
530 942 4
580 942 4
582 942 1
620 942 1
663 942 0
685 942 5
702 942 3
746 942 2
758 942 1
849 942 0
856 942 2
891 942 5
927 942 1
939 942 7
941 942 8
16 943 1
19 943 4
65 943 3
72 943 0
94 943 3
164 943 4
177 943 5
219 943 1
227 943 0
228 943 1
260 943 5
333 943 4
340 943 0
342 943 5
410 943 1
411 943 5
446 943 5
500 943 6
512 943 1
537 943 0
587 943 6
589 943 0
602 943 9
604 943 7
629 943 9
665 943 1
700 943 8
712 943 1
842 943 0
848 943 13
867 943 1
902 943 14
918 943 1
920 943 2
925 943 0
932 943 2
935 943 17
2 944 3
77 944 2
98 944 2
123 944 1
145 944 3
204 944 4
225 944 0
248 944 0
336 944 1
348 944 4
376 944 0
404 944 0
409 944 1
430 944 0
505 944 5
533 944 2
539 944 0
578 944 0
589 944 1
621 944 4
645 944 4
749 944 2
785 944 6
800 944 10
853 944 0
865 944 1
876 944 7
885 944 10
903 944 8
906 944 0
921 944 8
926 944 0
25 945 3
40 945 3
129 945 3
160 945 0
198 945 4
205 945 0
208 945 1
209 945 3
265 945 0
319 945 0
393 945 5
560 945 8
575 945 0
596 945 5
614 945 5
667 945 7
668 945 5
682 945 1
695 945 0
710 945 1
716 945 8
736 945 0
746 945 9
747 945 1
749 945 0
788 945 0
799 945 8
811 945 9
824 945 9
861 945 10
862 945 0
900 945 4
931 945 2
936 945 12
14 946 3
42 946 1
50 946 4
59 946 3
61 946 4
120 946 0
150 946 5
162 946 4
193 946 0
197 946 4
273 946 0
310 946 3
322 946 4
359 946 0
422 946 0
487 946 5
492 946 0
498 946 6
529 946 6
583 946 0
623 946 4
647 946 0
674 946 1
686 946 0
733 946 9
740 946 8
741 946 0
752 946 9
779 946 1
798 946 7
892 946 11
929 946 14
52 947 0
64 947 0
117 947 0
154 947 0
213 947 1
218 947 0
230 947 4
232 947 1
287 947 0
296 947 5
314 947 5
318 947 6
351 947 4
385 947 5
391 947 5
409 947 6
445 947 1
454 947 0
459 947 1
518 947 8
519 947 6
529 947 0
538 947 7
592 947 8
603 947 8
628 947 6
640 947 8
714 947 8
734 947 0
781 947 10
815 947 10
816 947 11
822 947 0
831 947 1
843 947 11
849 947 0
900 947 1
909 947 2
71 948 3
108 948 4
175 948 3
193 948 2
313 948 4
316 948 4
319 948 3
360 948 2
405 948 0
437 948 0
451 948 4
467 948 0
481 948 5
504 948 0
512 948 0
573 948 5
575 948 0
591 948 6
597 948 1
627 948 0
687 948 0
700 948 0
723 948 0
736 948 0
742 948 2
760 948 0
797 948 7
831 948 11
836 948 0
844 948 8
849 948 7
850 948 8
868 948 0
874 948 0
895 948 2
900 948 3
908 948 13
925 948 11
927 948 0
19 949 4
22 949 0
48 949 0
58 949 0
65 949 4
91 949 2
94 949 4
114 949 0
177 949 4
260 949 4
291 949 0
333 949 6
342 949 3
364 949 0
420 949 5
446 949 7
459 949 0
483 949 0
500 949 6
523 949 1
578 949 7
587 949 6
600 949 1
602 949 9
604 949 6
615 949 0
629 949 7
700 949 9
703 949 1
709 949 2
773 949 0
824 949 1
828 949 12
841 949 1
848 949 14
889 949 3
899 949 1
935 949 16
943 949 16
22 950 0
72 950 1
128 950 2
157 950 1
160 950 3
216 950 3
226 950 0
231 950 0
243 950 2
245 950 2
247 950 3
259 950 4
288 950 0
289 950 0
384 950 0
403 950 0
460 950 1
463 950 3
476 950 0
522 950 4
526 950 3
530 950 5
536 950 3
580 950 4
613 950 3
644 950 0
659 950 1
700 950 1
789 950 0
804 950 7
808 950 5
835 950 2
845 950 0
881 950 0
882 950 6
891 950 8
939 950 8
942 950 8
946 950 1
10 951 4
30 951 0
51 951 1
86 951 3
98 951 0
202 951 5
205 951 0
208 951 5
273 951 0
294 951 5
307 951 0
350 951 4
353 951 5
374 951 4
383 951 5
484 951 7
552 951 8
593 951 8
597 951 0
615 951 0
619 951 6
657 951 0
662 951 7
674 951 8
682 951 9
716 951 3
745 951 0
757 951 8
801 951 10
825 951 12
830 951 3
883 951 0
915 951 0
918 951 13
925 951 1
928 951 14
938 951 1
4 952 3
73 952 0
150 952 1
183 952 2
241 952 4
285 952 3
325 952 3
326 952 0
342 952 0
373 952 2
397 952 0
402 952 0
534 952 1
563 952 4
607 952 4
608 952 4
630 952 3
654 952 4
691 952 7
703 952 1
711 952 1
724 952 0
731 952 2
749 952 0
756 952 9
773 952 0
783 952 0
792 952 7
793 952 7
847 952 6
849 952 0
854 952 7
871 952 10
876 952 3
905 952 8
920 952 9
932 952 2
17 953 4
81 953 4
96 953 0
120 953 5
182 953 4
250 953 1
336 953 0
400 953 6
464 953 6
466 953 0
477 953 7
521 953 5
568 953 7
629 953 0
631 953 7
661 953 1
670 953 0
701 953 9
709 953 0
718 953 8
735 953 8
762 953 7
790 953 8
809 953 0
811 953 2
827 953 9
853 953 1
872 953 1
882 953 3
887 953 2
890 953 12
903 953 1
913 953 0
922 953 1
933 953 14
7 954 3
50 954 0
123 954 0
173 954 2
221 954 0
223 954 1
256 954 3
279 954 0
337 954 0
390 954 0
395 954 0
449 954 3
465 954 2
492 954 1
527 954 1
566 954 5
622 954 5
625 954 0
638 954 4
657 954 5
699 954 6
720 954 1
726 954 3
757 954 0
759 954 3
779 954 1
813 954 7
814 954 6
837 954 8
839 954 0
860 954 8
895 954 5
897 954 6
900 954 10
909 954 1
915 954 8
916 954 2
937 954 1
943 954 0
0 955 3
20 955 1
29 955 4
31 955 2
57 955 3
83 955 3
102 955 4
103 955 0
112 955 0
133 955 4
189 955 1
273 955 5
289 955 1
386 955 5
401 955 0
428 955 6
444 955 5
472 955 4
542 955 0
544 955 5
567 955 6
581 955 8
605 955 0
630 955 1
657 955 0
660 955 0
724 955 8
739 955 7
749 955 0
777 955 10
783 955 0
838 955 10
843 955 0
853 955 1
869 955 0
908 955 3
930 955 14
935 955 0
9 956 0
32 956 3
81 956 2
117 956 3
120 956 3
182 956 2
278 956 4
280 956 0
325 956 0
339 956 4
359 956 0
366 956 2
380 956 3
400 956 4
408 956 0
455 956 2
483 956 7
489 956 0
509 956 0
510 956 5
521 956 5
568 956 8
584 956 4
631 956 4
632 956 0
652 956 1
701 956 6
705 956 0
718 956 8
726 956 1
735 956 4
765 956 0
788 956 2
790 956 10
808 956 0
818 956 0
826 956 0
829 956 1
907 956 2
915 956 2
933 956 11
953 956 13
34 957 0
74 957 0
78 957 3
83 957 0
115 957 4
151 957 5
165 957 2
204 957 2
267 957 0
291 957 4
349 957 5
371 957 4
403 957 1
405 957 4
410 957 5
422 957 5
432 957 5
464 957 0
492 957 6
508 957 7
534 957 0
573 957 0
599 957 0
612 957 7
657 957 0
673 957 0
707 957 0
721 957 0
743 957 0
756 957 1
800 957 1
805 957 1
858 957 13
866 957 13
875 957 12
923 957 16
931 957 14
935 957 4
944 957 2
39 958 0
111 958 1
116 958 4
121 958 1
126 958 0
272 958 4
306 958 5
312 958 5
369 958 4
421 958 3
452 958 6
491 958 5
559 958 5
582 958 0
584 958 1
589 958 8
605 958 5
606 958 7
609 958 0
616 958 5
643 958 1
648 958 1
719 958 7
744 958 8
767 958 1
808 958 2
826 958 8
858 958 1
869 958 11
885 958 2
898 958 9
909 958 13
924 958 0
928 958 1
934 958 0
25 959 2
42 959 1
73 959 0
112 959 0
223 959 3
241 959 0
252 959 2
316 959 0
386 959 2
394 959 0
416 959 3
434 959 4
457 959 6
465 959 1
492 959 2
596 959 4
614 959 6
624 959 5
627 959 0
660 959 0
716 959 9
724 959 1
746 959 7
799 959 9
802 959 3
807 959 6
811 959 10
814 959 1
819 959 2
824 959 9
830 959 10
861 959 8
864 959 1
867 959 9
917 959 1
930 959 3
931 959 5
936 959 14
945 959 12
951 959 3
958 959 0
37 960 0
50 960 3
55 960 1
61 960 5
150 960 3
158 960 0
197 960 5
234 960 1
293 960 1
302 960 4
322 960 5
425 960 0
439 960 7
462 960 0
473 960 5
476 960 1
487 960 6
523 960 0
529 960 7
534 960 8
573 960 0
623 960 8
657 960 0
692 960 11
733 960 8
740 960 11
752 960 10
768 960 10
783 960 2
798 960 11
841 960 0
876 960 0
890 960 1
892 960 13
896 960 0
912 960 3
928 960 2
929 960 13
946 960 17
21 961 1
28 961 4
51 961 4
84 961 4
123 961 6
261 961 5
275 961 4
290 961 5
308 961 1
315 961 1
355 961 6
394 961 6
405 961 1
412 961 6
439 961 1
485 961 5
527 961 8
534 961 1
579 961 0
601 961 0
653 961 8
664 961 0
667 961 3
709 961 8
731 961 1
749 961 11
763 961 0
771 961 10
811 961 1
835 961 12
842 961 11
852 961 12
866 961 1
888 961 0
900 961 2
928 961 1
941 961 2
944 961 4
950 961 1
951 961 2
6 962 0
100 962 3
130 962 4
211 962 5
213 962 5
222 962 0
226 962 1
268 962 3
279 962 3
292 962 0
295 962 5
307 962 5
309 962 4
355 962 0
372 962 2
385 962 0
460 962 0
507 962 4
520 962 4
539 962 0
548 962 4
551 962 0
572 962 0
627 962 8
650 962 6
653 962 0
712 962 5
736 962 0
756 962 0
776 962 9
781 962 1
813 962 0
821 962 8
825 962 0
843 962 1
862 962 12
878 962 1
891 962 0
894 962 0
917 962 2
932 962 13
938 962 13
42 963 4
111 963 0
129 963 3
139 963 5
198 963 3
209 963 5
221 963 0
252 963 4
296 963 0
312 963 0
376 963 6
378 963 1
416 963 4
425 963 0
431 963 0
454 963 1
457 963 4
461 963 0
530 963 0
550 963 1
560 963 3
596 963 6
624 963 6
656 963 6
667 963 5
739 963 1
747 963 2
783 963 1
799 963 7
807 963 6
808 963 0
830 963 6
867 963 9
872 963 1
916 963 0
927 963 11
934 963 0
936 963 14
945 963 10
946 963 1
949 963 0
54 964 0
72 964 3
103 964 0
110 964 0
163 964 2
206 964 0
207 964 1
245 964 2
250 964 2
289 964 0
347 964 4
354 964 4
370 964 0
389 964 5
468 964 4
502 964 0
526 964 5
530 964 4
535 964 4
547 964 5
578 964 0
651 964 3
685 964 6
692 964 1
706 964 5
762 964 2
773 964 0
804 964 5
808 964 7
881 964 2
882 964 7
884 964 0
890 964 3
891 964 6
910 964 1
936 964 1
939 964 10
941 964 14
942 964 10
953 964 4
960 964 3
25 965 2
40 965 4
134 965 1
139 965 3
198 965 5
212 965 4
252 965 4
327 965 0
376 965 3
388 965 0
393 965 7
434 965 4
457 965 4
492 965 2
595 965 1
621 965 1
622 965 1
649 965 0
667 965 7
680 965 2
713 965 3
716 965 11
725 965 0
746 965 7
764 965 1
781 965 0
793 965 1
799 965 10
810 965 0
811 965 11
824 965 10
825 965 2
830 965 11
834 965 1
847 965 2
861 965 8
867 965 8
893 965 1
899 965 1
931 965 2
936 965 14
945 965 15
951 965 4
959 965 17
963 965 11
51 966 4
80 966 0
84 966 5
179 966 3
189 966 0
196 966 4
261 966 4
275 966 2
355 966 4
381 966 6
392 966 0
394 966 5
412 966 5
414 966 5
470 966 0
473 966 3
519 966 0
521 966 1
524 966 1
527 966 7
563 966 2
575 966 1
635 966 0
653 966 9
709 966 9
722 966 0
749 966 10
754 966 1
756 966 1
768 966 2
769 966 2
771 966 11
791 966 10
842 966 11
844 966 2
852 966 12
890 966 2
892 966 2
907 966 1
916 966 0
944 966 3
961 966 17
21 967 4
54 967 4
115 967 5
143 967 0
151 967 5
158 967 1
203 967 1
215 967 0
240 967 4
247 967 0
291 967 5
371 967 6
401 967 0
405 967 6
410 967 6
432 967 7
450 967 0
476 967 0
492 967 6
508 967 8
572 967 1
612 967 9
662 967 1
669 967 0
724 967 0
741 967 1
750 967 0
768 967 2
815 967 2
819 967 9
833 967 12
858 967 14
859 967 0
866 967 14
869 967 0
875 967 15
888 967 1
911 967 1
923 967 16
931 967 16
935 967 4
951 967 1
957 967 17
15 968 4
32 968 0
44 968 0
75 968 0
91 968 3
92 968 4
154 968 0
167 968 5
184 968 4
217 968 4
236 968 5
247 968 0
301 968 6
362 968 6
365 968 1
368 968 6
398 968 0
429 968 6
453 968 6
497 968 0
518 968 0
539 968 8
554 968 7
570 968 0
583 968 8
592 968 0
618 968 2
666 968 9
669 968 10
673 968 9
693 968 1
703 968 11
708 968 11
710 968 1
760 968 12
783 968 12
788 968 0
863 968 2
872 968 1
919 968 17
930 968 2
931 968 1
938 968 2
33 969 0
54 969 4
94 969 0
109 969 1
115 969 5
150 969 0
151 969 5
165 969 4
200 969 0
240 969 5
268 969 0
277 969 0
319 969 1
349 969 6
371 969 6
405 969 5
410 969 7
417 969 0
422 969 9
432 969 7
492 969 6
508 969 8
516 969 0
552 969 1
589 969 1
612 969 7
616 969 1
756 969 2
787 969 1
816 969 1
819 969 11
825 969 1
833 969 14
858 969 13
865 969 2
866 969 15
875 969 16
897 969 1
901 969 0
923 969 17
931 969 16
957 969 19
967 969 19
17 970 0
51 970 4
84 970 4
100 970 2
179 970 4
244 970 0
261 970 5
275 970 4
290 970 5
293 970 0
322 970 0
324 970 6
381 970 6
412 970 5
414 970 6
448 970 1
457 970 1
473 970 1
485 970 6
527 970 6
573 970 0
577 970 0
641 970 2
653 970 8
659 970 1
677 970 0
709 970 10
749 970 10
750 970 0
751 970 0
771 970 12
778 970 0
791 970 12
794 970 0
835 970 9
842 970 12
852 970 12
854 970 0
889 970 1
961 970 17
963 970 1
966 970 19
9 971 0
18 971 2
115 971 1
126 971 2
132 971 1
144 971 1
155 971 1
198 971 0
304 971 1
331 971 0
343 971 1
464 971 0
465 971 6
561 971 0
562 971 5
608 971 0
617 971 1
622 971 4
638 971 5
643 971 5
656 971 0
657 971 4
679 971 7
688 971 1
711 971 1
726 971 6
782 971 0
806 971 5
814 971 7
820 971 10
823 971 6
828 971 0
846 971 6
873 971 5
875 971 2
895 971 7
896 971 0
897 971 6
898 971 1
900 971 9
915 971 9
932 971 1
941 971 1
10 972 0
20 972 3
34 972 4
131 972 4
158 972 3
168 972 5
209 972 2
276 972 0
340 972 4
397 972 6
398 972 1
423 972 0
436 972 6
486 972 0
490 972 6
528 972 0
531 972 5
541 972 7
584 972 1
587 972 0
647 972 8
676 972 1
683 972 8
698 972 4
702 972 7
720 972 0
745 972 1
756 972 0
770 972 8
773 972 9
789 972 10
798 972 0
832 972 6
856 972 12
879 972 0
896 972 13
897 972 1
911 972 12
922 972 2
923 972 0
936 972 3
959 972 1
963 972 2
60 973 3
80 973 0
98 973 3
121 973 3
216 973 0
262 973 0
317 973 2
348 973 7
359 973 2
377 973 3
447 973 3
469 973 7
471 973 5
485 973 0
500 973 0
505 973 4
509 973 0
533 973 4
545 973 7
565 973 0
585 973 2
598 973 5
606 973 1
611 973 5
645 973 8
708 973 1
710 973 2
743 973 0
779 973 2
780 973 1
785 973 8
820 973 1
822 973 1
844 973 1
876 973 10
885 973 7
903 973 8
923 973 0
944 973 11
945 973 1
952 973 2
953 973 2
968 973 2
4 974 4
13 974 0
78 974 0
154 974 4
159 974 1
185 974 5
241 974 5
285 974 3
289 974 1
396 974 4
475 974 5
512 974 5
517 974 5
564 974 0
567 974 0
570 974 6
678 974 5
681 974 1
684 974 1
691 974 6
710 974 0
723 974 0
738 974 1
753 974 4
756 974 9
792 974 10
793 974 8
813 974 0
824 974 1
832 974 0
847 974 11
854 974 10
859 974 9
875 974 3
881 974 1
902 974 1
905 974 11
920 974 10
946 974 2
952 974 12
969 974 2
24 975 3
26 975 4
36 975 0
65 975 0
97 975 5
104 975 0
114 975 3
159 975 6
172 975 1
185 975 1
224 975 1
229 975 5
305 975 2
320 975 6
441 975 1
461 975 7
480 975 6
523 975 6
524 975 6
551 975 6
565 975 5
599 975 0
612 975 0
622 975 0
630 975 2
677 975 7
690 975 6
694 975 8
697 975 9
711 975 8
742 975 2
766 975 10
812 975 10
822 975 0
834 975 1
882 975 3
889 975 13
894 975 14
897 975 0
906 975 14
939 975 2
946 975 1
953 975 1
955 975 1
974 975 3
23 976 3
71 976 3
129 976 0
136 976 4
181 976 2
189 976 5
193 976 4
231 976 3
250 976 3
313 976 5
316 976 5
319 976 5
370 976 2
389 976 0
415 976 1
440 976 5
448 976 1
451 976 4
458 976 5
481 976 5
493 976 0
521 976 1
555 976 1
591 976 7
653 976 0
713 976 0
726 976 2
752 976 0
766 976 0
775 976 1
797 976 8
807 976 0
830 976 1
831 976 10
849 976 10
850 976 8
870 976 11
872 976 1
873 976 1
908 976 12
914 976 0
925 976 12
948 976 14
954 976 1
969 976 1
69 977 5
70 977 0
116 977 3
127 977 3
190 977 0
194 977 1
205 977 0
231 977 0
272 977 3
277 977 4
312 977 5
369 977 4
441 977 4
449 977 0
452 977 6
470 977 2
549 977 0
558 977 5
559 977 7
605 977 3
606 977 5
609 977 0
616 977 4
626 977 0
699 977 1
720 977 9
727 977 2
744 977 9
787 977 1
826 977 10
836 977 0
854 977 1
868 977 11
869 977 11
891 977 2
898 977 12
907 977 2
909 977 14
923 977 2
935 977 0
944 977 0
968 977 0
62 978 3
100 978 3
130 978 5
151 978 0
200 978 1
211 978 4
224 978 1
245 978 0
268 978 4
284 978 0
307 978 2
309 978 6
311 978 0
433 978 5
467 978 6
470 978 0
507 978 5
513 978 6
522 978 1
549 978 0
576 978 7
609 978 5
650 978 7
655 978 1
669 978 0
706 978 1
712 978 7
728 978 0
731 978 6
738 978 1
754 978 1
771 978 2
776 978 10
803 978 1
807 978 1
821 978 11
862 978 10
922 978 2
932 978 12
938 978 14
962 978 15
970 978 2
972 978 2
72 979 3
139 979 0
219 979 2
243 979 2
308 979 3
347 979 5
405 979 0
406 979 0
414 979 0
427 979 2
441 979 0
468 979 5
470 979 4
518 979 0
522 979 3
535 979 5
536 979 5
570 979 0
580 979 5
608 979 0
639 979 0
643 979 0
651 979 3
662 979 0
685 979 7
688 979 8
706 979 5
724 979 2
740 979 0
745 979 0
772 979 5
777 979 1
780 979 1
804 979 7
808 979 7
826 979 0
842 979 1
864 979 0
891 979 8
925 979 0
926 979 0
930 979 2
941 979 9
942 979 10
945 979 0
964 979 12
0 980 4
7 980 0
31 980 3
57 980 3
67 980 4
71 980 0
102 980 5
133 980 4
210 980 1
215 980 4
217 980 0
273 980 5
382 980 0
386 980 7
435 980 5
438 980 2
444 980 7
450 980 1
479 980 6
509 980 8
544 980 7
567 980 7
581 980 7
592 980 2
664 980 8
675 980 3
724 980 11
736 980 1
739 980 9
777 980 9
786 980 2
797 980 0
799 980 1
817 980 0
838 980 10
841 980 1
864 980 0
878 980 2
894 980 3
899 980 0
906 980 0
909 980 0
930 980 14
936 980 2
955 980 16
2 981 2
25 981 0
34 981 1
77 981 4
145 981 4
203 981 4
329 981 0
365 981 1
377 981 6
423 981 4
447 981 5
463 981 0
471 981 5
473 981 0
502 981 4
571 981 0
598 981 4
611 981 6
621 981 6
633 981 5
636 981 6
665 981 4
677 981 0
685 981 0
730 981 1
731 981 2
734 981 0
737 981 2
755 981 6
800 981 7
840 981 0
876 981 6
889 981 1
893 981 1
903 981 13
916 981 0
921 981 12
934 981 2
944 981 12
955 981 0
961 981 2
967 981 1
973 981 9
974 981 0
22 982 4
35 982 4
88 982 4
93 982 4
118 982 4
129 982 0
141 982 1
148 982 4
218 982 5
220 982 5
288 982 1
323 982 6
332 982 2
379 982 6
407 982 6
471 982 0
489 982 3
495 982 6
541 982 2
552 982 0
588 982 7
618 982 8
625 982 8
638 982 1
647 982 3
652 982 1
658 982 1
676 982 8
685 982 0
686 982 10
696 982 3
698 982 0
707 982 9
721 982 0
753 982 1
787 982 12
795 982 0
803 982 12
819 982 1
829 982 12
838 982 0
874 982 15
883 982 2
896 982 3
900 982 2
924 982 18
56 983 2
162 983 0
185 983 2
241 983 4
285 983 3
322 983 0
325 983 4
333 983 0
396 983 5
447 983 0
512 983 5
517 983 5
523 983 2
563 983 4
570 983 5
575 983 0
581 983 1
595 983 1
608 983 5
615 983 0
630 983 5
678 983 7
685 983 0
691 983 5
695 983 3
711 983 2
756 983 8
768 983 1
789 983 1
792 983 6
793 983 6
802 983 6
835 983 1
854 983 11
859 983 10
863 983 1
866 983 1
873 983 2
894 983 2
917 983 1
920 983 9
923 983 2
952 983 14
958 983 0
974 983 16
977 983 2
980 983 2
38 984 2
92 984 0
98 984 2
109 984 3
120 984 1
145 984 3
164 984 1
171 984 1
269 984 0
317 984 2
348 984 5
359 984 3
362 984 0
373 984 5
377 984 6
413 984 1
471 984 4
506 984 0
525 984 0
533 984 3
598 984 5
601 984 0
621 984 5
633 984 7
636 984 8
641 984 0
645 984 5
661 984 2
755 984 3
785 984 8
800 984 6
830 984 1
859 984 0
876 984 8
886 984 2
887 984 2
909 984 1
911 984 1
921 984 10
944 984 12
947 984 1
952 984 3
953 984 4
973 984 15
978 984 0
981 984 13
39 985 1
83 985 0
118 985 0
132 985 3
142 985 1
170 985 3
217 985 0
228 985 4
253 985 3
283 985 1
295 985 0
297 985 4
338 985 4
344 985 0
382 985 5
384 985 4
388 985 5
440 985 0
442 985 2
448 985 3
463 985 0
501 985 3
524 985 0
553 985 2
561 985 0
652 985 7
659 985 5
675 985 0
704 985 6
745 985 8
750 985 1
775 985 8
779 985 6
788 985 8
806 985 1
822 985 9
838 985 2
851 985 2
887 985 8
907 985 1
916 985 7
946 985 3
948 985 0
960 985 1
973 985 2
974 985 2
116 986 3
131 986 1
152 986 1
192 986 3
214 986 4
277 986 5
287 986 2
296 986 1
306 986 5
312 986 4
369 986 5
418 986 1
421 986 6
436 986 0
441 986 6
452 986 8
474 986 1
489 986 1
491 986 5
497 986 0
524 986 0
569 986 0
605 986 7
606 986 7
616 986 6
646 986 1
672 986 2
719 986 8
720 986 7
744 986 10
810 986 0
811 986 1
817 986 12
824 986 1
826 986 10
868 986 11
874 986 2
878 986 1
886 986 1
906 986 0
909 986 14
910 986 2
919 986 0
957 986 0
958 986 15
977 986 15
81 987 2
117 987 3
125 987 4
161 987 4
166 987 1
176 987 0
182 987 3
278 987 4
288 987 0
398 987 5
400 987 3
416 987 1
455 987 4
464 987 6
470 987 1
477 987 6
510 987 3
531 987 1
555 987 1
569 987 0
584 987 5
627 987 0
644 987 0
662 987 2
676 987 0
701 987 8
718 987 8
719 987 1
725 987 7
735 987 9
759 987 0
762 987 8
764 987 0
780 987 0
790 987 9
826 987 2
827 987 8
835 987 0
875 987 1
902 987 0
912 987 0
933 987 12
946 987 0
953 987 13
14 988 3
44 988 4
58 988 0
59 988 4
61 988 5
89 988 3
162 988 4
171 988 1
195 988 1
197 988 5
201 988 0
302 988 3
303 988 5
310 988 3
322 988 3
361 988 1
411 988 1
428 988 2
451 988 0
473 988 6
487 988 8
498 988 7
520 988 0
553 988 0
556 988 2
611 988 1
630 988 0
633 988 1
692 988 7
716 988 5
733 988 10
739 988 1
740 988 10
752 988 9
768 988 9
798 988 10
846 988 1
878 988 2
883 988 0
892 988 15
897 988 2
912 988 3
929 988 16
946 988 17
950 988 1
960 988 16
984 988 2
20 989 4
34 989 5
45 989 0
107 989 5
131 989 4
233 989 0
319 989 0
340 989 4
397 989 5
438 989 0
466 989 7
488 989 7
531 989 5
559 989 1
614 989 0
634 989 0
647 989 7
649 989 0
698 989 8
702 989 10
709 989 1
746 989 1
748 989 8
770 989 9
773 989 9
789 989 7
790 989 1
793 989 0
794 989 10
810 989 1
818 989 9
832 989 10
845 989 11
856 989 9
875 989 1
889 989 3
896 989 13
898 989 2
911 989 13
929 989 2
942 989 3
944 989 1
972 989 16
975 989 1
981 989 3
988 989 1
117 990 1
127 990 4
171 990 0
192 990 4
214 990 5
277 990 5
287 990 2
306 990 6
317 990 0
356 990 1
369 990 5
445 990 0
452 990 7
470 990 2
484 990 2
491 990 6
559 990 6
589 990 5
606 990 8
607 990 0
616 990 8
719 990 8
720 990 8
741 990 0
744 990 8
787 990 2
796 990 1
817 990 10
822 990 1
826 990 12
833 990 0
851 990 1
868 990 12
869 990 14
880 990 2
887 990 2
898 990 13
900 990 4
909 990 13
914 990 0
928 990 4
945 990 1
958 990 16
960 990 2
964 990 1
977 990 17
982 990 2
986 990 19
987 990 4
17 991 3
32 991 2
93 991 0
105 991 1
125 991 3
149 991 0
161 991 3
182 991 5
242 991 0
278 991 2
339 991 6
380 991 5
398 991 3
400 991 6
477 991 5
483 991 6
497 991 0
521 991 8
568 991 6
580 991 0
584 991 8
623 991 0
625 991 1
631 991 8
647 991 1
677 991 1
716 991 2
725 991 8
787 991 1
790 991 10
811 991 4
827 991 9
853 991 2
867 991 3
887 991 1
890 991 10
895 991 3
918 991 0
921 991 1
927 991 1
933 991 12
953 991 16
956 991 14
957 991 0
958 991 1
976 991 1
987 991 13
989 991 2
18 992 2
35 992 0
49 992 3
62 992 3
98 992 1
110 992 0
130 992 5
137 992 0
166 992 0
187 992 1
213 992 5
259 992 0
279 992 4
307 992 4
309 992 4
326 992 0
372 992 1
392 992 4
413 992 1
425 992 6
447 992 0
491 992 0
507 992 5
513 992 6
576 992 6
609 992 7
626 992 0
627 992 6
645 992 0
650 992 7
712 992 8
720 992 1
731 992 8
735 992 0
759 992 0
776 992 8
802 992 1
819 992 1
821 992 11
862 992 10
868 992 2
871 992 2
886 992 1
932 992 15
938 992 14
949 992 0
962 992 16
978 992 17
146 993 0
172 993 4
187 993 5
230 993 5
243 993 0
276 993 5
296 993 5
311 993 0
314 993 5
318 993 6
351 993 5
357 993 0
385 993 6
391 993 6
409 993 6
474 993 0
504 993 2
506 993 1
517 993 0
518 993 8
519 993 7
538 993 9
542 993 8
553 993 1
574 993 0
592 993 10
603 993 9
612 993 2
628 993 8
640 993 9
665 993 0
698 993 1
714 993 10
774 993 1
781 993 12
782 993 0
783 993 0
811 993 2
815 993 13
816 993 13
843 993 14
891 993 2
894 993 0
920 993 2
936 993 3
947 993 20
964 993 2
977 993 1
987 993 0
92 994 0
104 994 3
110 994 5
112 994 1
139 994 0
153 994 3
181 994 4
182 994 0
195 994 5
266 994 0
269 994 5
278 994 1
284 994 5
299 994 5
335 994 1
349 994 0
367 994 6
395 994 6
415 994 7
432 994 0
445 994 2
511 994 6
528 994 1
550 994 7
577 994 8
586 994 7
611 994 1
645 994 1
687 994 10
695 994 2
705 994 9
713 994 0
751 994 2
765 994 10
796 994 12
805 994 3
814 994 0
853 994 0
857 994 13
863 994 15
864 994 12
872 994 12
880 994 3
888 994 1
906 994 1
909 994 1
938 994 0
940 994 16
947 994 2
1 995 2
18 995 5
83 995 1
151 995 1
206 995 4
211 995 0
222 995 2
256 995 3
311 995 3
330 995 0
362 995 1
396 995 2
413 995 1
435 995 0
449 995 5
476 995 0
566 995 6
643 995 6
679 995 8
683 995 4
706 995 0
755 995 0
763 995 6
788 995 2
793 995 0
800 995 3
813 995 8
814 995 8
820 995 7
823 995 9
837 995 5
846 995 10
860 995 8
866 995 2
870 995 1
900 995 7
907 995 2
911 995 2
913 995 12
915 995 9
930 995 3
937 995 3
944 995 2
954 995 11
958 995 2
966 995 2
971 995 11
992 995 2
14 996 0
53 996 4
54 996 0
55 996 5
64 996 3
66 996 4
112 996 4
116 996 2
119 996 5
146 996 3
152 996 3
199 996 5
207 996 5
255 996 5
274 996 5
302 996 1
341 996 0
388 996 0
493 996 1
496 996 7
522 996 1
525 996 6
558 996 2
590 996 7
602 996 1
650 996 1
658 996 8
663 996 10
681 996 9
727 996 9
736 996 11
741 996 10
753 996 0
767 996 1
769 996 9
786 996 10
808 996 1
817 996 1
831 996 0
833 996 0
837 996 2
847 996 0
876 996 0
877 996 14
881 996 13
941 996 0
943 996 1
958 996 3
972 996 1
978 996 3
18 997 4
97 997 0
191 997 1
202 997 1
206 997 4
233 997 0
239 997 2
243 997 0
315 997 0
431 997 3
439 997 3
449 997 3
530 997 0
548 997 0
562 997 4
566 997 6
569 997 4
622 997 5
679 997 8
692 997 2
743 997 2
759 997 6
778 997 6
803 997 1
813 997 7
814 997 6
820 997 9
823 997 9
837 997 7
846 997 9
849 997 2
851 997 1
860 997 10
878 997 0
893 997 3
895 997 10
900 997 11
908 997 3
913 997 13
929 997 3
945 997 1
946 997 2
951 997 1
954 997 11
955 997 1
958 997 1
960 997 4
971 997 12
995 997 18
28 998 4
51 998 4
84 998 3
85 998 1
123 998 4
179 998 4
196 998 4
200 998 0
261 998 5
281 998 1
289 998 1
290 998 5
324 998 4
355 998 7
381 998 5
394 998 6
412 998 6
414 998 7
485 998 7
507 998 2
527 998 7
565 998 1
568 998 0
570 998 3
591 998 0
604 998 1
641 998 2
666 998 1
667 998 1
684 998 1
749 998 9
771 998 10
772 998 0
784 998 1
791 998 11
796 998 0
817 998 0
835 998 11
842 998 13
852 998 14
875 998 3
879 998 1
937 998 1
938 998 1
961 998 19
966 998 18
970 998 20
974 998 5
985 998 1
989 998 1
1 999 1
7 999 2
24 999 1
48 999 2
74 999 1
99 999 0
194 999 0
206 999 5
216 999 1
222 999 2
232 999 0
311 999 3
366 999 3
376 999 1
399 999 0
407 999 0
451 999 1
465 999 3
562 999 6
569 999 5
602 999 0
622 999 3
632 999 0
638 999 3
679 999 8
683 999 3
690 999 3
717 999 1
732 999 0
759 999 6
789 999 1
806 999 4
820 999 8
846 999 4
871 999 3
886 999 1
894 999 1
895 999 12
900 999 6
901 999 0
913 999 8
915 999 10
920 999 3
925 999 1
952 999 2
970 999 0
971 999 13
991 999 1
995 999 13
997 999 13
