0 2
1 7
2 4
3 13
4 2
5 13
6 4
7 0
8 0
9 2
10 13
11 6
12 1
13 4
14 1
15 4
16 2
17 14
18 1
19 12
20 14
21 0
22 0
23 2
24 6
25 7
26 1
27 14
28 6
29 12
30 12
31 1
32 4
33 7
34 1
35 12
36 1
37 7
38 1
39 4
40 13
41 2
42 1
43 1
44 9
45 7
46 5
47 4
48 9
49 5
50 6
51 0
52 13
53 5
54 1
55 12
56 14
57 9
58 3
59 3
60 4
61 1
62 14
63 3
64 4
65 14
66 9
67 5
68 0
69 6
70 14
71 1
72 13
73 5
74 13
75 9
76 14
77 0
78 0
79 12
80 12
81 13
82 12
83 5
84 13
85 1
86 9
87 14
88 5
89 7
90 6
91 9
92 9
93 2
94 12
95 14
96 14
97 3
98 13
99 1
100 4
101 12
102 13
103 7
104 2
105 7
106 4
107 13
108 0
109 7
110 5
111 0
112 9
113 14
114 5
