0	2
1	3
2	7
3	9
4	2
5	8
6	3
7	14
8	8
9	30
10	8
11	4
12	15
13	31
14	12
15	17
16	17
17	1
18	20
19	7
20	3
21	27
22	26
23	2
24	4
25	5
26	24
27	31
28	30
29	20
30	10
31	25
32	6
33	4
34	20
35	1
36	19
37	21
38	15
39	25
40	15
41	25
42	21
43	28
44	20
45	11
46	2
47	17
48	17
49	26
50	2
51	30
52	5
53	27
54	7
55	31
56	8
57	30
58	3
59	6
60	24
61	20
62	14
63	7
64	26
65	29
66	23
67	12
68	18
69	26
70	21
71	27
72	30
73	2
74	11
75	11
76	4
77	9
78	15
79	29
80	8
81	2
82	13
83	30
84	24
85	4
86	17
87	4
88	3
89	27
90	18
91	18
92	15
93	22
94	14
95	22
96	12
97	5
98	15
99	28
100	5
101	29
102	30
103	25
104	29
105	19
106	29
107	21
108	4
109	14
110	7
111	24
112	6
113	15
114	27
115	4
116	17
117	26
118	3
119	19
120	5
121	31
122	4
123	17
124	30
125	21
126	30
127	12
128	25
129	23
130	4
131	30
132	3
133	22
134	16
135	19
136	12
137	3
138	3
139	5
140	29
141	10
142	23
143	15
144	2
145	14
146	30
147	22
148	8
149	5
150	16
151	3
152	9
153	29
154	19
155	26
156	30
157	2
158	27
159	8
160	20
161	6
162	10
163	28
164	31
165	21
166	1
167	2
168	12
169	1
170	18
171	12
172	27
173	17
174	12
175	19
176	31
177	31
178	18
179	10
180	5
181	13
182	28
183	3
184	23
185	20
186	17
187	6
188	31
189	20
190	28
191	17
192	9
193	19
194	28
195	21
196	8
197	19
198	9
199	2
200	3
201	7
202	11
203	3
204	28
205	13
206	8
207	14
208	10
209	14
210	13
211	29
212	13
213	1
214	4
215	7
216	3
217	2
218	3
219	5
220	27
221	11
222	8
223	22
224	4
225	3
226	10
227	28
228	19
229	12
230	12
231	8
232	14
233	29
234	2
235	6
236	11
237	31
238	17
239	4
240	19
241	3
242	11
243	22
244	8
245	1
246	10
247	31
248	15
249	11
250	24
251	31
252	4
253	13
254	7
255	30
256	18
257	1
258	13
259	8
260	4
261	8
262	18
263	21
264	22
265	20
266	11
267	5
268	7
269	31
270	8
271	23
272	31
273	23
274	23
275	9
276	19
277	27
278	17
279	1
280	30
281	12
282	22
283	16
284	8
285	31
286	7
287	19
288	14
289	12
290	17
291	28
292	5
293	17
294	15
295	2
296	5
297	13
298	1
299	9
300	19
301	21
302	30
303	31
304	27
305	7
306	2
307	29
308	12
309	6
310	31
311	3
312	30
313	30
314	30
315	1
316	22
317	24
318	7
319	18
320	22
321	6
322	19
323	18
324	30
325	2
326	6
327	29
328	19
329	21
330	5
331	31
332	10
333	20
334	29
335	3
336	3
337	26
338	18
339	31
340	14
341	29
342	10
343	31
344	10
345	3
346	23
347	9
348	30
349	17
350	4
351	23
352	3
353	14
354	14
355	4
356	4
357	30
358	17
359	19
360	16
361	4
362	14
363	29
364	4
365	15
366	3
367	15
368	27
369	3
370	15
371	9
372	11
373	26
374	6
375	13
376	9
377	18
378	3
379	30
380	12
381	4
382	3
383	8
384	11
385	15
386	9
387	29
388	3
389	20
390	9
391	12
392	12
393	13
394	22
395	19
396	27
397	16
398	7
399	25
400	9
401	3
402	12
403	17
404	17
405	30
406	22
407	23
408	17
409	22
410	1
411	21
412	13
413	16
414	1
415	8
416	17
417	19
418	8
419	14
420	2
421	20
422	4
423	4
424	24
425	27
426	31
427	1
428	14
429	20
430	19
431	31
432	10
433	2
434	21
435	28
436	2
437	24
438	11
439	28
440	28
441	14
442	19
443	7
444	17
445	15
446	18
447	7
448	2
449	16
450	21
451	9
452	6
453	7
454	6
455	6
456	3
457	17
458	18
459	1
460	5
461	14
462	6
463	30
464	28
465	15
466	8
467	5
468	18
469	20
470	27
471	7
472	4
473	23
474	7
475	19
476	12
477	19
478	28
479	6
480	23
481	20
482	9
483	28
484	8
485	10
486	13
487	13
488	9
489	10
490	19
491	10
492	19
493	15
494	8
495	12
496	9
497	9
498	7
499	29
500	12
501	24
502	4
503	25
504	8
505	6
506	30
507	10
508	12
509	18
510	4
511	15
512	20
513	3
514	11
515	12
516	16
517	9
518	27
519	31
520	8
521	1
522	26
523	2
524	2
525	22
526	16
527	12
528	19
529	20
530	10
531	31
532	14
533	15
534	25
535	9
536	14
537	31
538	10
539	20
540	13
541	20
542	15
543	3
544	25
545	11
546	21
547	7
548	13
549	19
550	28
551	13
552	18
553	24
554	22
555	29
556	20
557	26
558	23
559	15
560	8
561	28
562	8
563	22
564	10
565	28
566	3
567	20
568	25
569	13
570	5
571	5
572	15
573	12
574	3
575	3
576	26
577	9
578	9
579	3
580	29
581	13
582	12
583	22
584	1
585	8
586	23
587	18
588	8
589	28
590	4
591	20
592	5
593	25
594	26
595	3
596	12
597	20
598	13
599	29
600	16
601	21
602	8
603	23
604	14
605	19
606	19
607	1
608	30
609	19
610	11
611	13
612	5
613	13
614	24
615	4
616	20
617	28
618	29
619	5
620	24
621	19
622	11
623	1
624	4
625	29
626	29
627	5
628	20
629	4
630	19
631	15
632	4
633	31
634	16
635	9
636	16
637	23
638	9
639	14
640	6
641	23
642	22
643	12
644	18
645	20
646	22
647	9
648	8
649	26
650	5
651	11
652	1
653	20
654	4
655	16
656	24
657	1
658	28
659	9
660	15
661	2
662	16
663	7
664	9
665	19
666	30
667	25
668	15
669	22
670	3
671	27
672	4
673	14
674	9
675	23
676	3
677	9
678	19
679	28
680	5
681	6
682	11
683	31
684	15
685	21
686	28
687	24
688	2
689	8
690	27
691	1
692	31
693	8
694	27
695	8
696	18
697	12
698	29
699	9
700	3
701	18
702	6
703	13
704	2
705	4
706	7
707	2
708	6
709	10
710	20
711	13
712	15
713	6
714	31
715	31
716	6
717	12
718	23
719	12
720	27
721	6
722	9
723	8
724	14
725	28
726	28
727	28
728	3
729	5
730	25
731	5
732	25
733	30
734	17
735	31
736	21
737	19
738	1
739	10
740	8
741	30
742	27
743	20
744	30
745	23
746	3
747	8
748	26
749	1
750	15
751	7
752	28
753	30
754	14
755	28
756	7
757	30
758	26
759	22
760	8
761	15
762	9
763	31
764	9
765	5
766	16
767	8
768	5
769	31
770	29
771	21
772	31
773	4
774	22
775	30
776	28
777	14
778	8
779	5
780	3
781	17
782	9
783	8
784	20
785	30
786	13
787	5
788	14
789	7
790	12
791	4
792	21
793	4
794	14
795	8
796	30
797	6
798	24
799	28
800	2
801	22
802	21
803	1
804	5
805	1
806	18
807	20
808	6
809	22
810	2
811	27
812	3
813	30
814	16
815	19
816	4
817	15
818	24
819	14
820	27
821	21
822	25
823	28
824	24
825	2
826	25
827	5
828	13
829	26
830	25
831	5
832	5
833	17
834	19
835	29
836	24
837	30
838	6
839	5
840	19
841	28
842	27
843	4
844	18
845	4
846	4
847	4
848	8
849	9
850	28
851	4
852	15
853	17
854	14
855	7
856	25
857	19
858	11
859	17
860	11
861	19
862	15
863	26
864	3
865	21
866	19
867	15
868	3
869	10
870	3
871	27
872	11
873	28
874	25
875	11
876	26
877	18
878	29
879	30
880	27
881	17
882	18
883	30
884	28
885	22
886	16
887	30
888	1
889	20
890	6
891	17
892	15
893	16
894	9
895	23
896	23
897	26
898	16
899	12
900	21
901	12
902	3
903	19
904	14
905	8
906	8
907	12
908	17
909	23
910	5
911	17
912	16
913	21
914	14
915	14
916	9
917	20
918	12
919	7
920	17
921	31
922	7
923	24
924	10
925	8
926	26
927	15
928	9
929	14
930	12
931	31
932	1
933	28
934	18
935	19
936	28
937	5
938	7
939	5
940	5
941	19
942	9
943	19
944	25
945	17
946	11
947	31
948	17
949	13
950	26
951	13
952	19
953	31
954	21
955	30
956	19
957	27
958	11
959	28
960	18
961	2
962	12
963	5
964	31
965	8
966	2
967	1
968	6
969	1
970	18
971	8
972	14
973	20
974	5
975	19
976	3
977	26
978	5
979	3
980	24
981	8
982	7
983	25
984	17
985	8
986	2
987	20
988	31
989	8
990	12
991	30
992	28
993	28
994	3
995	15
996	11
997	17
998	18
999	24
