8 28 0
23 30 0
18 32 0
30 37 0
38 41 0
32 44 1
9 54 0
5 57 0
3 60 0
50 60 1
24 62 0
13 63 0
11 64 0
1 65 0
46 65 0
53 70 0
12 72 0
12 74 0
12 81 0
45 82 0
16 83 0
14 85 0
75 86 0
26 88 0
4 91 0
34 97 0
39 97 0
48 101 0
68 102 0
15 105 0
4 109 0
97 109 0
13 110 0
56 111 0
104 114 0
72 116 0
83 116 0
18 119 0
62 121 0
82 123 0
79 124 0
77 128 0
123 128 0
32 129 0
63 130 1
71 130 0
49 133 0
125 134 0
104 135 0
7 136 0
107 136 2
117 137 1
95 138 0
51 140 0
57 144 0
58 146 0
102 146 0
136 148 0
94 152 1
146 154 0
10 155 0
78 155 0
46 157 0
93 158 0
126 161 0
131 163 0
163 165 0
164 165 1
119 166 0
141 166 0
96 167 0
0 168 1
159 168 0
6 169 0
77 170 0
151 174 1
135 175 0
173 176 0
112 177 0
176 179 0
103 180 0
75 182 0
177 182 0
112 184 0
119 185 0
151 185 0
58 187 0
99 188 0
45 190 0
54 191 0
55 191 0
102 191 0
120 191 0
27 192 0
169 192 0
42 194 0
79 194 1
136 194 1
43 195 0
149 199 0
0 200 0
178 200 0
192 201 1
198 203 0
37 204 0
28 205 0
85 205 0
22 207 0
67 211 0
74 213 0
103 213 1
66 214 1
99 214 0
142 215 1
109 216 0
62 218 0
204 218 0
130 219 0
188 219 1
197 219 0
218 221 0
39 222 0
88 222 0
140 223 0
200 223 1
77 225 0
10 228 0
197 228 0
204 228 0
161 230 0
67 231 0
221 231 0
75 232 0
220 233 0
2 234 1
187 234 0
65 235 2
105 235 0
37 236 0
158 236 0
169 236 0
203 237 0
38 238 0
183 238 0
26 239 0
131 240 0
51 241 0
240 241 0
228 242 0
41 244 0
59 244 0
40 245 0
56 245 0
1 247 0
2 247 0
91 247 0
96 247 0
241 247 0
113 248 1
143 249 0
94 251 0
115 251 0
149 251 0
43 252 0
181 252 0
139 253 0
142 253 0
19 254 0
114 254 0
117 255 0
50 257 0
233 257 0
23 258 0
42 258 1
62 259 0
118 260 0
203 260 0
234 260 0
169 261 0
18 262 0
109 262 0
113 262 0
176 263 0
257 263 0
66 264 0
142 264 0
108 265 0
229 265 0
168 267 0
127 268 0
74 269 0
36 270 0
84 270 0
120 270 0
164 270 0
186 270 0
256 271 0
63 272 0
122 272 0
185 272 0
233 272 0
265 272 1
33 273 0
168 273 1
256 273 0
153 276 0
204 276 0
251 276 0
124 277 0
18 278 0
206 278 1
225 278 0
42 279 0
98 279 0
1 280 0
98 280 0
189 280 0
201 280 0
19 281 0
110 281 0
133 281 0
148 282 0
244 282 0
58 283 0
123 283 0
204 283 0
94 284 0
111 285 0
160 285 0
13 286 0
84 286 0
209 286 0
162 287 0
188 287 0
47 288 0
177 288 0
173 289 0
257 289 0
2 290 0
6 290 1
54 291 0
165 291 0
224 293 0
121 294 0
89 295 1
19 296 0
293 296 0
114 298 2
205 299 0
24 300 0
234 300 0
261 300 0
21 301 0
36 301 0
77 301 0
236 302 0
224 303 1
241 304 0
79 305 1
186 305 0
194 305 1
208 305 0
12 306 0
87 306 0
223 306 0
144 307 1
26 308 0
39 308 0
175 308 0
5 309 1
307 309 1
245 310 0
90 311 0
114 311 0
179 311 0
57 312 0
223 312 0
70 313 0
151 313 0
246 314 0
8 315 0
69 315 0
2 316 1
216 316 0
234 316 1
150 317 1
246 317 0
202 318 0
275 318 1
88 319 0
258 321 2
305 321 1
116 322 0
192 322 0
42 323 0
84 323 0
115 324 0
159 324 0
161 324 0
215 324 0
240 324 0
247 324 0
248 324 0
146 325 0
206 325 0
229 325 0
264 325 0
90 326 0
222 326 0
24 327 0
29 327 0
237 327 0
240 327 0
243 327 0
280 329 0
179 330 0
182 330 0
199 330 0
320 330 0
8 331 0
30 331 0
319 331 0
330 332 1
15 333 0
59 333 0
104 333 0
205 333 0
163 334 0
313 334 0
87 335 0
53 336 0
168 336 1
154 337 0
193 338 0
225 339 1
168 340 0
276 340 0
291 340 0
48 341 0
226 341 0
233 341 0
283 341 0
209 342 1
213 342 0
293 342 0
320 342 0
120 343 0
158 343 0
174 343 0
240 343 0
35 344 0
186 344 0
288 344 0
22 345 0
213 345 0
316 346 0
96 347 0
228 347 0
235 347 0
73 348 0
80 349 1
321 349 0
346 349 0
4 350 0
93 350 0
136 350 0
240 350 0
267 350 0
292 350 0
42 351 0
56 351 1
127 352 0
66 353 1
67 353 0
99 353 0
113 354 0
62 356 1
180 356 0
307 356 0
190 357 0
241 357 0
352 357 0
76 358 0
151 358 0
228 359 0
277 359 0
48 361 0
152 361 0
166 361 0
323 361 0
158 362 0
211 362 0
358 362 0
321 363 0
127 364 0
104 366 0
154 366 0
107 367 0
222 367 0
35 368 0
171 368 0
182 368 0
203 368 0
271 368 1
301 368 0
355 368 0
217 369 0
120 370 0
171 370 0
195 370 0
250 370 0
306 370 0
58 371 0
361 371 0
64 372 0
206 372 1
362 372 0
277 373 0
367 373 0
22 374 0
104 374 1
109 374 0
116 374 0
32 375 0
35 375 0
52 375 1
91 376 0
121 376 0
210 376 0
244 376 0
335 376 0
5 377 0
227 377 0
366 377 0
105 378 0
127 378 0
138 379 0
198 379 0
14 380 0
87 380 1
173 380 0
239 380 0
322 380 0
379 380 0
125 381 0
323 381 1
336 381 0
348 381 0
376 381 0
161 382 0
212 382 1
132 383 0
172 383 0
333 383 0
9 384 0
115 384 0
286 384 0
332 384 0
156 385 0
207 385 0
228 385 0
237 385 0
82 386 0
115 386 0
181 386 0
183 386 0
208 387 0
249 387 0
315 387 0
110 388 0
179 388 0
263 388 0
273 388 0
368 388 0
379 388 0
93 389 0
317 389 0
338 389 0
364 389 0
355 390 1
366 390 0
374 390 0
124 391 0
134 391 0
228 391 0
355 391 0
207 392 0
212 392 0
236 392 0
219 393 1
226 393 0
142 394 0
187 394 0
367 394 0
42 395 0
212 395 0
341 395 0
46 396 0
245 396 0
277 396 0
291 396 0
1 397 0
63 397 0
146 397 0
160 397 0
217 397 0
330 397 0
383 397 0
155 398 0
344 398 0
391 398 1
77 399 0
107 399 0
315 399 0
68 400 0
98 400 0
335 400 0
389 400 0
10 401 0
98 401 0
166 401 0
272 401 0
373 401 0
36 402 0
42 402 0
132 402 2
217 402 0
236 402 1
266 402 0
328 402 0
293 403 1
297 403 0
316 403 0
93 404 0
237 404 0
289 404 0
355 404 0
365 404 0
138 405 0
213 405 1
224 405 0
252 405 0
344 405 0
45 406 0
147 406 1
216 406 1
46 407 0
314 407 0
21 408 0
159 408 0
173 408 0
321 408 0
391 408 0
268 409 1
385 409 0
399 409 0
232 410 0
396 411 0
215 412 0
221 412 1
264 412 0
275 412 0
401 412 0
14 413 1
35 413 0
84 413 0
289 413 0
240 414 0
221 415 2
338 415 0
412 415 1
182 416 0
238 416 0
371 416 1
394 416 0
101 417 0
246 417 0
416 417 0
80 418 0
81 418 1
327 418 0
377 418 0
408 418 0
89 419 0
134 419 1
238 419 0
331 419 0
354 419 0
404 419 0
59 420 0
85 420 0
174 420 0
209 420 0
177 421 0
199 421 0
277 421 0
291 421 1
334 421 0
16 422 0
107 422 0
241 422 0
44 423 0
352 423 0
397 423 0
115 424 0
249 424 1
355 424 0
73 425 1
329 425 0
377 425 0
23 426 0
119 426 0
256 426 0
277 426 0
385 426 0
425 426 0
255 427 0
274 427 0
80 428 0
82 428 0
127 428 0
307 428 0
51 429 0
65 429 0
150 429 0
229 429 0
9 430 1
41 430 1
168 430 0
318 430 0
355 430 1
390 430 1
125 431 0
157 431 0
169 431 0
285 431 0
300 431 0
317 431 0
355 431 0
84 432 0
126 432 0
275 432 0
322 432 0
343 432 0
101 433 0
174 433 0
259 433 0
2 434 1
20 434 1
58 434 0
80 434 0
250 434 0
303 434 1
401 434 1
221 435 0
302 435 0
385 435 0
432 435 0
27 436 0
311 436 0
413 436 0
171 437 0
180 437 0
338 437 1
375 437 0
44 438 0
165 438 0
334 438 0
358 438 0
426 438 0
152 439 0
400 439 0
20 440 0
61 440 1
143 440 0
293 440 0
435 440 0
208 441 0
92 442 0
176 442 0
196 442 0
278 442 0
299 442 0
7 443 0
169 443 0
330 443 0
334 443 0
394 443 1
77 444 1
150 444 0
238 444 0
257 444 0
31 445 0
126 445 0
202 445 1
317 445 0
37 446 0
170 446 0
226 446 1
404 446 0
155 447 0
317 447 0
95 448 0
104 448 0
139 448 0
7 449 0
13 449 0
34 449 0
53 449 0
56 449 0
68 449 0
259 449 0
318 449 0
447 449 0
8 450 0
36 450 0
95 450 0
107 450 0
198 450 1
358 450 0
364 450 0
41 451 1
309 451 0
353 451 0
430 451 1
300 452 0
371 452 1
417 452 1
309 453 0
342 453 0
119 454 0
179 454 0
265 454 0
283 454 1
46 455 0
162 455 0
166 455 0
322 455 0
121 456 0
153 456 0
369 456 0
372 456 0
275 457 0
421 457 0
106 458 0
131 458 0
189 458 0
300 458 0
308 458 0
386 458 0
433 458 0
96 459 0
436 459 0
158 460 0
270 460 0
277 460 0
287 460 0
350 460 0
437 460 1
113 461 1
165 461 0
197 461 0
261 461 0
320 461 1
416 461 0
0 462 0
197 462 0
305 462 0
394 462 0
120 463 0
321 463 0
393 463 0
398 463 0
420 463 0
449 463 0
160 464 0
208 464 0
242 464 0
424 464 0
62 465 0
75 465 0
139 465 0
257 465 0
291 465 0
358 465 0
254 466 1
350 466 0
389 466 0
116 467 0
145 467 0
10 468 0
223 468 0
278 468 0
294 468 0
399 468 0
53 469 0
129 469 0
153 469 1
162 469 0
237 469 0
281 469 0
425 469 0
133 470 0
189 470 0
374 470 0
453 470 1
1 471 0
288 471 0
371 471 2
416 471 1
460 471 0
23 472 0
155 472 0
167 472 1
173 472 1
262 472 0
313 472 0
331 472 0
429 472 1
148 473 0
202 473 1
446 473 0
16 474 1
142 474 1
215 474 1
283 474 0
390 474 0
469 474 0
190 475 0
211 475 0
293 475 0
308 475 0
29 476 0
49 476 0
61 476 0
11 477 0
43 477 1
164 477 0
300 477 0
377 477 0
45 478 0
54 478 0
117 478 0
205 478 0
233 478 1
261 478 0
325 478 0
421 478 0
441 478 0
6 479 0
213 479 1
405 479 1
159 480 0
263 480 0
343 480 0
4 481 0
224 481 0
279 481 0
354 481 1
379 481 0
122 482 0
218 482 1
312 482 0
40 483 0
144 483 0
205 483 0
242 483 0
463 483 0
175 484 0
196 484 0
255 484 0
312 484 1
403 484 1
451 484 1
18 485 0
42 485 0
251 485 1
46 486 0
118 486 1
193 486 0
223 486 0
237 487 0
287 487 0
418 487 0
474 487 0
64 488 0
384 488 0
411 488 0
414 488 0
430 488 0
94 489 0
131 489 0
468 489 0
90 490 0
215 490 1
250 490 1
420 490 0
59 491 0
100 491 0
127 491 0
162 491 0
177 491 0
281 491 0
313 491 0
326 491 0
374 491 0
297 492 0
336 492 0
417 492 0
21 493 0
61 493 0
142 493 0
233 493 0
277 493 0
484 493 0
33 494 0
55 494 0
277 494 0
288 494 0
302 494 1
364 494 0
440 494 1
446 494 0
447 494 0
244 495 1
296 495 0
335 495 0
6 496 0
256 496 0
486 496 1
41 497 0
118 497 0
148 497 0
206 497 0
256 497 0
484 497 0
495 497 0
26 498 0
47 498 0
152 498 0
215 498 1
233 498 0
449 498 0
490 498 1
145 499 1
343 499 0
392 499 0
422 499 0
127 500 0
211 500 0
230 500 0
346 500 1
411 500 0
432 500 0
217 501 2
264 501 0
400 501 0
410 501 0
112 502 0
141 502 0
335 502 0
458 502 0
461 502 0
477 502 0
72 503 0
174 503 0
235 503 0
266 503 0
289 503 0
377 503 0
22 504 0
201 504 0
225 504 0
256 504 0
428 504 1
432 504 0
490 504 0
107 505 0
272 505 0
284 505 0
370 505 0
425 505 0
171 506 0
235 506 0
466 506 0
68 507 0
81 507 0
206 507 0
231 507 2
277 507 0
320 507 0
436 507 0
500 507 0
244 508 0
265 508 0
290 508 0
294 508 0
303 508 0
327 508 0
467 508 1
84 509 0
179 509 0
258 509 0
342 509 0
386 509 0
29 510 0
267 510 0
389 511 0
392 511 2
456 511 0
482 511 1
488 511 0
59 512 0
65 512 0
210 512 0
328 512 0
330 512 0
444 512 0
483 512 2
388 513 0
471 513 0
194 514 0
222 514 0
334 514 1
337 514 0
347 514 0
376 514 0
489 514 1
2 515 0
185 515 1
223 515 0
231 515 0
333 515 0
460 515 0
502 515 0
122 516 0
124 516 0
220 516 1
231 516 0
250 516 0
259 516 0
260 516 0
357 516 0
444 516 0
59 517 0
138 517 0
143 517 0
178 517 0
323 517 1
417 517 0
486 517 0
71 518 0
156 518 0
391 518 1
393 518 0
43 519 0
123 519 0
196 519 0
301 519 0
329 519 0
388 519 0
9 520 1
33 520 1
115 520 0
326 520 0
442 520 0
496 520 0
513 520 1
126 521 0
286 521 0
303 521 1
407 521 0
425 521 0
169 522 0
213 522 0
289 522 0
354 522 1
370 522 0
456 522 0
233 523 0
292 523 1
297 523 0
362 523 0
447 523 0
488 523 0
495 523 0
112 524 0
445 524 1
322 525 0
505 525 0
94 526 0
148 526 0
164 526 0
201 526 0
248 526 0
316 526 0
359 526 0
404 526 0
40 527 0
186 527 0
194 527 0
214 527 0
319 527 0
501 527 0
47 528 1
285 528 0
479 528 1
492 528 2
510 528 1
16 529 0
70 529 0
106 529 0
317 529 1
416 529 0
446 529 0
126 530 1
133 530 0
173 530 0
192 530 0
208 530 0
386 530 0
409 530 1
444 530 1
96 531 0
109 531 0
159 531 0
256 531 0
308 531 0
311 531 0
327 531 0
393 531 1
401 531 1
108 532 0
157 532 0
200 532 0
274 532 0
386 532 0
400 532 0
406 532 0
465 532 0
30 533 0
36 533 0
312 533 0
334 533 1
480 533 0
481 533 0
517 533 0
518 533 0
26 534 0
131 534 0
170 534 0
274 534 0
303 534 0
351 534 0
23 535 0
117 535 0
209 535 0
365 535 0
396 535 0
403 535 0
485 535 0
97 536 0
247 536 0
440 536 2
494 536 1
11 537 0
119 537 0
358 537 1
456 537 1
41 538 0
54 538 0
178 538 0
219 538 0
268 538 0
285 538 0
302 538 0
304 538 1
438 538 0
479 538 1
104 539 0
159 539 0
303 539 0
46 540 0
199 540 1
252 540 0
285 540 0
335 540 1
383 540 0
506 540 0
367 541 0
377 541 1
464 541 1
530 541 1
310 542 1
421 542 1
465 542 0
124 543 0
130 543 0
286 543 1
297 543 0
304 543 0
348 543 0
472 543 0
1 544 0
255 544 1
413 544 0
483 544 0
30 545 0
82 545 0
108 545 0
165 545 0
195 545 0
278 545 0
471 545 0
483 545 1
512 545 1
145 546 0
166 546 0
282 546 0
321 546 0
351 546 0
381 546 0
29 547 0
127 547 0
231 547 0
25 548 0
320 548 0
351 548 0
362 548 0
480 548 0
538 548 0
79 549 0
106 549 0
116 549 0
130 549 1
273 549 1
308 549 0
465 549 0
491 549 0
71 550 0
92 550 0
179 550 0
268 550 1
346 550 0
439 550 0
515 550 0
536 550 0
548 550 0
66 551 0
291 551 0
302 551 0
388 551 0
487 551 0
493 551 1
499 551 0
510 551 1
524 551 0
134 552 0
333 552 0
356 552 1
123 553 0
229 553 0
246 553 0
257 553 0
363 553 0
377 553 0
436 553 0
113 554 0
206 554 1
278 554 1
399 554 0
487 554 0
489 554 0
107 555 1
261 555 0
316 555 1
471 555 0
529 555 0
124 556 0
185 556 0
352 556 0
364 556 0
34 557 0
431 557 2
551 557 1
159 558 1
196 558 0
276 558 0
297 558 0
334 558 0
349 558 0
422 558 0
473 558 0
39 559 0
40 559 0
108 559 0
219 559 0
226 559 0
383 559 0
486 559 0
495 559 0
142 560 0
184 560 0
194 560 0
220 560 0
241 560 0
378 560 0
482 560 1
539 560 0
555 560 0
60 561 1
137 561 0
140 561 0
262 561 1
274 561 0
319 561 0
397 561 0
421 561 0
483 561 0
510 561 0
519 561 0
265 562 0
269 562 0
474 562 0
506 562 0
555 562 0
102 563 1
304 563 0
310 563 0
382 563 1
506 563 0
560 563 0
20 564 0
85 564 0
242 564 0
341 564 0
466 564 0
15 565 0
149 565 1
348 565 0
376 565 1
432 565 1
446 565 0
511 565 0
544 565 0
108 566 0
346 566 0
390 566 0
260 567 0
267 567 0
281 567 0
337 567 1
386 567 2
452 567 3
485 567 0
269 568 0
318 568 0
321 568 0
367 568 0
369 568 1
419 568 0
503 568 0
548 568 1
564 568 0
9 569 1
50 569 1
60 569 1
147 569 0
193 569 0
269 569 2
431 569 1
511 569 0
47 570 0
189 570 0
240 570 0
347 570 0
416 570 0
487 570 0
225 571 0
286 571 0
383 571 0
400 571 0
518 571 1
526 571 0
555 571 1
61 572 0
289 572 0
415 572 1
498 572 0
520 572 0
524 572 1
24 573 1
91 573 0
196 573 0
210 573 0
242 573 0
321 573 0
481 573 0
545 573 0
17 574 1
115 574 0
116 574 0
183 574 0
212 574 0
460 574 0
512 574 0
156 575 0
191 575 1
314 575 0
414 575 1
436 575 0
464 575 0
506 575 0
558 575 1
574 575 0
26 576 0
45 576 0
197 576 0
271 576 0
299 576 0
302 576 0
360 576 0
487 576 0
35 577 0
237 577 0
319 577 1
438 577 0
457 577 0
132 578 1
184 578 0
313 578 0
402 578 1
492 578 0
500 578 2
549 578 0
20 579 0
113 579 0
249 579 0
399 579 1
433 579 1
550 579 0
568 579 0
81 580 0
254 580 0
282 580 0
284 580 0
376 580 0
409 580 0
429 580 0
460 580 0
482 580 0
516 580 0
548 580 0
562 580 0
32 581 2
145 581 0
387 581 0
470 581 0
558 581 0
19 582 0
77 582 0
112 582 0
133 582 1
156 582 0
390 582 1
394 582 0
459 582 1
466 582 1
527 582 1
6 583 1
214 583 0
215 583 0
290 583 1
422 583 0
525 583 1
554 583 1
577 583 0
124 584 0
207 584 0
242 584 0
281 584 0
388 584 0
407 584 0
427 584 0
446 584 1
540 584 0
29 585 0
73 585 0
189 585 0
284 585 0
311 585 0
440 585 0
491 585 1
577 585 0
52 586 0
121 586 0
253 586 1
295 586 0
52 587 0
123 587 1
155 587 0
235 587 0
270 587 0
444 587 0
495 587 0
508 587 2
242 588 1
451 588 0
533 588 0
578 588 0
31 589 1
36 589 0
82 589 0
224 589 0
229 589 0
237 589 0
289 589 0
308 589 0
361 589 0
424 589 0
511 589 0
566 589 0
567 589 1
83 590 0
196 590 0
207 590 0
255 590 0
384 590 0
407 590 0
473 590 0
510 590 1
570 590 0
260 591 0
271 591 1
301 591 1
345 591 0
396 591 0
437 591 0
470 591 0
50 592 0
77 592 0
163 592 0
311 592 0
325 592 0
428 592 0
443 592 0
520 592 0
541 592 0
579 592 0
47 593 0
91 593 0
113 593 0
124 593 0
212 593 0
235 593 0
403 593 0
478 593 0
480 593 0
488 593 0
552 593 0
25 594 0
27 594 0
83 594 0
156 594 1
258 594 0
269 594 0
459 594 0
559 594 0
139 595 0
195 595 0
416 595 2
480 595 0
514 595 0
592 595 1
46 596 0
217 596 0
429 596 0
570 596 0
25 597 0
30 597 0
149 597 1
152 597 0
376 597 1
387 597 1
521 597 1
529 597 0
565 597 2
55 598 0
125 598 0
260 598 0
384 598 0
432 598 0
543 598 0
575 598 2
99 599 0
167 599 0
399 599 0
442 599 1
541 599 0
548 599 0
584 599 1
1 600 0
48 600 0
149 600 1
201 600 1
275 600 0
326 600 0
486 600 0
542 600 0
24 601 0
391 601 0
448 601 0
455 601 0
489 601 0
502 601 1
566 601 1
5 602 1
74 602 0
105 602 0
414 602 1
597 602 0
211 603 2
356 603 0
444 603 0
456 603 0
466 603 0
563 603 0
184 604 0
370 604 0
462 604 1
493 604 0
562 604 1
579 604 0
87 605 0
101 605 0
104 605 0
155 605 0
193 605 0
341 605 0
540 605 0
7 606 0
214 606 0
279 606 0
288 606 0
346 606 1
500 606 1
523 606 0
145 607 0
170 607 0
252 607 0
286 607 0
315 607 0
329 607 1
439 607 0
464 607 0
489 607 1
80 608 0
236 608 0
271 608 1
328 608 0
406 608 0
458 608 1
591 608 2
117 609 2
137 609 1
414 609 1
448 609 0
537 609 1
577 609 0
78 610 0
135 610 1
171 610 0
184 610 0
259 610 1
293 610 0
421 610 1
499 610 0
526 610 0
542 610 2
186 611 0
207 611 0
417 611 1
610 611 1
8 612 0
37 612 0
59 612 0
103 612 0
158 612 0
287 612 1
427 612 0
566 612 1
64 613 1
175 613 0
207 613 0
343 613 0
349 613 0
413 613 0
457 613 2
50 614 0
119 614 0
178 614 0
203 614 0
361 614 0
468 614 0
499 614 0
532 614 1
134 615 0
149 615 1
153 615 0
349 615 0
389 615 0
506 615 0
557 615 0
566 615 0
577 615 0
605 615 0
610 615 0
24 616 0
348 616 0
467 616 1
499 616 0
517 616 0
528 616 2
608 616 0
9 617 0
78 617 0
334 617 0
400 617 0
453 617 1
470 617 2
547 617 2
607 617 0
332 618 0
348 618 0
359 618 1
481 618 0
568 618 1
87 619 1
318 619 0
359 619 0
395 619 0
445 619 0
509 619 0
537 619 0
547 619 0
67 620 0
72 620 0
81 620 0
139 620 0
143 620 0
336 620 0
355 620 0
409 620 0
476 620 1
166 621 1
204 621 0
267 621 0
404 621 0
544 621 0
552 621 1
586 621 0
608 621 0
619 621 0
50 622 0
162 622 0
234 622 0
311 622 0
352 622 0
398 622 0
489 622 1
496 622 1
583 622 0
73 623 0
76 623 0
477 623 0
505 623 1
579 623 0
607 623 2
56 624 1
227 624 0
233 624 0
275 624 0
557 624 1
589 624 1
119 625 0
222 625 0
382 625 2
432 625 0
479 625 1
516 625 1
6 626 0
38 626 0
219 626 1
297 626 0
365 626 0
408 626 0
425 626 1
613 626 0
173 627 0
393 627 1
493 627 0
529 627 0
546 627 0
50 628 1
57 628 1
69 628 0
83 628 0
242 628 0
314 628 0
336 628 2
454 628 0
494 628 0
141 629 0
186 629 0
233 629 0
328 629 0
365 629 0
428 629 1
447 629 0
475 629 0
91 630 0
150 630 1
292 630 1
358 630 0
374 630 0
406 630 0
455 630 0
523 630 1
585 630 0
73 631 0
161 631 0
222 631 0
385 631 0
463 631 0
511 631 0
519 631 0
534 631 0
89 632 0
176 632 0
203 632 0
379 632 1
499 632 0
539 632 0
71 633 0
86 633 0
163 633 0
177 633 0
268 633 1
409 633 3
549 633 0
586 633 0
109 634 0
226 634 2
446 634 2
545 634 0
582 634 0
584 634 1
615 634 0
94 635 0
289 635 0
290 635 0
332 635 0
455 635 0
458 635 0
481 635 0
567 635 0
587 635 0
592 635 0
627 635 1
34 636 1
239 636 0
268 636 0
324 636 0
503 636 0
36 637 0
139 637 0
446 637 0
546 637 1
636 637 1
44 638 0
143 638 0
187 638 0
253 638 1
274 638 0
308 638 0
310 638 0
443 638 0
515 638 0
612 638 0
263 639 1
322 639 0
385 639 0
403 639 0
491 639 0
507 639 0
508 639 0
541 639 0
622 639 1
623 639 1
39 640 0
41 640 0
187 640 0
325 640 2
369 640 0
433 640 1
523 640 1
12 641 0
220 641 0
254 641 0
454 641 0
499 641 1
624 641 0
630 641 0
116 642 0
175 642 0
177 642 0
210 642 0
263 642 1
294 642 0
354 642 0
361 642 0
450 642 0
520 642 0
591 642 0
638 642 1
639 642 1
55 643 0
111 643 0
130 643 1
416 643 0
433 643 0
452 643 0
549 643 2
581 643 1
204 644 0
266 644 1
322 644 0
373 644 1
601 644 1
607 644 0
120 645 0
295 645 0
379 645 0
411 645 0
536 645 0
603 645 1
610 645 0
616 645 0
3 646 0
18 646 0
83 646 0
187 646 0
343 646 0
444 646 0
461 646 0
34 647 1
92 647 0
162 647 0
195 647 0
249 647 1
346 647 0
367 647 0
464 647 1
513 647 0
613 647 1
75 648 0
229 648 0
292 648 1
360 648 0
531 648 2
581 648 0
27 649 0
118 649 0
135 649 0
146 649 0
219 649 0
251 649 0
429 649 0
448 649 0
480 649 0
530 649 0
572 649 1
623 649 0
630 649 0
260 650 1
297 650 0
299 650 0
350 650 0
412 650 0
430 650 1
433 650 1
489 650 0
504 650 0
100 651 0
482 651 1
518 651 0
554 651 0
648 651 0
1 652 0
103 652 0
223 652 0
248 652 0
540 652 0
569 652 0
618 652 1
620 652 0
623 652 1
64 653 1
149 653 0
163 653 0
215 653 0
263 653 0
282 653 0
340 653 0
529 653 0
602 653 1
618 653 0
0 654 0
106 654 0
197 654 0
328 654 0
382 654 1
468 654 0
498 654 0
567 654 2
617 654 0
641 654 0
230 655 0
412 655 0
413 655 0
460 655 0
493 655 0
507 655 1
527 655 0
641 655 0
99 656 0
100 656 0
174 656 0
189 656 1
279 656 0
330 656 0
358 656 0
548 656 0
564 656 0
13 657 0
164 657 2
231 657 0
247 657 0
469 657 0
495 657 0
543 657 0
584 657 0
239 658 1
433 658 0
448 658 0
453 658 0
523 658 0
542 658 1
550 658 0
574 658 0
632 658 0
92 659 0
133 659 0
159 659 0
309 659 0
358 659 0
392 659 0
396 659 0
405 659 2
496 659 1
622 659 1
122 660 2
230 660 1
257 660 0
419 660 0
425 660 0
439 660 0
611 660 1
627 660 1
220 661 0
261 661 0
369 661 0
378 661 1
469 661 0
535 661 0
603 661 0
613 661 1
644 661 0
647 661 1
126 662 0
195 662 0
207 662 0
251 662 0
382 662 0
413 662 0
439 662 0
518 662 0
586 662 0
658 662 0
81 663 0
112 663 0
243 663 0
279 663 0
338 663 0
343 663 0
459 663 0
535 663 0
615 663 0
659 663 0
208 664 0
367 664 0
415 664 0
481 664 0
502 664 0
521 664 0
566 664 2
612 664 1
662 664 0
663 664 0
13 665 0
55 665 0
59 665 0
115 665 0
167 665 0
206 665 0
327 665 0
342 665 0
352 665 1
407 665 0
477 665 0
525 665 0
70 666 0
175 666 0
210 666 0
239 666 1
494 666 1
604 666 3
611 666 0
648 666 1
99 667 1
142 667 0
174 667 0
220 667 0
380 667 0
393 667 0
459 667 0
478 667 0
539 667 0
546 667 0
99 668 0
181 668 0
279 668 1
314 668 2
425 668 0
441 668 0
607 668 1
609 668 1
634 668 1
30 669 1
143 669 0
196 669 1
268 669 0
330 669 0
464 669 0
467 669 1
658 669 0
120 670 1
122 670 0
181 670 1
182 670 0
213 670 0
295 670 1
459 670 0
601 670 0
625 670 1
656 670 0
111 671 0
163 671 1
232 671 1
298 671 0
394 671 0
465 671 0
595 671 0
616 671 1
309 672 0
339 672 1
353 672 0
521 672 1
539 672 0
559 672 0
597 672 1
599 672 1
648 672 0
663 672 0
8 673 0
71 673 0
182 673 0
398 673 0
418 673 0
476 673 0
500 673 0
521 673 0
570 673 0
609 673 0
646 673 0
648 673 2
666 673 2
331 674 0
368 674 0
427 674 0
428 674 0
434 674 1
474 674 0
476 674 0
484 674 0
546 674 0
588 674 1
39 675 0
123 675 0
356 675 0
372 675 0
398 675 0
443 675 0
459 675 0
525 675 2
535 675 1
561 675 0
606 675 0
28 676 1
62 676 0
129 676 0
229 676 0
280 676 0
305 676 0
423 676 0
596 676 0
602 676 1
611 676 1
619 676 0
65 677 1
109 677 0
235 677 1
329 677 0
418 677 0
537 677 0
538 677 0
554 677 0
572 677 0
616 677 0
636 677 0
45 678 0
146 678 0
254 678 1
266 678 0
268 678 0
310 678 0
339 678 0
407 678 0
415 678 0
466 678 1
492 678 1
528 678 1
535 678 0
540 678 1
55 679 0
184 679 0
281 679 0
328 679 0
398 679 1
483 679 1
581 679 0
35 680 1
112 680 0
480 680 0
539 680 0
568 680 0
570 680 1
611 680 0
634 680 0
17 681 1
54 681 0
83 681 0
91 681 0
148 681 1
245 681 0
394 681 0
439 681 0
445 681 0
511 681 0
553 681 0
574 681 1
632 681 0
652 681 0
201 682 0
360 682 0
384 682 0
434 682 0
435 682 1
470 682 2
482 682 0
582 682 1
647 682 0
676 682 1
3 683 0
15 683 0
17 683 0
86 683 0
362 683 1
382 683 0
389 683 1
397 683 1
478 683 0
514 683 2
645 683 2
115 684 0
175 684 1
344 684 0
375 684 0
462 684 2
566 684 1
591 684 0
27 685 0
271 685 0
296 685 0
391 685 0
422 685 0
447 685 0
471 685 0
502 685 0
528 685 0
617 685 0
673 685 0
135 686 0
185 686 1
238 686 1
355 686 0
396 686 0
455 686 1
515 686 1
521 686 2
578 686 0
599 686 0
615 686 1
33 687 0
69 687 0
331 687 0
390 687 1
437 687 1
500 687 1
578 687 2
651 687 2
185 688 0
226 688 0
441 688 0
579 688 0
580 688 0
646 688 0
659 688 0
680 688 0
21 689 0
29 689 0
61 689 0
132 689 2
191 689 0
360 689 0
402 689 1
403 689 0
411 689 0
482 689 0
515 689 0
527 689 0
626 689 0
649 689 0
660 689 0
44 690 0
90 690 0
100 690 0
128 690 0
255 690 0
304 690 0
396 690 0
483 690 0
486 690 0
492 690 1
508 690 2
550 690 0
553 690 1
47 691 0
86 691 0
240 691 1
264 691 0
426 691 0
476 691 1
564 691 0
597 691 0
605 691 0
651 691 0
682 691 0
78 692 0
150 692 1
257 692 0
274 692 0
369 692 1
385 692 0
395 692 0
462 692 0
583 692 1
588 692 1
665 692 0
671 692 0
74 693 0
82 693 0
90 693 0
151 693 0
212 693 0
220 693 1
370 693 0
404 693 0
452 693 0
501 693 2
614 693 1
101 694 0
151 694 0
294 694 0
326 694 0
343 694 0
371 694 0
373 694 1
410 694 0
422 694 0
555 694 0
682 694 0
36 695 0
42 695 0
103 695 0
125 695 0
184 695 0
216 695 0
309 695 1
475 695 0
496 695 0
673 695 0
693 695 0
6 696 0
45 696 0
92 696 0
311 696 0
379 696 0
429 696 0
446 696 0
453 696 0
601 696 1
605 696 1
0 697 0
67 697 0
176 697 0
208 697 0
393 697 0
552 697 1
563 697 1
651 697 0
655 697 0
658 697 0
665 697 0
172 698 0
267 698 0
288 698 1
306 698 1
363 698 0
468 698 0
586 698 2
595 698 1
601 698 1
696 698 2
54 699 0
79 699 0
162 699 0
285 699 0
331 699 0
361 699 0
517 699 0
675 699 1
12 700 0
68 700 1
212 700 0
271 700 0
379 700 0
384 700 0
410 700 0
537 700 0
573 700 0
20 701 0
118 701 0
236 701 0
294 701 0
329 701 0
344 701 1
350 701 0
409 701 0
419 701 0
474 701 0
658 701 0
681 701 0
685 701 0
692 701 0
17 702 0
48 702 0
69 702 0
170 702 1
225 702 0
466 702 0
499 702 0
503 702 0
510 702 0
532 702 1
585 702 0
612 702 0
4 703 0
60 703 0
144 703 1
147 703 0
238 703 0
307 703 1
318 703 0
349 703 0
608 703 0
629 703 0
640 703 1
684 703 0
689 703 0
695 703 1
29 704 1
78 704 0
129 704 1
139 704 0
191 704 0
320 704 3
461 704 1
594 704 0
678 704 1
11 705 0
125 705 0
189 705 1
212 705 0
231 705 0
303 705 0
411 705 0
415 705 0
461 705 0
587 705 1
588 705 1
680 705 0
22 706 1
92 706 0
239 706 0
271 706 0
324 706 0
337 706 0
429 706 1
436 706 0
472 706 1
511 706 1
574 706 0
629 706 0
701 706 1
79 707 0
169 707 0
189 707 0
199 707 0
251 707 1
274 707 1
318 707 0
323 707 0
407 707 0
485 707 2
495 707 0
514 707 0
628 707 1
647 707 0
4 708 0
171 708 1
184 708 0
220 708 2
516 708 1
544 708 0
608 708 0
657 708 1
698 708 0
28 709 1
149 709 0
222 709 0
283 709 0
325 709 0
329 709 1
440 709 0
447 709 0
534 709 0
605 709 0
78 710 0
141 710 1
167 710 1
248 710 0
363 710 0
462 710 0
472 710 1
569 710 2
598 710 0
618 710 1
636 710 0
695 710 1
703 710 2
152 711 0
176 711 0
244 711 0
319 711 0
397 711 1
414 711 0
422 711 0
522 711 0
635 711 0
683 711 1
67 712 0
74 712 0
183 712 0
224 712 1
248 712 1
309 712 0
414 712 1
477 712 0
551 712 0
570 712 0
609 712 1
58 713 0
121 713 2
200 713 0
279 713 0
292 713 0
351 713 0
444 713 0
577 713 1
658 713 0
10 714 1
73 714 1
83 714 0
170 714 1
290 714 0
291 714 0
424 714 0
425 714 2
606 714 0
637 714 0
648 714 0
702 714 1
0 715 2
148 715 0
168 715 2
272 715 0
273 715 1
370 715 1
437 715 3
460 715 1
499 715 0
511 715 1
552 715 0
603 715 0
636 715 0
687 715 1
245 716 0
285 716 0
321 716 0
367 716 0
467 716 0
503 716 0
525 716 2
586 716 0
675 716 1
692 716 1
89 717 0
126 717 0
243 717 1
252 717 0
342 717 0
390 717 1
398 717 0
457 717 2
513 717 0
645 717 0
685 717 0
19 718 0
85 718 0
204 718 0
406 718 0
443 718 0
544 718 1
557 718 0
558 718 0
626 718 0
654 718 0
657 718 0
660 718 1
661 718 1
33 719 1
157 719 0
205 719 0
236 719 0
411 719 0
430 719 0
458 719 0
508 719 1
520 719 1
619 719 0
631 719 1
641 719 0
663 719 0
680 719 1
685 719 2
45 720 1
90 720 1
158 720 0
251 720 0
433 720 0
447 720 1
475 720 0
501 720 0
637 720 0
3 721 0
52 721 0
86 721 0
203 721 0
283 721 0
296 721 0
387 721 0
414 721 0
490 721 0
513 721 1
527 721 1
582 721 1
688 721 0
105 722 0
156 722 1
299 722 0
302 722 0
540 722 0
585 722 1
588 722 1
594 722 1
608 722 0
614 722 0
627 722 0
634 722 0
695 722 0
720 722 0
14 723 0
72 723 0
93 723 0
287 723 0
319 723 0
372 723 2
405 723 1
467 723 0
575 723 1
598 723 1
657 723 0
659 723 2
680 723 0
106 724 0
187 724 0
195 724 0
287 724 0
364 724 0
377 724 0
515 724 1
566 724 1
583 724 1
659 724 1
660 724 0
664 724 1
698 724 0
104 725 1
243 725 1
313 725 0
374 725 1
378 725 0
545 725 0
566 725 0
626 725 1
688 725 1
717 725 2
34 726 0
51 726 0
155 726 0
243 726 0
295 726 0
410 726 0
478 726 0
489 726 1
514 726 1
566 726 0
620 726 0
621 726 0
626 726 0
655 726 1
162 727 0
164 727 1
255 727 0
279 727 0
300 727 1
375 727 0
384 727 0
438 727 0
501 727 0
570 727 0
616 727 2
704 727 1
2 728 1
57 728 1
231 728 1
306 728 0
340 728 0
412 728 1
434 728 1
482 728 2
507 728 2
548 728 0
560 728 1
565 728 0
664 728 0
671 728 0
704 728 0
139 729 0
141 729 0
204 729 0
347 729 0
372 729 1
424 729 0
505 729 0
574 729 0
653 729 1
659 729 0
680 729 1
5 730 0
58 730 0
81 730 0
209 730 0
314 730 1
468 730 1
487 730 1
504 730 0
505 730 1
522 730 1
552 730 1
634 730 1
690 730 0
54 731 0
144 731 0
201 731 0
335 731 0
403 731 0
413 731 0
421 731 0
441 731 1
473 731 0
598 731 0
619 731 0
631 731 0
671 731 0
51 732 0
71 732 0
100 732 0
207 732 0
239 732 0
272 732 0
326 732 0
460 732 0
476 732 0
511 732 0
532 732 0
595 732 1
597 732 1
650 732 0
665 732 0
699 732 1
113 733 1
144 733 0
248 733 1
488 733 0
553 733 0
591 733 0
592 733 1
687 733 1
161 734 0
259 734 0
288 734 0
310 734 0
333 734 0
360 734 0
387 734 1
422 734 0
427 734 0
509 734 0
597 734 2
627 734 0
658 734 0
661 734 0
100 735 0
139 735 0
260 735 0
284 735 0
351 735 1
356 735 0
366 735 1
378 735 0
524 735 0
641 735 0
676 735 1
685 735 0
77 736 0
220 736 0
503 736 0
522 736 0
591 736 0
602 736 0
680 736 0
58 737 0
88 737 0
183 737 1
198 737 0
202 737 0
286 737 1
347 737 0
394 737 0
456 737 0
523 737 0
643 737 1
679 737 0
691 737 0
717 737 0
733 737 0
33 738 0
39 738 1
112 738 0
148 738 1
270 738 0
312 738 0
339 738 0
453 738 0
576 738 0
607 738 0
649 738 0
654 738 2
681 738 1
711 738 1
733 738 1
59 739 0
81 739 1
140 739 0
250 739 0
282 739 0
328 739 1
418 739 1
440 739 1
441 739 0
463 739 1
536 739 1
568 739 0
571 739 0
639 739 0
697 739 0
725 739 0
143 740 0
179 740 0
181 740 1
228 740 0
256 740 0
258 740 0
269 740 0
298 740 1
335 740 0
341 740 0
450 740 0
650 740 2
667 740 0
718 740 0
726 740 0
23 741 0
25 741 0
36 741 0
154 741 0
180 741 1
311 741 0
435 741 0
523 741 0
545 741 0
549 741 0
733 741 1
148 742 0
186 742 0
275 742 1
506 742 1
566 742 0
651 742 0
704 742 1
73 743 0
97 743 0
183 743 0
230 743 0
253 743 2
264 743 0
267 743 0
456 743 0
458 743 0
459 743 0
495 743 0
586 743 1
611 743 1
697 743 2
717 743 0
80 744 0
156 744 0
180 744 0
259 744 1
290 744 0
326 744 1
553 744 0
581 744 0
595 744 0
620 744 0
625 744 1
628 744 2
636 744 0
651 744 0
736 744 1
11 745 0
31 745 1
157 745 0
271 745 0
341 745 0
346 745 0
420 745 0
430 745 0
479 745 0
485 745 0
506 745 0
570 745 2
578 745 0
621 745 0
680 745 1
720 745 0
37 746 0
182 746 0
191 746 0
229 746 0
408 746 0
411 746 1
493 746 0
517 746 1
527 746 0
569 746 1
694 746 1
741 746 1
38 747 2
192 747 1
201 747 1
260 747 0
316 747 0
490 747 1
525 747 2
582 747 0
583 747 2
597 747 0
603 747 0
720 747 0
105 748 0
153 748 0
197 748 0
327 748 0
341 748 0
351 748 0
352 748 0
501 748 0
590 748 0
677 748 1
716 748 0
738 748 1
75 749 1
221 749 0
345 749 1
353 749 1
371 749 0
378 749 0
423 749 0
466 749 0
525 749 0
581 749 0
590 749 0
611 749 0
636 749 0
653 749 0
705 749 0
712 749 2
721 749 0
339 750 1
401 750 1
434 750 2
464 750 1
615 750 0
616 750 1
621 750 1
671 750 1
684 750 1
688 750 0
708 750 0
148 751 0
199 751 0
336 751 0
339 751 0
363 751 1
437 751 1
463 751 1
501 751 0
539 751 1
569 751 1
653 751 0
692 751 1
739 751 1
746 751 4
31 752 0
47 752 1
69 752 0
98 752 0
110 752 0
304 752 0
357 752 1
381 752 0
411 752 0
520 752 0
528 752 1
610 752 1
630 752 0
750 752 1
153 753 0
265 753 1
272 753 1
274 753 0
342 753 1
368 753 0
437 753 1
596 753 1
622 753 1
639 753 2
737 753 1
751 753 1
6 754 0
38 754 1
263 754 0
315 754 0
400 754 0
451 754 1
498 754 0
675 754 1
693 754 0
707 754 0
745 754 0
747 754 2
122 755 1
338 755 1
408 755 0
493 755 0
566 755 0
569 755 1
622 755 0
650 755 1
660 755 1
679 755 2
685 755 1
719 755 2
739 755 0
25 756 0
93 756 0
135 756 0
312 756 1
379 756 0
457 756 3
612 756 0
613 756 1
717 756 2
740 756 0
742 756 0
754 756 1
51 757 0
134 757 0
180 757 1
336 757 0
353 757 1
401 757 0
436 757 0
542 757 1
547 757 0
595 757 1
596 757 0
650 757 2
665 757 0
670 757 1
701 757 0
731 757 0
740 757 1
52 758 0
111 758 0
283 758 1
349 758 1
381 758 1
407 758 0
487 758 0
552 758 0
567 758 0
571 758 2
596 758 0
57 759 0
113 759 0
126 759 0
180 759 0
205 759 1
229 759 0
319 759 0
345 759 1
457 759 0
482 759 0
498 759 0
526 759 0
627 759 1
638 759 0
659 759 0
667 759 0
750 759 0
28 760 0
137 760 1
155 760 0
315 760 0
348 760 0
383 760 1
417 760 0
453 760 0
564 760 1
595 760 0
654 760 1
663 760 0
665 760 0
725 760 1
76 761 1
132 761 0
146 761 0
214 761 0
248 761 0
314 761 0
322 761 0
345 761 0
378 761 1
388 761 2
416 761 1
595 761 2
655 761 2
709 761 0
726 761 1
732 761 1
3 762 1
19 762 0
39 762 0
45 762 0
69 762 0
221 762 0
302 762 1
411 762 1
625 762 1
684 762 0
709 762 1
742 762 1
53 763 0
268 763 0
337 763 0
362 763 0
492 763 0
497 763 0
527 763 1
556 763 0
632 763 0
703 763 0
714 763 0
742 763 1
745 763 1
215 764 0
310 764 0
493 764 1
518 764 0
519 764 0
551 764 1
593 764 0
681 764 0
685 764 0
713 764 3
730 764 0
752 764 1
759 764 0
88 765 0
97 765 0
129 765 1
171 765 0
182 765 0
192 765 0
196 765 1
239 765 0
277 765 0
296 765 0
456 765 0
643 765 0
669 765 1
678 765 2
690 765 0
691 765 0
696 765 0
704 765 2
718 765 0
744 765 1
11 766 0
56 766 1
141 766 0
145 766 1
282 766 0
375 766 0
442 766 1
457 766 0
493 766 0
499 766 2
603 766 1
615 766 0
625 766 0
641 766 1
666 766 0
683 766 1
129 767 0
247 767 0
262 767 1
379 767 1
470 767 1
656 767 0
662 767 0
694 767 0
719 767 1
735 767 0
125 768 0
231 768 0
286 768 0
314 768 0
349 768 1
361 768 0
428 768 0
556 768 0
563 768 1
577 768 0
596 768 1
632 768 0
702 768 0
726 768 0
14 769 1
167 769 0
398 769 0
413 769 1
427 769 3
437 769 0
546 769 0
646 769 0
664 769 1
693 769 1
704 769 1
713 769 0
743 769 0
763 769 0
20 770 0
70 770 0
96 770 0
285 770 0
323 770 0
331 770 0
332 770 0
395 770 1
495 770 0
513 770 2
608 770 0
670 770 0
711 770 2
721 770 3
735 770 0
110 771 1
126 771 0
196 771 0
222 771 1
263 771 1
382 771 1
385 771 1
496 771 0
526 771 1
563 771 1
576 771 0
671 771 1
702 771 1
756 771 1
764 771 2
5 772 1
145 772 0
193 772 0
296 772 0
310 772 0
322 772 0
358 772 0
405 772 0
420 772 0
618 772 2
643 772 0
676 772 0
679 772 0
684 772 1
708 772 1
740 772 1
763 772 0
767 772 0
70 773 0
117 773 2
133 773 1
154 773 1
209 773 0
284 773 0
331 773 0
426 773 2
450 773 0
477 773 0
489 773 0
536 773 0
537 773 2
609 773 2
662 773 1
738 773 0
10 774 0
43 774 2
106 774 0
138 774 0
235 774 0
261 774 0
279 774 1
280 774 0
395 774 1
403 774 0
436 774 0
439 774 0
449 774 0
477 774 1
488 774 1
634 774 2
668 774 2
687 774 0
711 774 1
766 774 0
770 774 2
772 774 0
0 775 0
25 775 0
261 775 2
307 775 1
433 775 0
442 775 0
617 775 1
667 775 1
699 775 1
701 775 0
712 775 2
749 775 3
76 776 0
240 776 1
251 776 0
281 776 0
338 776 0
349 776 0
601 776 0
609 776 0
684 776 0
691 776 1
700 776 0
711 776 1
763 776 1
766 776 0
17 777 1
63 777 0
144 777 0
224 777 0
389 777 0
402 777 0
537 777 0
585 777 0
622 777 0
635 777 0
660 777 0
735 777 1
736 777 1
12 778 0
76 778 0
83 778 0
89 778 0
202 778 0
344 778 0
463 778 0
527 778 0
605 778 2
629 778 0
638 778 1
664 778 0
711 778 1
758 778 0
764 778 0
767 778 0
199 779 1
275 779 0
327 779 1
343 779 0
377 779 0
419 779 0
426 779 0
431 779 0
461 779 0
573 779 0
632 779 1
729 779 1
731 779 0
741 779 2
750 779 0
190 780 1
200 780 0
394 780 1
423 780 0
429 780 0
451 780 0
471 780 0
477 780 0
554 780 0
557 780 0
564 780 0
573 780 1
579 780 0
595 780 0
605 780 0
716 780 0
722 780 1
742 780 1
762 780 2
41 781 0
96 781 0
129 781 0
138 781 0
466 781 0
467 781 1
492 781 0
523 781 0
552 781 0
553 781 0
590 781 1
641 781 0
669 781 1
756 781 1
5 782 2
23 782 0
211 782 0
219 782 0
337 782 0
339 782 1
465 782 0
477 782 0
509 782 1
666 782 0
669 782 0
700 782 1
729 782 2
762 782 0
772 782 1
779 782 1
100 783 0
111 783 0
180 783 0
183 783 2
320 783 0
344 783 0
352 783 0
428 783 0
557 783 1
572 783 0
604 783 1
623 783 0
628 783 0
637 783 0
638 783 0
737 783 1
781 783 0
74 784 0
132 784 0
151 784 0
217 784 1
224 784 0
247 784 0
262 784 0
305 784 1
431 784 1
493 784 0
496 784 1
538 784 0
544 784 0
671 784 1
679 784 1
702 784 0
739 784 0
742 784 0
298 785 0
319 785 2
344 785 0
360 785 0
371 785 0
384 785 0
437 785 0
451 785 0
507 785 1
514 785 0
517 785 0
518 785 1
534 785 1
549 785 0
556 785 0
577 785 2
607 785 1
623 785 1
655 785 1
676 785 0
714 785 1
197 786 0
229 786 0
287 786 1
297 786 0
320 786 0
350 786 0
374 786 0
383 786 0
415 786 0
420 786 0
441 786 0
467 786 0
541 786 1
542 786 0
596 786 1
597 786 1
734 786 2
735 786 0
780 786 0
89 787 0
165 787 0
208 787 0
330 787 2
332 787 2
347 787 0
509 787 0
515 787 0
540 787 0
555 787 0
556 787 0
628 787 1
642 787 0
744 787 1
754 787 2
57 788 0
90 788 0
118 788 0
137 788 0
226 788 0
298 788 0
299 788 1
387 788 0
445 788 2
452 788 0
524 788 1
557 788 1
588 788 0
617 788 0
624 788 1
639 788 1
655 788 0
745 788 1
750 788 0
763 788 1
48 789 0
96 789 0
233 789 1
343 789 0
345 789 0
384 789 0
410 789 0
426 789 0
446 789 0
478 789 2
527 789 0
549 789 0
560 789 1
645 789 0
672 789 1
680 789 0
703 789 0
772 789 1
787 789 0
58 790 0
78 790 0
242 790 0
249 790 0
290 790 0
361 790 0
403 790 0
427 790 2
438 790 1
455 790 1
474 790 1
481 790 0
542 790 2
658 790 1
691 790 0
712 790 0
728 790 0
769 790 2
779 790 0
780 790 0
108 791 0
129 791 0
216 791 0
436 791 0
453 791 0
631 791 1
694 791 0
709 791 1
718 791 0
762 791 3
770 791 1
775 791 0
114 792 3
132 792 1
212 792 1
224 792 1
263 792 0
284 792 0
296 792 0
382 792 2
534 792 1
625 792 2
658 792 0
689 792 1
707 792 1
712 792 1
748 792 0
762 792 3
764 792 1
791 792 1
50 793 0
284 793 1
348 793 0
365 793 1
439 793 1
506 793 0
578 793 0
602 793 2
653 793 3
710 793 2
714 793 0
11 794 2
15 794 0
19 794 0
136 794 1
147 794 0
161 794 0
172 794 1
193 794 0
194 794 1
374 794 0
587 794 0
658 794 0
13 795 1
32 795 1
79 795 0
90 795 0
156 795 0
239 795 0
298 795 0
329 795 1
331 795 0
581 795 2
670 795 0
737 795 0
755 795 0
761 795 0
16 796 1
39 796 1
98 796 0
105 796 0
106 796 0
117 796 0
170 796 0
237 796 0
305 796 0
313 796 0
369 796 0
386 796 0
447 796 0
474 796 1
503 796 0
606 796 1
684 796 0
729 796 1
754 796 0
33 797 1
110 797 1
112 797 0
140 797 2
144 797 0
162 797 0
274 797 0
408 797 0
423 797 1
527 797 2
541 797 1
612 797 0
690 797 0
698 797 1
709 797 1
735 797 1
750 797 0
763 797 1
18 798 0
23 798 0
114 798 1
147 798 1
259 798 1
313 798 1
475 798 2
545 798 0
551 798 0
580 798 0
600 798 0
603 798 1
700 798 1
710 798 1
766 798 2
792 798 1
3 799 0
40 799 0
218 799 0
228 799 0
254 799 0
276 799 0
307 799 0
325 799 0
337 799 0
371 799 0
453 799 0
457 799 1
465 799 0
513 799 1
525 799 0
547 799 0
620 799 0
631 799 0
698 799 0
699 799 2
86 800 1
143 800 0
160 800 0
169 800 0
195 800 0
393 800 0
469 800 0
493 800 0
528 800 1
529 800 0
641 800 0
675 800 3
722 800 0
736 800 0
754 800 2
767 800 2
3 801 1
85 801 0
110 801 2
141 801 0
270 801 0
292 801 0
369 801 1
461 801 1
512 801 0
536 801 0
567 801 0
606 801 0
668 801 1
671 801 3
709 801 0
771 801 2
786 801 1
36 802 0
49 802 0
98 802 0
221 802 1
346 802 0
404 802 0
415 802 2
448 802 0
478 802 1
556 802 1
561 802 0
572 802 1
577 802 0
594 802 0
655 802 1
765 802 1
789 802 1
791 802 1
44 803 1
99 803 0
132 803 0
244 803 0
266 803 0
281 803 0
284 803 0
338 803 0
344 803 1
478 803 0
492 803 0
524 803 1
536 803 0
554 803 1
650 803 0
701 803 1
734 803 0
738 803 0
753 803 0
774 803 0
24 804 0
37 804 1
163 804 1
193 804 1
209 804 0
259 804 1
269 804 0
282 804 1
298 804 1
367 804 0
423 804 0
526 804 1
555 804 1
640 804 0
642 804 1
666 804 0
684 804 0
119 805 0
181 805 1
205 805 1
423 805 0
466 805 0
480 805 0
486 805 1
489 805 0
496 805 1
536 805 0
560 805 0
609 805 0
646 805 0
714 805 0
732 805 0
735 805 0
740 805 1
741 805 0
742 805 1
753 805 1
759 805 1
768 805 0
7 806 0
89 806 0
268 806 0
278 806 0
401 806 0
410 806 0
444 806 1
448 806 0
502 806 0
543 806 0
557 806 0
574 806 0
613 806 0
639 806 1
677 806 0
705 806 1
59 807 0
198 807 1
226 807 0
241 807 0
310 807 1
317 807 0
475 807 0
524 807 2
628 807 0
655 807 0
677 807 0
760 807 1
782 807 1
253 808 0
255 808 1
357 808 1
366 808 0
439 808 0
459 808 0
492 808 0
573 808 1
581 808 2
619 808 0
620 808 1
753 808 0
760 808 1
769 808 0
61 809 0
103 809 0
149 809 0
198 809 0
294 809 0
309 809 0
313 809 0
315 809 0
391 809 1
395 809 0
398 809 1
427 809 0
454 809 1
546 809 1
562 809 1
604 809 2
666 809 1
671 809 1
720 809 0
765 809 0
53 810 0
127 810 0
203 810 0
234 810 1
266 810 0
302 810 0
355 810 0
432 810 1
462 810 0
473 810 0
565 810 1
566 810 0
587 810 0
646 810 0
658 810 0
680 810 0
698 810 1
727 810 0
730 810 0
775 810 1
781 810 0
801 810 1
38 811 0
52 811 1
105 811 0
120 811 0
227 811 1
261 811 0
366 811 0
375 811 1
402 811 0
415 811 2
514 811 1
515 811 1
557 811 0
644 811 0
710 811 0
713 811 3
724 811 1
782 811 0
790 811 0
799 811 1
809 811 0
60 812 1
128 812 0
193 812 0
223 812 0
360 812 0
383 812 0
561 812 2
570 812 0
592 812 1
639 812 0
659 812 0
669 812 0
671 812 3
677 812 0
694 812 0
725 812 0
737 812 1
763 812 0
784 812 1
801 812 2
82 813 1
118 813 0
136 813 0
285 813 0
437 813 0
531 813 0
556 813 0
603 813 1
621 813 1
645 813 2
655 813 1
668 813 1
704 813 1
722 813 1
734 813 0
767 813 0
804 813 2
17 814 1
20 814 0
34 814 0
79 814 0
131 814 0
232 814 0
401 814 0
435 814 0
439 814 1
452 814 0
524 814 1
536 814 0
565 814 0
572 814 1
576 814 1
614 814 1
676 814 0
764 814 0
793 814 1
92 815 0
164 815 1
213 815 0
311 815 0
389 815 0
423 815 0
425 815 0
457 815 1
473 815 2
482 815 2
575 815 0
602 815 0
633 815 1
636 815 1
637 815 2
651 815 1
657 815 2
734 815 1
781 815 0
795 815 0
808 815 1
22 816 1
123 816 0
125 816 0
167 816 0
172 816 0
229 816 0
249 816 0
278 816 0
382 816 0
441 816 0
485 816 0
517 816 0
582 816 0
623 816 0
624 816 0
656 816 0
685 816 0
706 816 2
725 816 0
748 816 0
776 816 0
47 817 0
52 817 0
88 817 0
167 817 0
230 817 0
239 817 0
316 817 1
360 817 0
409 817 0
445 817 0
509 817 0
512 817 0
535 817 0
555 817 1
565 817 0
623 817 1
634 817 0
662 817 0
667 817 1
724 817 2
760 817 0
763 817 0
94 818 0
198 818 1
245 818 0
297 818 0
298 818 1
339 818 1
348 818 0
498 818 0
502 818 0
506 818 0
581 818 0
622 818 0
669 818 0
752 818 1
763 818 1
780 818 0
807 818 1
4 819 0
11 819 1
66 819 1
214 819 2
246 819 1
256 819 0
345 819 0
354 819 1
406 819 1
409 819 0
562 819 0
601 819 1
632 819 0
646 819 0
676 819 0
709 819 1
744 819 1
767 819 0
797 819 1
806 819 0
8 820 0
182 820 0
197 820 0
392 820 0
395 820 2
406 820 2
424 820 0
594 820 0
595 820 0
623 820 0
648 820 1
674 820 0
681 820 0
699 820 0
759 820 1
771 820 0
779 820 1
796 820 0
812 820 0
819 820 1
25 821 1
118 821 0
220 821 0
272 821 0
356 821 1
428 821 0
440 821 1
485 821 0
552 821 2
554 821 2
583 821 2
598 821 0
692 821 2
729 821 3
750 821 0
782 821 2
796 821 1
803 821 1
69 822 0
79 822 0
102 822 0
114 822 1
147 822 2
178 822 0
249 822 0
283 822 1
390 822 1
406 822 2
450 822 0
454 822 2
515 822 0
602 822 0
610 822 0
619 822 1
654 822 1
661 822 0
697 822 1
716 822 0
733 822 2
738 822 2
91 823 0
172 823 3
191 823 1
308 823 0
362 823 1
391 823 2
433 823 0
487 823 0
518 823 1
575 823 1
633 823 0
678 823 0
696 823 1
725 823 0
732 823 0
777 823 4
794 823 3
806 823 1
181 824 1
294 824 1
303 824 1
332 824 1
333 824 1
339 824 1
347 824 1
405 824 2
429 824 0
434 824 3
464 824 1
482 824 0
513 824 0
564 824 0
736 824 1
750 824 4
755 824 0
784 824 0
791 824 1
43 825 0
93 825 0
95 825 0
127 825 0
201 825 1
254 825 0
256 825 0
319 825 1
382 825 0
418 825 0
510 825 1
600 825 1
621 825 1
626 825 2
714 825 1
725 825 1
750 825 1
785 825 3
794 825 0
802 825 0
41 826 0
63 826 1
93 826 0
130 826 2
250 826 1
314 826 0
361 826 0
417 826 0
562 826 2
601 826 0
613 826 0
651 826 0
664 826 0
729 826 2
752 826 0
759 826 0
772 826 1
789 826 1
821 826 1
822 826 0
78 827 0
86 827 0
117 827 0
121 827 1
124 827 0
139 827 0
211 827 1
363 827 0
382 827 0
469 827 0
552 827 1
603 827 1
643 827 0
652 827 0
696 827 1
711 827 0
730 827 1
809 827 0
0 828 0
40 828 0
95 828 0
154 828 0
189 828 1
270 828 0
298 828 1
365 828 2
372 828 0
377 828 1
519 828 0
541 828 2
571 828 0
656 828 3
740 828 1
750 828 0
760 828 0
786 828 1
796 828 0
803 828 0
810 828 0
31 829 1
153 829 1
252 829 0
253 829 0
406 829 0
411 829 1
483 829 0
496 829 1
530 829 1
533 829 2
536 829 0
546 829 0
576 829 1
625 829 0
643 829 0
648 829 0
665 829 1
669 829 0
703 829 0
736 829 0
784 829 1
795 829 0
799 829 2
811 829 1
181 830 1
236 830 0
261 830 0
263 830 1
295 830 1
457 830 1
470 830 3
564 830 0
627 830 3
634 830 0
658 830 1
670 830 2
706 830 0
767 830 1
771 830 1
784 830 0
20 831 0
95 831 0
163 831 0
179 831 0
301 831 1
308 831 0
364 831 0
373 831 1
481 831 0
547 831 1
570 831 2
577 831 1
640 831 0
694 831 3
732 831 0
745 831 1
746 831 2
751 831 1
752 831 1
758 831 3
101 832 0
124 832 0
206 832 1
341 832 0
354 832 0
372 832 2
374 832 0
418 832 0
451 832 1
490 832 1
553 832 1
644 832 0
645 832 1
662 832 1
690 832 1
747 832 3
754 832 4
760 832 1
800 832 2
807 832 2
830 832 0
64 833 0
72 833 1
120 833 1
137 833 0
151 833 0
161 833 0
188 833 0
220 833 0
245 833 0
319 833 0
329 833 0
422 833 0
436 833 1
455 833 1
457 833 0
467 833 0
481 833 0
485 833 0
642 833 0
670 833 1
682 833 0
712 833 1
714 833 0
749 833 1
800 833 0
131 834 1
137 834 0
243 834 0
281 834 0
300 834 0
363 834 0
442 834 1
454 834 0
546 834 0
551 834 1
563 834 2
618 834 0
647 834 0
672 834 0
686 834 1
697 834 1
781 834 2
787 834 0
796 834 1
816 834 0
86 835 1
134 835 0
372 835 1
423 835 1
531 835 0
544 835 0
560 835 0
571 835 0
624 835 1
670 835 0
705 835 0
712 835 0
714 835 0
733 835 1
742 835 0
787 835 2
800 835 1
809 835 0
810 835 0
822 835 3
37 836 2
60 836 0
95 836 0
111 836 0
158 836 0
162 836 0
307 836 0
366 836 0
375 836 3
502 836 0
525 836 1
571 836 1
576 836 0
596 836 0
629 836 0
646 836 0
654 836 1
700 836 1
707 836 0
709 836 0
764 836 0
798 836 1
800 836 0
804 836 1
125 837 0
179 837 0
200 837 0
241 837 1
427 837 0
470 837 0
477 837 0
490 837 0
554 837 0
616 837 0
650 837 0
679 837 1
716 837 2
742 837 3
743 837 0
786 837 0
827 837 0
43 838 0
51 838 0
126 838 1
138 838 0
153 838 1
326 838 0
370 838 0
409 838 2
415 838 1
439 838 0
450 838 0
470 838 0
483 838 1
509 838 0
512 838 2
530 838 3
555 838 0
570 838 0
583 838 0
633 838 1
752 838 1
798 838 0
25 839 0
100 839 0
238 839 1
300 839 0
306 839 0
317 839 0
378 839 1
392 839 1
409 839 0
506 839 0
570 839 1
578 839 1
619 839 0
625 839 0
661 839 2
687 839 1
773 839 0
800 839 0
174 840 0
183 840 0
289 840 0
394 840 0
476 840 0
554 840 0
568 840 1
580 840 0
593 840 1
597 840 0
605 840 1
611 840 0
655 840 0
663 840 0
669 840 0
723 840 0
733 840 0
736 840 0
756 840 0
778 840 3
806 840 0
809 840 1
817 840 0
140 841 1
222 841 1
359 841 0
423 841 1
431 841 2
535 841 0
557 841 2
585 841 1
626 841 0
646 841 0
653 841 0
682 841 0
754 841 0
771 841 1
773 841 0
783 841 1
784 841 1
797 841 3
814 841 1
119 842 0
138 842 0
181 842 0
279 842 0
304 842 1
359 842 1
385 842 0
402 842 0
538 842 2
550 842 1
568 842 2
583 842 0
618 842 4
651 842 1
652 842 2
688 842 2
723 842 1
772 842 2
778 842 0
814 842 0
84 843 0
132 843 0
218 843 0
225 843 1
236 843 0
339 843 1
388 843 0
390 843 0
410 843 0
426 843 0
497 843 0
499 843 0
637 843 0
638 843 0
656 843 0
713 843 0
740 843 0
746 843 0
796 843 0
15 844 0
64 844 1
291 844 1
347 844 0
421 844 1
574 844 0
588 844 2
639 844 1
664 844 0
669 844 1
743 844 0
751 844 2
791 844 0
793 844 2
816 844 0
832 844 1
52 845 0
150 845 0
223 845 0
241 845 1
345 845 0
383 845 1
438 845 1
466 845 0
528 845 0
556 845 0
647 845 1
648 845 1
741 845 1
744 845 2
765 845 1
769 845 1
777 845 0
783 845 1
794 845 5
837 845 1
63 846 0
210 846 0
305 846 0
334 846 0
339 846 3
346 846 0
365 846 0
442 846 1
450 846 0
547 846 0
584 846 1
599 846 3
602 846 0
605 846 0
616 846 2
623 846 1
672 846 3
695 846 1
727 846 1
758 846 1
782 846 2
818 846 2
821 846 1
5 847 1
97 847 0
166 847 0
214 847 0
221 847 0
255 847 0
308 847 0
329 847 1
342 847 1
400 847 0
424 847 0
438 847 1
522 847 1
559 847 0
631 847 0
691 847 1
723 847 1
744 847 1
753 847 1
764 847 0
769 847 2
795 847 2
816 847 0
845 847 3
28 848 0
31 848 2
118 848 1
169 848 1
334 848 1
411 848 3
507 848 0
531 848 0
533 848 2
583 848 1
589 848 1
627 848 0
656 848 0
687 848 0
699 848 1
708 848 0
746 848 2
747 848 3
751 848 2
762 848 2
770 848 1
791 848 2
799 848 2
829 848 5
98 849 0
147 849 0
183 849 0
192 849 0
210 849 1
294 849 0
301 849 1
314 849 1
474 849 0
602 849 1
612 849 0
625 849 1
663 849 0
720 849 0
730 849 2
742 849 2
753 849 1
758 849 1
791 849 0
805 849 3
807 849 0
831 849 2
843 849 2
101 850 0
133 850 0
137 850 0
147 850 0
177 850 0
202 850 1
234 850 0
340 850 0
379 850 1
451 850 1
473 850 2
559 850 0
583 850 0
611 850 2
617 850 2
630 850 0
676 850 1
683 850 0
684 850 0
701 850 0
736 850 0
739 850 0
764 850 1
767 850 1
783 850 0
14 851 1
37 851 0
56 851 0
140 851 0
145 851 1
190 851 0
213 851 0
244 851 0
248 851 0
293 851 0
306 851 1
356 851 0
377 851 0
494 851 1
525 851 0
533 851 2
645 851 1
666 851 2
683 851 2
818 851 0
827 851 0
829 851 2
835 851 2
32 852 1
84 852 0
98 852 0
150 852 1
165 852 0
226 852 0
230 852 0
248 852 1
292 852 0
404 852 0
433 852 0
471 852 0
502 852 0
519 852 1
524 852 2
581 852 1
644 852 0
712 852 1
723 852 0
773 852 0
803 852 2
16 853 0
35 853 1
82 853 0
102 853 0
159 853 0
186 853 0
187 853 1
296 853 0
317 853 0
373 853 2
378 853 1
430 853 0
454 853 0
458 853 0
497 853 1
600 853 0
605 853 0
623 853 1
680 853 1
687 853 0
755 853 0
806 853 1
817 853 1
161 854 0
242 854 1
250 854 1
253 854 0
258 854 0
323 854 0
330 854 0
412 854 1
435 854 0
445 854 0
455 854 0
539 854 1
562 854 1
588 854 2
598 854 0
689 854 1
728 854 1
745 854 0
751 854 2
783 854 1
785 854 0
798 854 1
826 854 3
844 854 2
74 855 0
177 855 0
234 855 0
266 855 1
354 855 0
364 855 0
423 855 1
431 855 1
504 855 0
526 855 0
644 855 2
654 855 0
680 855 0
684 855 1
765 855 1
781 855 2
793 855 1
802 855 1
830 855 0
834 855 2
835 855 1
844 855 2
40 856 0
251 856 0
360 856 2
364 856 0
435 856 0
475 856 0
529 856 0
539 856 0
558 856 1
565 856 0
572 856 0
603 856 0
684 856 1
753 856 1
756 856 3
772 856 1
778 856 0
781 856 2
794 856 1
838 856 0
841 856 0
845 856 1
57 857 1
94 857 0
101 857 0
164 857 1
179 857 0
210 857 1
299 857 0
322 857 0
428 857 1
479 857 4
504 857 2
578 857 0
608 857 0
625 857 2
626 857 0
636 857 1
651 857 0
727 857 1
734 857 1
748 857 1
767 857 0
786 857 1
805 857 1
849 857 3
8 858 0
70 858 0
160 858 0
358 858 0
372 858 2
373 858 1
380 858 1
384 858 0
426 858 0
565 858 0
573 858 0
628 858 1
635 858 1
680 858 2
719 858 1
729 858 3
778 858 1
797 858 1
798 858 1
824 858 0
826 858 1
832 858 3
844 858 1
3 859 0
21 859 0
333 859 0
376 859 0
399 859 0
445 859 1
451 859 0
453 859 1
472 859 0
542 859 0
649 859 0
669 859 1
670 859 0
716 859 3
717 859 0
736 859 1
777 859 2
811 859 1
821 859 0
837 859 1
844 859 1
856 859 0
51 860 1
99 860 1
159 860 0
238 860 1
255 860 0
285 860 0
335 860 0
469 860 0
552 860 0
591 860 0
636 860 2
667 860 1
679 860 0
692 860 2
738 860 2
746 860 1
754 860 2
787 860 2
797 860 0
799 860 1
807 860 0
816 860 0
857 860 2
859 860 0
50 861 0
65 861 1
115 861 0
176 861 1
190 861 1
235 861 1
259 861 4
304 861 0
313 861 2
463 861 0
464 861 0
500 861 1
610 861 1
699 861 1
713 861 0
735 861 1
744 861 1
759 861 0
777 861 1
798 861 2
803 861 1
804 861 1
807 861 1
808 861 1
814 861 0
857 861 0
128 862 0
184 862 0
250 862 0
275 862 0
300 862 1
393 862 0
397 862 1
408 862 0
449 862 0
480 862 0
505 862 0
598 862 1
651 862 0
652 862 1
702 862 0
725 862 0
726 862 0
727 862 1
752 862 0
782 862 0
824 862 1
837 862 2
852 862 1
43 863 1
87 863 0
160 863 1
188 863 0
326 863 2
357 863 2
438 863 0
476 863 0
479 863 2
494 863 0
524 863 1
540 863 0
598 863 1
617 863 1
675 863 1
696 863 1
702 863 1
774 863 2
807 863 4
808 863 3
813 863 0
850 863 1
24 864 0
66 864 0
67 864 0
188 864 0
190 864 1
243 864 0
257 864 0
306 864 0
340 864 0
367 864 0
383 864 2
410 864 0
430 864 1
466 864 0
574 864 1
650 864 1
654 864 2
703 864 0
738 864 3
748 864 2
754 864 1
760 864 2
771 864 0
780 864 1
827 864 0
857 864 2
860 864 5
13 865 1
22 865 1
102 865 0
129 865 1
136 865 0
325 865 1
328 865 0
337 865 1
365 865 1
382 865 0
523 865 1
564 865 0
596 865 0
597 865 1
611 865 2
640 865 3
644 865 0
703 865 1
712 865 0
732 865 1
814 865 0
828 865 2
838 865 1
845 865 2
850 865 1
60 866 0
193 866 0
354 866 2
391 866 0
409 866 1
481 866 1
522 866 2
616 866 0
619 866 1
633 866 3
675 866 0
695 866 0
708 866 1
740 866 0
749 866 0
758 866 0
770 866 0
806 866 0
847 866 2
850 866 0
854 866 0
862 866 1
232 867 0
266 867 0
313 867 0
351 867 0
394 867 1
447 867 2
492 867 0
495 867 1
525 867 0
526 867 0
552 867 1
573 867 1
588 867 2
618 867 1
627 867 1
661 867 1
688 867 0
708 867 1
772 867 2
780 867 2
783 867 0
793 867 1
830 867 1
849 867 0
176 868 1
186 868 0
227 868 0
240 868 0
274 868 2
288 868 0
290 868 0
310 868 0
353 868 0
355 868 0
356 868 0
465 868 0
480 868 1
491 868 0
567 868 0
588 868 2
642 868 0
677 868 2
707 868 1
721 868 0
841 868 0
845 868 2
861 868 1
867 868 2
25 869 1
122 869 0
155 869 1
165 869 0
233 869 0
334 869 1
340 869 0
349 869 2
387 869 0
410 869 0
440 869 1
488 869 1
497 869 0
514 869 1
531 869 0
586 869 0
618 869 0
626 869 1
638 869 0
659 869 1
722 869 2
738 869 1
758 869 1
762 869 1
780 869 2
820 869 1
821 869 3
823 869 0
825 869 2
860 869 1
16 870 0
105 870 0
257 870 0
258 870 0
264 870 0
295 870 1
338 870 0
452 870 1
457 870 2
513 870 2
521 870 1
524 870 0
556 870 0
559 870 1
608 870 0
652 870 0
661 870 0
686 870 1
694 870 1
704 870 1
716 870 1
724 870 1
756 870 2
799 870 2
837 870 2
844 870 2
1 871 0
71 871 0
133 871 1
187 871 0
267 871 0
299 871 0
323 871 0
366 871 2
401 871 0
410 871 1
473 871 0
484 871 1
525 871 1
539 871 0
620 871 0
629 871 1
630 871 0
675 871 2
735 871 1
773 871 2
802 871 0
818 871 0
824 871 0
27 872 1
56 872 2
131 872 0
157 872 0
191 872 0
364 872 1
378 872 0
402 872 1
410 872 0
445 872 0
474 872 1
517 872 0
521 872 1
529 872 1
563 872 0
566 872 0
572 872 1
585 872 1
609 872 1
624 872 1
686 872 2
741 872 1
762 872 0
841 872 2
87 873 1
135 873 0
180 873 1
238 873 2
301 873 0
328 873 0
380 873 1
435 873 0
486 873 0
507 873 0
510 873 2
522 873 0
528 873 1
557 873 0
641 873 0
692 873 1
712 873 0
720 873 2
757 873 1
776 873 1
839 873 2
840 873 1
860 873 3
861 873 0
864 873 1
872 873 0
34 874 1
44 874 1
49 874 0
216 874 0
306 874 1
365 874 0
366 874 0
429 874 0
515 874 0
541 874 0
556 874 0
575 874 1
598 874 1
636 874 1
679 874 1
694 874 1
697 874 2
721 874 2
755 874 1
776 874 1
782 874 1
783 874 1
803 874 1
851 874 4
80 875 0
81 875 0
109 875 0
152 875 1
169 875 1
185 875 0
304 875 1
307 875 0
364 875 1
471 875 0
505 875 0
539 875 0
544 875 0
579 875 0
641 875 0
657 875 1
676 875 0
712 875 0
742 875 2
750 875 0
761 875 0
763 875 1
794 875 3
841 875 2
848 875 1
849 875 1
851 875 1
872 875 3
20 876 0
83 876 0
158 876 0
170 876 0
188 876 1
260 876 0
266 876 0
284 876 0
288 876 0
325 876 0
474 876 1
523 876 0
556 876 1
565 876 0
608 876 0
645 876 0
662 876 0
668 876 0
729 876 0
731 876 1
752 876 3
764 876 1
777 876 1
790 876 1
818 876 2
825 876 0
838 876 1
846 876 1
19 877 0
56 877 1
58 877 0
151 877 0
224 877 0
226 877 1
351 877 2
425 877 0
467 877 1
471 877 0
475 877 1
551 877 1
569 877 1
590 877 0
604 877 1
616 877 2
621 877 1
623 877 2
633 877 0
634 877 1
663 877 1
735 877 1
755 877 1
758 877 1
813 877 1
834 877 1
836 877 1
845 877 0
846 877 3
106 878 0
173 878 0
217 878 2
244 878 0
335 878 1
460 878 0
500 878 1
501 878 1
546 878 0
548 878 0
563 878 0
575 878 0
578 878 1
589 878 1
594 878 0
624 878 2
650 878 2
688 878 0
718 878 0
726 878 0
754 878 1
755 878 1
790 878 0
822 878 0
832 878 1
849 878 0
10 879 0
27 879 0
53 879 0
76 879 1
84 879 0
249 879 1
276 879 0
290 879 0
369 879 0
380 879 0
386 879 2
395 879 0
453 879 0
454 879 0
490 879 0
503 879 0
521 879 1
567 879 2
589 879 1
613 879 0
642 879 0
652 879 0
687 879 2
693 879 1
733 879 2
743 879 0
761 879 1
780 879 1
788 879 0
123 880 1
161 880 0
185 880 0
248 880 0
316 880 0
335 880 0
406 880 0
471 880 0
503 880 0
586 880 2
587 880 3
588 880 3
600 880 0
602 880 0
654 880 0
660 880 0
674 880 1
695 880 0
698 880 2
705 880 3
720 880 1
723 880 0
751 880 0
756 880 2
770 880 0
807 880 1
850 880 1
10 881 1
47 881 0
70 881 0
71 881 1
74 881 0
191 881 0
287 881 0
323 881 1
363 881 0
368 881 1
490 881 0
492 881 1
505 881 0
584 881 0
614 881 0
683 881 2
690 881 1
706 881 1
714 881 2
726 881 0
741 881 1
766 881 1
779 881 2
807 881 0
820 881 1
842 881 0
844 881 0
865 881 0
2 882 0
154 882 0
326 882 0
404 882 0
534 882 0
550 882 0
576 882 0
590 882 1
593 882 0
596 882 0
644 882 1
646 882 0
651 882 1
681 882 1
682 882 0
684 882 2
750 882 3
781 882 2
808 882 2
824 882 2
849 882 0
855 882 3
866 882 0
873 882 1
874 882 0
879 882 0
72 883 0
122 883 1
128 883 2
149 883 2
216 883 0
266 883 0
305 883 0
310 883 1
334 883 0
365 883 0
414 883 0
472 883 1
480 883 0
564 883 0
590 883 0
600 883 1
615 883 1
627 883 1
660 883 3
668 883 1
700 883 1
731 883 0
807 883 1
12 884 0
114 884 2
172 884 0
253 884 1
298 884 1
434 884 1
436 884 0
451 884 1
470 884 1
473 884 1
504 884 1
513 884 2
525 884 0
547 884 3
617 884 5
667 884 1
674 884 2
697 884 1
715 884 1
743 884 2
762 884 1
770 884 2
792 884 3
812 884 0
813 884 1
831 884 2
850 884 4
60 885 0
65 885 0
87 885 0
107 885 1
136 885 1
262 885 0
273 885 1
359 885 0
436 885 0
485 885 0
610 885 0
687 885 2
693 885 0
694 885 2
699 885 2
705 885 0
721 885 2
775 885 2
834 885 0
840 885 0
843 885 0
870 885 1
871 885 2
874 885 3
175 886 2
194 886 0
295 886 1
314 886 1
329 886 1
339 886 0
395 886 3
400 886 0
444 886 1
458 886 1
489 886 1
509 886 0
600 886 0
607 886 3
608 886 1
620 886 0
632 886 1
668 886 2
729 886 0
820 886 1
844 886 1
882 886 0
2 887 0
17 887 3
114 887 0
221 887 0
225 887 0
280 887 1
286 887 1
441 887 2
442 887 0
484 887 0
543 887 1
640 887 0
641 887 1
648 887 1
656 887 1
699 887 0
724 887 2
731 887 1
747 887 1
758 887 0
760 887 0
777 887 3
814 887 2
818 887 0
823 887 1
840 887 0
841 887 1
854 887 0
31 888 1
35 888 0
57 888 2
211 888 0
307 888 0
407 888 0
431 888 1
451 888 1
484 888 1
536 888 0
621 888 0
624 888 2
627 888 0
632 888 1
634 888 3
695 888 0
705 888 1
730 888 3
736 888 0
742 888 2
771 888 0
774 888 1
806 888 1
815 888 0
833 888 1
837 888 2
855 888 1
857 888 1
81 889 0
95 889 0
204 889 0
466 889 1
499 889 0
539 889 0
562 889 0
571 889 0
582 889 1
587 889 1
606 889 0
636 889 0
649 889 0
659 889 1
674 889 0
706 889 1
722 889 1
724 889 5
733 889 0
797 889 0
817 889 1
852 889 0
75 890 1
135 890 0
212 890 0
273 890 0
337 890 0
345 890 1
380 890 0
417 890 0
456 890 0
472 890 0
485 890 1
497 890 0
547 890 0
578 890 0
579 890 0
586 890 0
637 890 0
707 890 1
708 890 0
709 890 0
718 890 0
722 890 0
731 890 0
747 890 0
749 890 3
775 890 1
795 890 1
807 890 1
812 890 2
847 890 3
852 890 1
855 890 0
90 891 0
116 891 0
121 891 1
174 891 0
184 891 0
210 891 0
218 891 1
224 891 0
338 891 1
353 891 1
357 891 0
430 891 0
491 891 1
545 891 1
585 891 1
635 891 0
661 891 1
662 891 0
713 891 3
723 891 1
748 891 0
754 891 1
756 891 3
757 891 3
834 891 1
855 891 1
856 891 1
869 891 0
871 891 0
9 892 2
144 892 0
235 892 0
293 892 0
331 892 0
352 892 0
367 892 0
380 892 0
381 892 0
389 892 1
442 892 1
449 892 0
559 892 1
569 892 2
583 892 1
584 892 0
585 892 1
604 892 0
606 892 0
637 892 1
642 892 0
676 892 1
683 892 1
710 892 2
724 892 2
728 892 1
735 892 2
781 892 2
798 892 1
834 892 2
853 892 0
870 892 2
69 893 0
76 893 0
151 893 1
159 893 1
174 893 1
190 893 1
520 893 0
537 893 0
538 893 1
556 893 0
558 893 1
562 893 1
585 893 1
666 893 0
695 893 0
731 893 0
751 893 0
770 893 1
775 893 1
781 893 1
788 893 2
790 893 1
803 893 2
852 893 1
861 893 2
863 893 0
867 893 0
885 893 3
886 893 0
892 893 2
7 894 0
16 894 0
129 894 1
176 894 0
249 894 3
386 894 1
424 894 1
456 894 0
461 894 0
473 894 2
508 894 3
524 894 0
587 894 2
600 894 0
618 894 1
647 894 2
686 894 0
690 894 1
691 894 1
780 894 1
815 894 3
830 894 2
865 894 1
879 894 3
889 894 4
35 895 0
108 895 0
333 895 0
345 895 2
399 895 0
416 895 1
584 895 0
595 895 2
598 895 2
633 895 2
673 895 1
677 895 0
682 895 1
688 895 0
737 895 0
757 895 3
759 895 1
784 895 1
851 895 0
852 895 4
856 895 0
860 895 2
862 895 4
863 895 3
866 895 3
883 895 1
108 896 0
130 896 1
170 896 0
177 896 0
221 896 0
232 896 0
267 896 0
274 896 0
275 896 2
395 896 1
479 896 1
503 896 0
599 896 0
660 896 0
661 896 1
722 896 1
723 896 1
730 896 1
741 896 1
742 896 2
804 896 1
813 896 4
816 896 0
826 896 1
837 896 3
857 896 1
878 896 0
886 896 1
891 896 2
4 897 0
14 897 2
15 897 0
88 897 1
156 897 0
279 897 0
289 897 0
323 897 1
363 897 1
374 897 0
447 897 2
475 897 0
517 897 1
563 897 1
673 897 0
700 897 0
705 897 0
736 897 2
750 897 0
837 897 5
846 897 1
851 897 3
862 897 2
867 897 1
896 897 3
6 898 0
140 898 1
261 898 1
303 898 1
366 898 0
373 898 2
497 898 1
521 898 3
590 898 0
629 898 1
677 898 2
691 898 0
693 898 2
721 898 0
733 898 2
769 898 4
775 898 3
787 898 1
810 898 2
826 898 1
839 898 1
853 898 3
855 898 1
856 898 1
879 898 3
55 899 0
130 899 0
154 899 0
172 899 0
224 899 1
265 899 0
286 899 1
303 899 1
451 899 0
541 899 1
558 899 1
609 899 0
612 899 0
631 899 1
635 899 1
637 899 0
646 899 0
663 899 0
737 899 2
774 899 1
782 899 3
807 899 2
808 899 1
812 899 1
834 899 1
858 899 1
863 899 4
894 899 0
33 900 1
73 900 0
85 900 0
132 900 0
195 900 1
301 900 0
303 900 0
304 900 1
391 900 0
396 900 0
477 900 0
510 900 2
555 900 0
587 900 0
588 900 1
590 900 1
600 900 0
630 900 0
725 900 1
728 900 0
751 900 1
757 900 1
760 900 2
776 900 2
778 900 3
827 900 1
840 900 1
844 900 2
878 900 0
879 900 0
891 900 2
21 901 1
107 901 1
136 901 1
137 901 2
156 901 1
208 901 0
462 901 1
513 901 1
547 901 0
577 901 0
653 901 1
673 901 1
700 901 0
702 901 1
706 901 0
736 901 0
748 901 0
753 901 0
760 901 1
762 901 1
767 901 1
771 901 1
844 901 2
853 901 1
855 901 1
866 901 0
870 901 2
876 901 0
63 902 1
131 902 0
178 902 0
282 902 0
317 902 1
328 902 0
420 902 0
464 902 2
475 902 1
491 902 0
529 902 1
541 902 2
566 902 0
604 902 1
618 902 0
624 902 2
637 902 0
647 902 1
649 902 0
651 902 1
667 902 1
690 902 0
708 902 1
768 902 0
798 902 1
817 902 1
841 902 0
882 902 2
888 902 2
893 902 1
9 903 0
85 903 0
94 903 1
126 903 0
152 903 1
189 903 1
201 903 0
208 903 0
209 903 0
243 903 0
328 903 0
340 903 1
440 903 0
488 903 0
602 903 1
622 903 1
637 903 0
685 903 0
695 903 0
705 903 1
756 903 1
793 903 3
820 903 1
847 903 0
867 903 1
877 903 0
43 904 0
48 904 0
55 904 0
71 904 1
97 904 0
164 904 0
257 904 0
262 904 0
268 904 0
340 904 0
352 904 1
359 904 0
405 904 2
432 904 0
448 904 0
454 904 2
495 904 0
537 904 0
624 904 2
659 904 2
694 904 1
701 904 1
793 904 3
809 904 2
837 904 1
843 904 2
878 904 2
881 904 2
883 904 1
127 905 0
139 905 0
180 905 1
197 905 0
236 905 1
265 905 0
280 905 0
367 905 0
381 905 0
397 905 1
399 905 0
402 905 2
452 905 1
486 905 0
529 905 1
558 905 0
577 905 0
580 905 1
618 905 0
626 905 0
733 905 1
741 905 3
766 905 0
789 905 0
823 905 1
862 905 1
870 905 1
871 905 1
872 905 4
883 905 0
170 906 0
181 906 0
254 906 0
362 906 0
441 906 0
496 906 0
544 906 0
545 906 0
563 906 0
602 906 0
604 906 1
635 906 1
663 906 0
679 906 1
713 906 1
721 906 2
764 906 2
770 906 3
779 906 0
788 906 1
795 906 1
801 906 0
826 906 3
850 906 2
854 906 1
871 906 2
884 906 2
885 906 3
888 906 0
893 906 3
34 907 0
54 907 0
125 907 0
128 907 1
141 907 1
175 907 0
247 907 0
252 907 0
253 907 0
288 907 0
292 907 0
459 907 2
510 907 2
526 907 0
572 907 0
609 907 0
664 907 1
710 907 2
727 907 1
748 907 2
769 907 3
787 907 3
793 907 2
825 907 2
835 907 3
873 907 1
883 907 3
897 907 2
898 907 2
904 907 2
35 908 0
38 908 0
80 908 0
94 908 0
167 908 0
181 908 1
185 908 0
218 908 0
296 908 1
333 908 1
357 908 0
370 908 1
400 908 0
410 908 0
529 908 0
533 908 0
591 908 0
595 908 0
606 908 0
638 908 0
674 908 2
702 908 0
715 908 2
824 908 3
839 908 3
855 908 0
866 908 1
884 908 2
897 908 1
899 908 1
133 909 1
189 909 0
228 909 0
271 909 0
374 909 0
380 909 0
393 909 0
435 909 1
490 909 1
512 909 1
522 909 0
560 909 2
582 909 2
612 909 1
629 909 0
639 909 2
682 909 3
717 909 0
733 909 0
753 909 2
775 909 1
787 909 3
795 909 0
819 909 0
825 909 0
843 909 1
860 909 2
895 909 2
902 909 0
49 910 0
208 910 0
234 910 0
296 910 0
342 910 0
378 910 0
424 910 0
445 910 2
516 910 0
540 910 0
543 910 0
554 910 0
591 910 1
596 910 0
599 910 0
608 910 1
631 910 1
640 910 0
646 910 0
656 910 1
724 910 2
776 910 0
777 910 2
788 910 1
791 910 1
794 910 1
823 910 3
826 910 2
828 910 2
859 910 2
862 910 0
878 910 0
889 910 1
898 910 1
69 911 0
71 911 0
141 911 0
145 911 1
183 911 1
198 911 1
202 911 0
227 911 0
239 911 0
267 911 0
269 911 0
368 911 0
387 911 0
450 911 1
532 911 1
599 911 0
604 911 2
609 911 0
657 911 0
685 911 0
783 911 3
802 911 2
835 911 1
842 911 0
844 911 2
851 911 3
856 911 0
862 911 0
870 911 1
874 911 2
877 911 1
886 911 3
894 911 0
98 912 0
150 912 1
217 912 0
227 912 1
267 912 0
292 912 0
299 912 0
309 912 0
315 912 1
353 912 2
420 912 0
547 912 1
599 912 1
618 912 2
622 912 0
644 912 1
656 912 1
660 912 1
710 912 2
711 912 1
726 912 0
748 912 1
749 912 2
795 912 1
825 912 0
887 912 3
889 912 3
894 912 3
30 913 0
48 913 0
160 913 1
293 913 1
355 913 0
403 913 2
414 913 0
445 913 1
447 913 1
484 913 1
505 913 1
534 913 0
552 913 4
564 913 0
567 913 1
588 913 2
621 913 1
623 913 2
652 913 2
654 913 2
692 913 3
751 913 2
777 913 0
808 913 0
814 913 0
821 913 2
836 913 2
848 913 1
867 913 3
885 913 0
907 913 0
909 913 1
42 914 1
47 914 0
103 914 0
258 914 2
291 914 1
303 914 0
305 914 1
321 914 2
329 914 1
381 914 0
413 914 0
459 914 1
517 914 1
543 914 1
603 914 0
674 914 0
679 914 1
687 914 0
720 914 2
746 914 2
763 914 0
768 914 2
852 914 0
859 914 1
873 914 1
877 914 1
888 914 0
894 914 2
912 914 2
12 915 0
38 915 0
68 915 0
153 915 2
190 915 0
225 915 0
299 915 0
381 915 1
396 915 0
418 915 0
437 915 0
440 915 0
476 915 0
490 915 0
501 915 1
512 915 1
540 915 0
592 915 4
595 915 1
672 915 0
706 915 0
726 915 1
733 915 2
758 915 2
794 915 1
812 915 2
818 915 0
829 915 2
838 915 3
839 915 1
845 915 2
848 915 1
865 915 2
873 915 1
890 915 1
19 916 0
21 916 0
29 916 1
43 916 0
147 916 1
167 916 0
172 916 1
218 916 0
237 916 0
264 916 0
268 916 1
285 916 0
324 916 0
362 916 1
432 916 0
488 916 1
496 916 0
550 916 1
578 916 0
594 916 0
606 916 0
684 916 0
688 916 1
711 916 0
765 916 0
768 916 0
777 916 1
798 916 2
823 916 3
853 916 2
858 916 2
868 916 1
886 916 1
898 916 2
11 917 2
27 917 2
76 917 0
188 917 0
215 917 0
258 917 0
348 917 0
439 917 0
516 917 0
536 917 0
606 917 0
609 917 3
614 917 1
631 917 0
657 917 1
668 917 2
677 917 1
703 917 2
710 917 1
743 917 0
748 917 1
794 917 2
819 917 1
831 917 1
855 917 0
859 917 1
866 917 0
872 917 3
875 917 3
896 917 0
900 917 0
7 918 0
23 918 0
158 918 0
178 918 0
214 918 2
370 918 0
393 918 2
398 918 0
508 918 0
531 918 2
542 918 2
618 918 1
627 918 3
641 918 0
657 918 1
672 918 0
696 918 0
699 918 0
708 918 1
727 918 0
751 918 0
759 918 2
795 918 0
801 918 0
808 918 1
819 918 1
830 918 1
871 918 1
898 918 0
18 919 1
60 919 0
61 919 0
68 919 2
74 919 0
76 919 0
111 919 0
130 919 0
150 919 0
152 919 1
202 919 0
297 919 0
335 919 0
441 919 0
533 919 0
548 919 0
560 919 1
576 919 0
604 919 0
640 919 0
651 919 0
700 919 2
779 919 1
785 919 0
789 919 3
806 919 2
811 919 1
817 919 0
875 919 1
883 919 2
916 919 0
15 920 1
70 920 0
137 920 0
153 920 0
417 920 0
421 920 0
444 920 3
449 920 0
485 920 0
487 920 1
530 920 1
558 920 0
559 920 1
596 920 1
619 920 0
626 920 1
630 920 0
631 920 2
645 920 1
664 920 0
667 920 0
691 920 0
727 920 0
806 920 2
807 920 1
814 920 1
880 920 2
886 920 1
919 920 1
1 921 0
67 921 0
102 921 1
151 921 0
173 921 1
193 921 2
199 921 1
315 921 1
359 921 0
417 921 1
422 921 0
452 921 1
472 921 1
498 921 0
548 921 1
563 921 1
568 921 3
581 921 1
651 921 0
675 921 2
702 921 3
776 921 1
779 921 1
795 921 1
800 921 1
804 921 1
827 921 1
830 921 1
840 921 1
863 921 2
884 921 0
888 921 0
889 921 2
894 921 2
10 922 0
13 922 1
49 922 0
77 922 1
183 922 0
200 922 0
363 922 0
375 922 1
379 922 1
392 922 1
420 922 0
444 922 1
480 922 0
508 922 2
537 922 0
555 922 0
559 922 0
632 922 1
637 922 0
643 922 0
685 922 1
690 922 1
697 922 1
719 922 2
789 922 0
794 922 1
795 922 2
822 922 2
823 922 1
835 922 1
836 922 1
859 922 0
871 922 1
901 922 0
906 922 2
13 923 1
62 923 1
246 923 1
354 923 0
356 923 1
357 923 0
456 923 1
498 923 0
519 923 1
532 923 0
537 923 1
611 923 1
615 923 1
636 923 0
661 923 2
667 923 2
674 923 0
686 923 3
709 923 1
718 923 1
721 923 1
724 923 2
755 923 0
775 923 1
812 923 0
837 923 1
848 923 0
865 923 3
871 923 1
872 923 2
887 923 1
905 923 2
910 923 1
14 924 0
44 924 0
55 924 0
201 924 0
216 924 1
225 924 0
227 924 0
250 924 0
319 924 0
359 924 0
360 924 1
392 924 0
397 924 0
452 924 1
456 924 0
460 924 0
503 924 0
547 924 0
567 924 1
579 924 0
602 924 0
607 924 0
621 924 0
630 924 1
718 924 0
719 924 0
746 924 0
749 924 0
830 924 0
853 924 0
856 924 1
861 924 0
876 924 0
28 925 1
40 925 1
108 925 0
200 925 0
211 925 0
214 925 0
269 925 0
312 925 0
347 925 0
404 925 0
439 925 0
592 925 0
604 925 1
608 925 0
620 925 1
633 925 0
661 925 1
663 925 0
666 925 1
709 925 2
710 925 1
741 925 3
746 925 2
794 925 3
806 925 0
845 925 2
859 925 3
875 925 2
885 925 0
894 925 1
914 925 4
923 925 2
68 926 0
73 926 0
198 926 0
271 926 0
319 926 0
332 926 1
352 926 0
418 926 0
438 926 1
455 926 0
484 926 0
513 926 1
524 926 0
547 926 3
596 926 1
611 926 1
617 926 2
633 926 1
645 926 3
678 926 0
682 926 0
683 926 1
736 926 1
764 926 1
796 926 0
813 926 4
837 926 2
844 926 1
868 926 1
875 926 0
884 926 4
896 926 3
897 926 3
920 926 4
65 927 0
103 927 0
107 927 1
170 927 0
217 927 0
309 927 0
357 927 1
362 927 0
371 927 0
427 927 2
454 927 1
455 927 1
470 927 0
473 927 2
486 927 0
519 927 3
553 927 0
555 927 1
668 927 2
738 927 0
752 927 1
769 927 4
778 927 2
790 927 3
813 927 1
815 927 3
846 927 1
847 927 2
852 927 2
858 927 1
894 927 3
895 927 3
898 927 1
904 927 1
917 927 1
14 928 0
121 928 0
178 928 0
199 928 2
250 928 1
260 928 1
276 928 0
296 928 1
335 928 2
349 928 1
490 928 2
491 928 0
540 928 3
646 928 0
650 928 3
671 928 2
674 928 1
678 928 2
748 928 0
753 928 1
757 928 1
773 928 1
775 928 1
778 928 0
802 928 1
809 928 1
817 928 1
828 928 1
834 928 0
843 928 1
869 928 1
878 928 2
908 928 2
909 928 5
911 928 1
922 928 0
88 929 0
140 929 1
188 929 0
203 929 0
207 929 0
241 929 0
302 929 2
315 929 1
427 929 0
468 929 0
494 929 1
512 929 1
530 929 0
554 929 0
633 929 1
640 929 0
656 929 0
671 929 1
686 929 0
705 929 0
741 929 0
755 929 1
762 929 1
766 929 2
797 929 1
798 929 2
802 929 0
815 929 1
827 929 2
867 929 1
868 929 1
909 929 1
918 929 1
921 929 2
17 930 0
49 930 1
178 930 0
194 930 0
199 930 0
204 930 0
269 930 1
410 930 1
419 930 0
431 930 2
448 930 1
462 930 1
484 930 1
500 930 1
504 930 2
532 930 1
535 930 1
557 930 1
569 930 2
604 930 2
605 930 1
612 930 1
645 930 0
647 930 0
685 930 0
696 930 2
699 930 1
748 930 0
766 930 1
799 930 1
819 930 0
847 930 0
871 930 2
884 930 2
929 930 2
75 931 0
114 931 3
140 931 1
147 931 1
152 931 0
171 931 1
226 931 0
298 931 1
304 931 0
316 931 0
373 931 1
381 931 0
448 931 1
488 931 1
509 931 3
560 931 1
613 931 1
623 931 0
645 931 0
686 931 0
724 931 1
774 931 1
792 931 2
800 931 2
822 931 2
855 931 1
859 931 1
866 931 0
868 931 0
889 931 1
898 931 5
909 931 1
925 931 1
17 932 1
21 932 1
79 932 0
87 932 0
89 932 1
122 932 0
156 932 1
160 932 0
245 932 0
295 932 1
327 932 0
365 932 0
378 932 1
435 932 0
441 932 2
453 932 1
557 932 0
573 932 0
618 932 1
636 932 0
673 932 2
728 932 1
729 932 0
761 932 1
810 932 0
820 932 0
827 932 0
847 932 2
852 932 2
887 932 2
890 932 3
899 932 1
901 932 3
908 932 1
918 932 1
54 933 0
64 933 2
65 933 0
95 933 0
144 933 0
177 933 0
231 933 1
234 933 1
241 933 0
246 933 0
254 933 0
373 933 1
485 933 0
507 933 1
550 933 0
569 933 1
605 933 0
619 933 0
632 933 0
644 933 1
653 933 3
716 933 1
729 933 1
734 933 0
747 933 0
792 933 1
793 933 3
802 933 0
805 933 0
810 933 1
829 933 0
844 933 2
879 933 0
884 933 1
891 933 0
903 933 2
905 933 0
66 934 1
110 934 0
251 934 0
278 934 0
297 934 0
330 934 1
353 934 1
356 934 1
415 934 0
426 934 1
537 934 2
548 934 0
624 934 1
680 934 0
690 934 0
697 934 1
704 934 1
708 934 0
716 934 1
754 934 1
758 934 0
767 934 2
769 934 2
773 934 2
787 934 2
804 934 0
826 934 3
828 934 1
874 934 1
883 934 0
901 934 2
906 934 1
910 934 2
917 934 0
73 935 0
96 935 0
111 935 1
120 935 0
232 935 0
267 935 0
301 935 1
385 935 0
407 935 0
442 935 2
468 935 2
506 935 1
574 935 1
591 935 1
610 935 1
672 935 1
673 935 2
728 935 2
730 935 2
752 935 1
757 935 1
766 935 1
801 935 0
809 935 1
832 935 0
841 935 0
852 935 2
864 935 1
874 935 1
895 935 4
904 935 1
920 935 0
924 935 0
932 935 3
84 936 0
142 936 1
203 936 0
216 936 0
219 936 1
243 936 0
256 936 0
318 936 0
342 936 0
378 936 1
393 936 1
428 936 0
488 936 1
513 936 0
522 936 0
546 936 3
637 936 2
643 936 0
655 936 1
672 936 1
675 936 2
699 936 1
700 936 0
741 936 0
745 936 0
762 936 1
793 936 1
809 936 1
813 936 2
853 936 3
906 936 1
914 936 0
916 936 2
920 936 2
25 937 0
38 937 0
50 937 1
53 937 0
57 937 3
63 937 2
92 937 1
145 937 0
243 937 0
376 937 1
390 937 1
448 937 1
459 937 2
465 937 0
476 937 1
505 937 1
541 937 1
582 937 2
586 937 0
628 937 3
691 937 1
707 937 5
720 937 1
728 937 2
730 937 5
792 937 1
805 937 0
835 937 2
885 937 0
888 937 3
896 937 1
902 937 3
905 937 0
907 937 2
919 937 2
930 937 1
935 937 2
121 938 1
246 938 3
249 938 0
253 938 1
258 938 1
321 938 1
340 938 1
455 938 1
458 938 0
470 938 2
534 938 1
572 938 1
592 938 1
638 938 1
649 938 3
668 938 1
682 938 1
683 938 2
686 938 2
737 938 0
745 938 0
769 938 0
819 938 2
825 938 0
827 938 2
830 938 1
878 938 1
881 938 1
883 938 2
903 938 3
915 938 1
923 938 3
935 938 1
184 939 0
235 939 0
245 939 0
290 939 0
346 939 1
443 939 0
472 939 1
497 939 0
519 939 1
520 939 0
523 939 0
559 939 1
669 939 1
670 939 0
692 939 0
704 939 1
705 939 0
739 939 1
808 939 3
815 939 3
823 939 0
826 939 2
839 939 2
848 939 0
867 939 1
881 939 1
882 939 1
883 939 2
889 939 0
895 939 3
906 939 3
908 939 1
920 939 2
927 939 3
936 939 2
105 940 0
171 940 1
210 940 0
237 940 0
282 940 1
312 940 1
320 940 1
328 940 0
425 940 2
509 940 2
528 940 0
561 940 1
571 940 1
601 940 2
611 940 0
626 940 1
638 940 1
687 940 1
695 940 0
711 940 1
714 940 1
732 940 1
746 940 0
778 940 2
792 940 1
824 940 1
834 940 0
895 940 1
918 940 3
929 940 1
931 940 4
120 941 0
168 941 1
194 941 0
266 941 0
275 941 0
280 941 0
292 941 0
307 941 0
315 941 0
336 941 3
337 941 0
369 941 1
406 941 0
454 941 0
518 941 0
519 941 1
568 941 2
576 941 0
581 941 1
617 941 1
629 941 1
643 941 1
664 941 0
667 941 2
695 941 1
698 941 1
776 941 0
781 941 1
846 941 2
856 941 2
864 941 0
884 941 3
898 941 3
901 941 0
923 941 2
931 941 2
32 942 0
33 942 1
45 942 1
131 942 1
157 942 0
265 942 0
303 942 0
321 942 0
324 942 0
346 942 2
373 942 2
407 942 0
420 942 0
435 942 1
446 942 0
572 942 0
653 942 0
668 942 0
669 942 2
702 942 1
720 942 1
732 942 0
760 942 0
788 942 1
797 942 2
825 942 0
853 942 1
857 942 0
858 942 3
881 942 2
885 942 2
893 942 2
897 942 1
904 942 1
921 942 2
939 942 4
0 943 0
10 943 0
62 943 0
135 943 1
245 943 1
299 943 1
331 943 0
407 943 0
427 943 0
439 943 0
464 943 0
498 943 0
520 943 0
542 943 2
549 943 0
554 943 0
632 943 2
663 943 1
688 943 2
711 943 0
731 943 0
740 943 0
762 943 0
781 943 0
787 943 1
788 943 1
841 943 1
842 943 3
854 943 1
858 943 0
877 943 2
880 943 1
885 943 1
897 943 3
909 943 1
918 943 1
46 944 0
122 944 0
232 944 0
252 944 0
263 944 0
416 944 0
473 944 0
475 944 1
483 944 0
487 944 2
533 944 2
550 944 1
573 944 0
606 944 0
652 944 3
672 944 2
676 944 1
682 944 1
707 944 1
713 944 0
730 944 3
776 944 2
798 944 1
799 944 1
826 944 1
835 944 2
842 944 4
844 944 0
846 944 1
849 944 1
851 944 3
874 944 2
914 944 0
921 944 2
937 944 4
939 944 3
940 944 2
942 944 2
86 945 0
101 945 0
117 945 1
134 945 0
145 945 0
154 945 1
164 945 2
165 945 1
180 945 0
254 945 0
258 945 0
283 945 2
355 945 0
399 945 0
408 945 0
436 945 1
455 945 1
496 945 0
501 945 1
504 945 0
577 945 2
586 945 1
625 945 0
657 945 1
689 945 1
713 945 2
717 945 0
722 945 0
726 945 1
733 945 1
754 945 0
758 945 3
773 945 2
821 945 0
831 945 2
833 945 2
915 945 4
920 945 1
931 945 0
72 946 2
78 946 0
146 946 0
205 946 0
271 946 1
272 946 0
308 946 0
351 946 0
368 946 2
396 946 0
443 946 1
482 946 2
516 946 0
529 946 0
647 946 2
657 946 1
720 946 1
725 946 1
728 946 1
734 946 2
743 946 0
762 946 1
770 946 0
775 946 1
814 946 0
815 946 4
833 946 1
864 946 0
881 946 1
894 946 4
901 946 2
903 946 0
934 946 2
24 947 0
55 947 0
72 947 0
123 947 0
172 947 0
196 947 0
230 947 2
246 947 2
250 947 0
347 947 0
380 947 1
393 947 0
462 947 2
476 947 1
502 947 0
532 947 1
568 947 3
613 947 0
615 947 0
625 947 0
649 947 1
684 947 1
702 947 2
709 947 0
718 947 0
747 947 1
763 947 0
828 947 2
835 947 0
842 947 1
858 947 1
865 947 1
874 947 3
885 947 1
921 947 2
935 947 2
938 947 4
941 947 1
173 948 1
200 948 1
216 948 2
223 948 1
231 948 0
277 948 0
322 948 0
371 948 0
390 948 3
406 948 3
531 948 2
542 948 2
617 948 0
643 948 0
648 948 2
687 948 1
700 948 2
704 948 2
717 948 1
740 948 0
744 948 0
759 948 2
782 948 2
783 948 0
792 948 1
800 948 0
810 948 0
818 948 0
820 948 4
822 948 2
870 948 1
899 948 1
903 948 4
906 948 1
918 948 3
924 948 1
938 948 2
939 948 3
51 949 1
89 949 0
158 949 0
218 949 2
226 949 0
230 949 1
252 949 0
301 949 0
318 949 0
345 949 0
363 949 1
377 949 0
392 949 2
403 949 0
415 949 1
428 949 1
471 949 0
482 949 2
511 949 2
629 949 1
636 949 1
713 949 3
721 949 0
727 949 0
729 949 0
746 949 2
751 949 2
811 949 3
813 949 0
837 949 0
839 949 2
860 949 3
878 949 1
883 949 2
891 949 2
919 949 3
938 949 4
947 949 2
8 950 0
40 950 1
102 950 0
190 950 0
253 950 0
256 950 0
264 950 0
266 950 0
275 950 2
293 950 0
302 950 0
304 950 1
314 950 1
318 950 1
350 950 0
463 950 0
473 950 0
476 950 2
597 950 0
620 950 2
655 950 1
668 950 1
717 950 2
741 950 2
749 950 1
756 950 1
775 950 1
794 950 2
802 950 1
830 950 0
841 950 2
843 950 1
875 950 4
896 950 3
897 950 2
925 950 5
943 950 2
947 950 1
9 951 2
18 951 1
85 951 0
95 951 0
101 951 0
117 951 0
124 951 0
186 951 0
254 951 0
264 951 0
307 951 0
430 951 1
475 951 0
497 951 1
510 951 1
520 951 1
539 951 0
551 951 2
559 951 0
633 951 1
634 951 0
657 951 1
733 951 0
753 951 1
779 951 1
789 951 2
791 951 1
816 951 0
818 951 0
819 951 1
833 951 0
839 951 2
874 951 0
880 951 0
908 951 2
919 951 4
938 951 1
37 952 1
68 952 1
78 952 0
110 952 1
152 952 0
163 952 0
209 952 0
276 952 0
309 952 1
348 952 0
357 952 1
387 952 1
477 952 0
519 952 1
525 952 2
533 952 1
541 952 2
556 952 0
593 952 0
655 952 1
688 952 0
695 952 1
698 952 2
716 952 2
735 952 1
761 952 1
791 952 0
797 952 5
803 952 1
836 952 3
841 952 1
859 952 2
881 952 0
899 952 1
924 952 1
8 953 0
9 953 1
30 953 1
113 953 1
166 953 1
172 953 0
174 953 0
273 953 0
276 953 1
300 953 0
394 953 1
424 953 0
443 953 2
461 953 3
507 953 1
591 953 0
622 953 1
627 953 1
653 953 2
666 953 2
669 953 2
672 953 0
719 953 1
728 953 2
735 953 1
801 953 2
819 953 0
821 953 1
825 953 4
851 953 2
869 953 2
882 953 1
892 953 3
897 953 2
901 953 1
907 953 2
7 954 0
49 954 0
221 954 0
244 954 1
281 954 0
283 954 1
288 954 1
294 954 0
322 954 0
332 954 1
495 954 3
534 954 2
544 954 0
561 954 0
581 954 1
620 954 1
640 954 1
681 954 0
698 954 2
713 954 3
731 954 0
739 954 1
752 954 0
768 954 0
785 954 1
789 954 0
801 954 2
808 954 3
810 954 3
839 954 3
867 954 2
870 954 0
895 954 1
898 954 3
923 954 1
938 954 3
939 954 5
945 954 2
949 954 4
953 954 1
3 955 1
16 955 0
106 955 0
134 955 1
172 955 1
295 955 0
365 955 0
396 955 0
419 955 1
468 955 0
524 955 1
553 955 1
557 955 0
628 955 2
636 955 0
644 955 0
651 955 1
675 955 2
680 955 0
687 955 4
727 955 2
731 955 0
746 955 2
762 955 2
777 955 2
823 955 5
829 955 1
851 955 3
871 955 4
875 955 1
879 955 1
885 955 2
897 955 1
936 955 3
952 955 1
24 956 1
44 956 0
106 956 0
130 956 0
203 956 0
312 956 1
323 956 3
381 956 1
388 956 1
392 956 3
417 956 0
422 956 0
433 956 2
476 956 0
484 956 1
496 956 0
511 956 3
534 956 0
564 956 0
573 956 2
596 956 1
640 956 1
650 956 2
701 956 1
706 956 4
714 956 1
715 956 1
747 956 2
761 956 1
777 956 1
801 956 1
812 956 1
816 956 2
827 956 1
841 956 0
848 956 1
881 956 3
911 956 0
922 956 1
21 957 0
153 957 1
167 957 0
195 957 0
198 957 0
366 957 1
443 957 0
469 957 1
481 957 0
492 957 0
501 957 1
505 957 0
524 957 2
666 957 0
667 957 0
693 957 3
706 957 1
716 957 0
717 957 2
725 957 3
733 957 0
755 957 0
764 957 1
768 957 2
771 957 1
786 957 1
849 957 0
852 957 3
854 957 0
871 957 3
895 957 2
899 957 0
903 957 1
918 957 2
940 957 3
955 957 3
49 958 0
157 958 0
274 958 1
407 958 0
408 958 0
447 958 1
489 958 1
536 958 0
596 958 1
600 958 0
603 958 0
620 958 0
622 958 2
657 958 1
672 958 2
696 958 1
720 958 4
756 958 2
786 958 2
789 958 3
791 958 2
821 958 0
842 958 1
845 958 1
868 958 2
873 958 2
893 958 0
903 958 6
909 958 1
919 958 3
933 958 2
934 958 1
937 958 3
939 958 2
944 958 5
948 958 2
951 958 6
72 959 1
91 959 0
135 959 1
206 959 0
207 959 0
209 959 1
211 959 0
238 959 0
270 959 0
273 959 2
342 959 1
363 959 1
433 959 1
476 959 0
494 959 0
563 959 1
579 959 1
632 959 3
647 959 1
651 959 2
687 959 2
689 959 0
699 959 2
712 959 0
714 959 0
747 959 1
779 959 1
818 959 0
842 959 2
850 959 1
880 959 2
885 959 4
886 959 3
889 959 1
897 959 4
899 959 0
905 959 0
943 959 6
946 959 3
166 960 2
246 960 0
262 960 1
345 960 1
364 960 0
373 960 0
403 960 0
443 960 2
479 960 1
522 960 0
528 960 2
533 960 2
564 960 1
581 960 1
599 960 0
600 960 0
616 960 1
621 960 1
627 960 1
668 960 0
669 960 1
700 960 0
712 960 1
739 960 0
760 960 2
767 960 1
775 960 2
783 960 1
799 960 2
803 960 1
805 960 0
808 960 2
842 960 2
854 960 2
860 960 2
895 960 3
902 960 0
925 960 0
935 960 1
943 960 2
944 960 3
945 960 0
946 960 2
952 960 2
953 960 4
38 961 1
108 961 0
140 961 0
148 961 0
222 961 0
262 961 0
270 961 0
284 961 0
294 961 0
295 961 1
327 961 1
360 961 1
399 961 0
447 961 1
496 961 0
525 961 1
535 961 0
543 961 0
544 961 2
584 961 0
592 961 0
711 961 1
718 961 2
736 961 2
741 961 1
747 961 4
756 961 2
763 961 2
776 961 3
779 961 2
813 961 0
818 961 1
821 961 0
832 961 1
837 961 3
848 961 1
856 961 3
862 961 2
870 961 3
873 961 2
882 961 1
897 961 4
957 961 0
26 962 0
39 962 2
61 962 1
128 962 0
198 962 0
209 962 0
278 962 1
310 962 1
320 962 1
440 962 1
485 962 0
489 962 1
542 962 2
547 962 2
588 962 1
596 962 3
606 962 1
652 962 0
657 962 0
664 962 0
679 962 2
686 962 1
704 962 2
710 962 3
738 962 1
753 962 2
755 962 1
768 962 2
777 962 2
793 962 1
796 962 3
813 962 3
834 962 3
856 962 1
880 962 1
896 962 2
899 962 1
906 962 1
912 962 2
925 962 1
955 962 2
956 962 2
7 963 1
52 963 1
90 963 1
138 963 0
188 963 2
219 963 2
223 963 0
276 963 1
302 963 0
344 963 0
414 963 1
427 963 1
438 963 0
527 963 2
556 963 2
599 963 0
624 963 2
661 963 2
666 963 2
673 963 1
715 963 0
719 963 3
720 963 2
756 963 1
759 963 0
767 963 3
769 963 3
791 963 2
797 963 1
802 963 3
839 963 1
867 963 1
876 963 2
902 963 2
934 963 5
940 963 2
953 963 3
958 963 5
30 964 0
160 964 0
199 964 1
255 964 1
324 964 0
354 964 0
369 964 1
371 964 0
387 964 1
395 964 1
398 964 0
467 964 0
480 964 1
538 964 2
544 964 1
629 964 1
631 964 1
637 964 0
655 964 0
668 964 1
671 964 2
719 964 2
724 964 1
746 964 1
773 964 3
782 964 0
793 964 1
801 964 3
817 964 2
820 964 1
823 964 1
842 964 1
854 964 0
864 964 0
868 964 1
871 964 3
893 964 2
901 964 0
928 964 4
955 964 3
963 964 1
5 965 3
16 965 0
61 965 0
75 965 0
154 965 0
173 965 1
276 965 0
311 965 0
320 965 0
362 965 1
398 965 1
419 965 1
501 965 0
513 965 0
539 965 0
542 965 2
556 965 0
562 965 1
578 965 0
602 965 2
611 965 0
678 965 0
679 965 2
683 965 2
716 965 3
725 965 2
757 965 1
801 965 0
826 965 2
827 965 1
834 965 0
843 965 1
847 965 3
849 965 2
866 965 2
908 965 1
920 965 0
933 965 1
934 965 3
938 965 3
946 965 3
948 965 3
21 966 0
22 966 0
93 966 0
132 966 0
138 966 0
192 966 0
214 966 1
243 966 0
255 966 1
264 966 0
282 966 2
320 966 1
340 966 0
435 966 1
468 966 0
479 966 0
518 966 0
524 966 1
543 966 0
574 966 1
579 966 0
643 966 1
656 966 0
669 966 1
737 966 1
748 966 1
776 966 0
804 966 1
805 966 0
807 966 1
808 966 2
835 966 2
858 966 2
872 966 1
878 966 0
885 966 1
907 966 2
918 966 3
940 966 3
942 966 4
946 966 0
958 966 0
135 967 1
190 967 0
282 967 0
289 967 0
306 967 1
336 967 0
361 967 0
376 967 1
417 967 1
420 967 0
448 967 0
508 967 1
542 967 2
552 967 1
590 967 0
594 967 0
595 967 1
610 967 3
611 967 3
629 967 0
672 967 0
689 967 1
691 967 2
697 967 2
698 967 3
726 967 0
743 967 3
767 967 1
795 967 0
798 967 2
808 967 1
843 967 1
849 967 1
854 967 2
889 967 1
894 967 3
896 967 1
905 967 0
929 967 1
962 967 2
963 967 1
86 968 0
97 968 0
168 968 0
197 968 0
232 968 0
244 968 0
312 968 1
385 968 1
504 968 0
511 968 0
526 968 2
545 968 1
557 968 0
570 968 2
584 968 0
593 968 0
594 968 0
614 968 0
632 968 0
703 968 0
707 968 1
756 968 4
771 968 3
776 968 2
778 968 3
791 968 1
796 968 0
804 968 1
831 968 2
839 968 2
845 968 0
880 968 1
887 968 1
891 968 3
894 968 3
900 968 4
908 968 1
909 968 1
913 968 1
927 968 2
937 968 1
946 968 2
964 968 1
88 969 0
168 969 0
227 969 0
287 969 2
408 969 0
479 969 1
489 969 1
504 969 2
510 969 0
534 969 1
547 969 2
560 969 1
611 969 2
612 969 3
616 969 1
639 969 5
656 969 1
660 969 1
662 969 1
711 969 1
713 969 1
742 969 2
754 969 0
764 969 3
770 969 1
788 969 1
792 969 3
806 969 1
813 969 3
828 969 3
844 969 2
857 969 2
903 969 1
909 969 4
917 969 1
926 969 5
928 969 2
930 969 3
936 969 2
948 969 2
950 969 0
962 969 3
23 970 0
26 970 0
67 970 0
136 970 0
171 970 1
205 970 0
220 970 2
237 970 0
298 970 2
325 970 1
326 970 2
580 970 2
614 970 4
633 970 3
637 970 1
638 970 1
642 970 2
662 970 0
670 970 1
674 970 0
693 970 2
708 970 4
717 970 2
744 970 2
757 970 3
768 970 1
792 970 0
804 970 2
814 970 2
816 970 1
818 970 1
839 970 1
855 970 0
863 970 2
866 970 3
895 970 4
905 970 1
920 970 3
926 970 2
936 970 4
941 970 0
950 970 1
956 970 1
17 971 0
33 971 1
195 971 1
217 971 0
292 971 1
304 971 1
387 971 1
454 971 1
485 971 0
495 971 0
528 971 0
542 971 2
562 971 2
586 971 0
599 971 0
619 971 2
644 971 2
648 971 3
650 971 1
673 971 1
674 971 0
682 971 0
688 971 1
739 971 0
760 971 1
763 971 0
790 971 2
793 971 1
822 971 2
827 971 3
830 971 0
836 971 1
843 971 0
866 971 1
877 971 2
893 971 4
900 971 6
902 971 1
929 971 3
943 971 3
956 971 2
964 971 3
64 972 0
104 972 0
227 972 2
230 972 1
246 972 2
265 972 0
295 972 1
332 972 1
360 972 0
414 972 0
415 972 2
418 972 0
432 972 0
459 972 1
469 972 0
514 972 2
535 972 0
627 972 0
674 972 0
683 972 1
696 972 2
706 972 0
713 972 3
737 972 0
747 972 1
764 972 2
771 972 1
779 972 0
787 972 3
811 972 4
838 972 1
886 972 1
891 972 1
903 972 2
907 972 2
909 972 2
910 972 1
917 972 0
922 972 0
925 972 0
940 972 0
947 972 3
958 972 3
964 972 0
111 973 1
202 973 0
269 973 1
292 973 0
347 973 1
351 973 0
405 973 1
427 973 0
434 973 2
442 973 1
465 973 0
468 973 1
525 973 0
551 973 2
557 973 1
569 973 3
587 973 0
633 973 1
646 973 0
704 973 1
710 973 1
715 973 2
725 973 2
727 973 3
743 973 0
753 973 1
781 973 1
786 973 2
824 973 5
831 973 1
843 973 1
883 973 1
896 973 0
906 973 0
915 973 0
933 973 2
935 973 4
951 973 5
957 973 4
958 973 4
20 974 1
31 974 2
92 974 0
97 974 0
112 974 0
122 974 0
137 974 1
232 974 0
278 974 1
311 974 0
325 974 2
338 974 2
359 974 0
429 974 0
434 974 2
437 974 2
594 974 0
624 974 1
640 974 1
708 974 2
715 974 2
727 974 2
729 974 0
745 974 1
757 974 2
758 974 1
768 974 4
781 974 1
823 974 1
830 974 0
860 974 0
888 974 2
891 974 2
901 974 2
903 974 2
923 974 0
951 974 2
955 974 4
957 974 4
958 974 4
962 974 3
970 974 4
973 974 8
22 975 1
31 975 1
49 975 1
103 975 2
142 975 1
192 975 0
213 975 1
227 975 1
280 975 1
336 975 1
338 975 1
486 975 0
562 975 1
614 975 1
628 975 4
665 975 1
672 975 2
678 975 1
719 975 1
736 975 1
744 975 4
746 975 1
750 975 1
755 975 3
812 975 0
839 975 1
844 975 0
857 975 0
865 975 2
882 975 1
887 975 3
928 975 1
929 975 3
930 975 2
935 975 2
936 975 4
946 975 0
955 975 4
970 975 4
971 975 2
3 976 1
67 976 0
110 976 1
131 976 2
143 976 0
154 976 0
185 976 0
202 976 2
216 976 0
227 976 1
287 976 1
338 976 0
375 976 1
400 976 0
445 976 2
482 976 0
483 976 1
513 976 1
520 976 1
558 976 1
563 976 2
565 976 0
575 976 1
593 976 0
640 976 0
649 976 1
664 976 0
670 976 0
677 976 1
679 976 1
733 976 1
768 976 2
786 976 2
794 976 0
801 976 3
834 976 2
836 976 2
852 976 0
866 976 0
898 976 2
903 976 2
913 976 2
938 976 2
942 976 1
972 976 2
5 977 3
129 977 0
134 977 0
307 977 2
309 977 2
329 977 2
350 977 0
359 977 0
369 977 1
383 977 1
441 977 1
470 977 2
509 977 3
510 977 1
522 977 0
614 977 1
644 977 1
648 977 1
682 977 1
692 977 3
696 977 0
697 977 0
708 977 2
709 977 1
716 977 2
718 977 1
725 977 1
769 977 2
775 977 2
782 977 2
802 977 2
806 977 0
830 977 1
860 977 2
864 977 2
898 977 3
902 977 2
911 977 1
914 977 1
917 977 1
931 977 3
932 977 1
940 977 3
961 977 1
963 977 5
965 977 3
4 978 0
12 978 0
28 978 0
32 978 0
51 978 0
252 978 0
259 978 0
291 978 0
337 978 2
353 978 1
360 978 0
384 978 0
388 978 1
409 978 0
411 978 0
426 978 1
483 978 0
521 978 0
532 978 2
562 978 1
614 978 2
617 978 1
653 978 1
681 978 0
716 978 0
723 978 1
736 978 0
742 978 2
761 978 2
766 978 1
773 978 1
775 978 1
794 978 2
845 978 4
865 978 2
886 978 3
911 978 2
912 978 2
913 978 1
918 978 0
931 978 0
953 978 1
959 978 2
4 979 0
22 979 0
62 979 0
85 979 0
134 979 0
176 979 0
178 979 0
280 979 0
366 979 0
389 979 0
412 979 0
448 979 1
462 979 0
530 979 0
537 979 0
543 979 0
571 979 1
572 979 0
577 979 1
594 979 0
613 979 1
622 979 1
660 979 0
678 979 1
681 979 1
688 979 1
734 979 1
758 979 1
765 979 1
772 979 1
776 979 0
785 979 2
795 979 0
800 979 2
824 979 2
840 979 0
842 979 2
844 979 0
882 979 3
924 979 0
931 979 3
932 979 0
946 979 2
949 979 0
953 979 3
973 979 1
66 980 0
142 980 0
217 980 1
239 980 2
273 980 2
310 980 0
323 980 1
346 980 1
354 980 0
375 980 0
392 980 1
501 980 2
532 980 1
549 980 1
573 980 2
591 980 0
604 980 4
613 980 1
627 980 2
630 980 1
635 980 3
658 980 2
666 980 2
693 980 1
731 980 1
747 980 2
791 980 1
793 980 1
808 980 2
830 980 4
831 980 2
859 980 1
876 980 1
882 980 2
894 980 3
902 980 2
906 980 2
917 980 3
930 980 3
942 980 1
946 980 3
956 980 4
959 980 3
968 980 4
969 980 3
11 981 1
53 981 0
61 981 0
128 981 0
155 981 1
249 981 0
273 981 0
297 981 0
318 981 0
320 981 1
341 981 0
372 981 2
375 981 0
383 981 1
488 981 1
534 981 0
561 981 0
562 981 1
585 981 1
588 981 2
607 981 0
625 981 0
659 981 3
677 981 1
694 981 2
698 981 1
701 981 1
704 981 1
722 981 3
723 981 3
750 981 1
752 981 2
787 981 1
794 981 3
808 981 0
820 981 1
831 981 2
835 981 2
843 981 1
845 981 4
868 981 3
869 981 5
904 981 4
908 981 1
941 981 1
951 981 1
978 981 4
6 982 0
99 982 0
149 982 0
157 982 1
165 982 0
232 982 0
240 982 0
364 982 0
386 982 2
405 982 1
421 982 0
428 982 0
452 982 1
463 982 0
514 982 1
521 982 0
544 982 0
567 982 3
593 982 1
654 982 1
683 982 2
697 982 2
700 982 0
721 982 4
767 982 2
770 982 1
779 982 0
793 982 1
800 982 2
837 982 2
840 982 2
841 982 0
851 982 2
854 982 0
863 982 0
865 982 2
873 982 1
874 982 3
886 982 1
889 982 1
904 982 3
923 982 3
966 982 0
975 982 2
56 983 2
116 983 0
118 983 1
138 983 0
200 983 0
210 983 0
352 983 3
392 983 0
474 983 1
479 983 2
530 983 2
576 983 2
635 983 0
665 983 2
670 983 0
688 983 3
693 983 1
699 983 2
700 983 1
706 983 2
715 983 3
725 983 3
761 983 2
766 983 2
791 983 1
807 983 1
814 983 1
829 983 3
843 983 3
855 983 0
863 983 3
866 983 0
872 983 2
886 983 4
889 983 3
904 983 3
916 983 3
950 983 2
957 983 4
959 983 4
973 983 4
978 983 4
18 984 0
19 984 0
76 984 0
91 984 0
103 984 1
147 984 0
196 984 0
227 984 2
230 984 1
302 984 0
312 984 1
326 984 1
357 984 2
363 984 0
387 984 1
401 984 1
411 984 0
506 984 1
531 984 2
616 984 1
628 984 2
634 984 2
640 984 1
648 984 1
660 984 3
674 984 0
687 984 2
723 984 0
727 984 4
748 984 2
769 984 1
821 984 0
833 984 1
863 984 2
883 984 4
888 984 2
907 984 4
912 984 3
935 984 3
940 984 2
943 984 0
952 984 4
954 984 1
955 984 6
973 984 3
975 984 5
27 985 1
32 985 1
44 985 1
93 985 0
100 985 0
128 985 1
141 985 0
171 985 0
206 985 0
232 985 1
242 985 0
301 985 0
340 985 0
371 985 2
405 985 1
412 985 0
452 985 1
459 985 1
471 985 1
487 985 0
510 985 0
552 985 1
609 985 1
612 985 0
618 985 0
644 985 1
671 985 2
703 985 1
722 985 1
724 985 2
737 985 1
747 985 1
753 985 1
824 985 1
838 985 0
883 985 2
884 985 0
887 985 2
889 985 2
898 985 0
913 985 1
914 985 2
917 985 3
929 985 2
952 985 1
971 985 2
984 985 2
15 986 0
26 986 0
29 986 2
121 986 1
128 986 0
146 986 0
178 986 0
193 986 1
252 986 0
259 986 0
318 986 0
344 986 0
453 986 2
457 986 1
495 986 1
521 986 1
530 986 3
541 986 1
600 986 0
637 986 2
660 986 1
677 986 2
704 986 2
713 986 3
715 986 1
716 986 1
718 986 1
742 986 1
811 986 2
815 986 2
818 986 0
832 986 2
838 986 1
858 986 2
859 986 4
868 986 3
889 986 3
892 986 1
898 986 4
905 986 0
916 986 5
921 986 2
925 986 1
926 986 1
932 986 1
954 986 3
983 986 4
28 987 1
41 987 0
46 987 0
66 987 0
162 987 0
247 987 0
291 987 1
339 987 0
386 987 1
414 987 3
475 987 1
481 987 0
522 987 1
575 987 1
599 987 1
602 987 2
605 987 1
607 987 1
623 987 3
625 987 1
639 987 2
662 987 3
665 987 1
666 987 0
670 987 1
676 987 2
679 987 1
730 987 1
773 987 2
776 987 2
777 987 1
778 987 3
811 987 0
821 987 0
838 987 0
872 987 0
877 987 3
887 987 4
889 987 3
900 987 3
912 987 5
914 987 4
922 987 0
964 987 2
968 987 5
969 987 2
975 987 3
982 987 3
2 988 0
14 988 1
64 988 1
160 988 0
206 988 0
229 988 0
245 988 1
341 988 0
348 988 0
453 988 0
457 988 3
467 988 0
528 988 0
546 988 1
572 988 1
576 988 0
580 988 1
598 988 0
601 988 0
603 988 0
613 988 3
614 988 2
632 988 2
635 988 1
652 988 0
679 988 1
717 988 2
730 988 1
742 988 4
820 988 0
824 988 2
830 988 2
837 988 4
846 988 1
861 988 0
872 988 2
888 988 4
897 988 6
908 988 2
934 988 0
936 988 3
943 988 3
966 988 1
969 988 3
970 988 4
973 988 1
978 988 2
980 988 4
48 989 0
68 989 2
80 989 1
125 989 0
157 989 0
175 989 2
216 989 0
313 989 1
372 989 1
375 989 1
422 989 0
519 989 2
571 989 2
621 989 0
641 989 0
679 989 2
691 989 2
698 989 2
723 989 3
758 989 3
784 989 2
807 989 3
808 989 3
831 989 2
836 989 3
842 989 1
847 989 6
853 989 0
859 989 1
861 989 3
862 989 1
863 989 3
876 989 0
885 989 0
886 989 2
890 989 3
895 989 4
900 989 0
919 989 2
927 989 3
932 989 2
949 989 1
952 989 5
965 989 3
967 989 3
973 989 2
974 989 3
975 989 0
7 990 1
26 990 0
28 990 0
70 990 0
100 990 0
102 990 0
144 990 0
218 990 0
230 990 0
234 990 0
242 990 0
261 990 1
293 990 0
305 990 1
306 990 0
315 990 1
337 990 1
352 990 1
356 990 1
358 990 1
389 990 0
413 990 1
424 990 0
446 990 0
452 990 1
537 990 2
567 990 2
571 990 0
629 990 0
641 990 1
648 990 1
686 990 0
694 990 0
711 990 2
734 990 0
738 990 1
741 990 0
775 990 1
784 990 1
886 990 2
887 990 4
907 990 1
911 990 1
912 990 4
934 990 3
963 990 3
975 990 1
983 990 2
0 991 1
40 991 0
157 991 1
163 991 2
182 991 0
262 991 1
265 991 0
294 991 1
332 991 1
353 991 0
412 991 0
492 991 0
512 991 0
518 991 1
539 991 0
541 991 0
555 991 2
561 991 3
571 991 3
575 991 0
645 991 1
652 991 3
671 991 2
699 991 2
705 991 1
715 991 2
720 991 1
721 991 1
732 991 2
736 991 1
756 991 1
791 991 2
794 991 0
804 991 2
811 991 0
812 991 3
824 991 6
832 991 1
862 991 2
880 991 3
890 991 1
913 991 1
938 991 0
940 991 5
944 991 2
967 991 0
971 991 0
982 991 2
983 991 3
88 992 1
166 992 0
314 992 0
332 992 1
336 992 1
390 992 0
413 992 1
441 992 0
486 992 0
487 992 1
500 992 1
509 992 1
535 992 2
553 992 0
586 992 0
589 992 0
650 992 1
675 992 2
693 992 1
696 992 1
740 992 2
772 992 1
773 992 0
778 992 1
795 992 1
798 992 0
800 992 2
809 992 1
831 992 1
840 992 2
882 992 0
884 992 3
897 992 5
907 992 2
912 992 2
920 992 1
924 992 1
930 992 4
931 992 3
941 992 3
942 992 1
949 992 1
952 992 1
954 992 2
957 992 1
959 992 1
963 992 1
988 992 1
990 992 4
27 993 0
29 993 0
48 993 0
66 993 0
89 993 0
119 993 0
133 993 0
141 993 0
143 993 0
150 993 3
188 993 0
246 993 1
269 993 0
312 993 0
328 993 1
336 993 2
348 993 0
438 993 2
497 993 1
548 993 0
574 993 1
598 993 0
624 993 1
628 993 2
630 993 2
696 993 3
701 993 0
709 993 0
739 993 1
767 993 0
790 993 1
822 993 1
823 993 3
827 993 1
835 993 3
839 993 1
846 993 1
852 993 2
858 993 2
905 993 1
910 993 2
912 993 1
924 993 1
926 993 1
941 993 2
951 993 2
957 993 1
966 993 3
972 993 3
52 994 1
53 994 0
123 994 0
164 994 0
187 994 1
222 994 0
225 994 0
228 994 0
250 994 0
284 994 1
306 994 0
365 994 2
369 994 0
395 994 1
414 994 2
462 994 2
467 994 0
479 994 0
487 994 1
527 994 1
565 994 0
566 994 2
601 994 2
630 994 1
634 994 0
652 994 1
662 994 2
684 994 2
749 994 1
793 994 4
807 994 1
828 994 1
832 994 3
853 994 3
873 994 1
886 994 1
889 994 3
901 994 3
912 994 3
936 994 2
940 994 3
944 994 4
952 994 0
958 994 4
963 994 5
974 994 2
980 994 2
986 994 2
987 994 4
15 995 1
118 995 3
143 995 0
150 995 2
186 995 0
187 995 0
211 995 1
243 995 0
317 995 2
324 995 0
332 995 1
467 995 1
479 995 4
486 995 1
505 995 0
508 995 2
518 995 1
538 995 1
564 995 0
586 995 3
587 995 2
599 995 0
603 995 1
609 995 0
631 995 1
688 995 1
689 995 1
692 995 1
696 995 2
698 995 3
700 995 2
761 995 2
825 995 2
838 995 0
848 995 1
857 995 1
858 995 0
863 995 3
880 995 4
920 995 5
926 995 2
945 995 3
948 995 1
950 995 1
953 995 2
955 995 0
983 995 7
31 996 1
82 996 1
146 996 0
202 996 1
217 996 2
317 996 1
354 996 1
379 996 0
382 996 2
429 996 0
464 996 0
490 996 0
499 996 0
516 996 1
543 996 1
549 996 1
601 996 2
625 996 3
643 996 1
653 996 1
654 996 1
717 996 1
744 996 3
758 996 0
768 996 3
777 996 1
784 996 1
793 996 2
804 996 1
813 996 2
815 996 1
819 996 3
833 996 0
856 996 0
862 996 0
868 996 0
876 996 1
878 996 2
904 996 2
914 996 3
925 996 1
939 996 1
940 996 2
957 996 3
959 996 0
967 996 0
975 996 2
976 996 2
995 996 1
80 997 2
161 997 0
175 997 3
215 997 0
218 997 0
287 997 1
299 997 0
316 997 0
349 997 2
419 997 1
423 997 0
441 997 0
461 997 1
473 997 0
492 997 1
506 997 1
518 997 2
528 997 3
598 997 0
604 997 0
616 997 2
684 997 1
697 997 1
708 997 1
720 997 2
742 997 2
755 997 0
761 997 1
767 997 2
768 997 3
771 997 0
785 997 3
800 997 5
825 997 3
828 997 1
832 997 1
868 997 0
872 997 0
886 997 3
914 997 3
946 997 3
953 997 4
965 997 3
969 997 4
974 997 3
979 997 4
982 997 4
985 997 1
989 997 5
995 997 4
63 998 1
75 998 0
87 998 1
92 998 1
192 998 0
212 998 0
248 998 0
300 998 0
316 998 0
333 998 0
376 998 2
391 998 1
412 998 0
424 998 0
443 998 0
450 998 0
462 998 1
463 998 0
480 998 0
544 998 1
553 998 1
558 998 2
606 998 0
617 998 0
619 998 1
624 998 1
634 998 1
707 998 1
736 998 1
743 998 1
782 998 2
787 998 0
806 998 3
823 998 3
828 998 1
853 998 1
856 998 2
874 998 2
899 998 2
904 998 2
914 998 0
918 998 0
919 998 2
937 998 5
947 998 3
955 998 3
961 998 3
967 998 2
983 998 1
984 998 2
34 999 1
69 999 0
96 999 0
109 999 0
160 999 2
219 999 2
225 999 0
238 999 1
290 999 0
337 999 1
351 999 0
399 999 1
498 999 0
500 999 1
502 999 1
510 999 2
536 999 0
579 999 1
601 999 2
626 999 2
631 999 2
643 999 0
644 999 4
647 999 2
648 999 3
686 999 1
699 999 1
708 999 1
729 999 0
734 999 0
742 999 1
745 999 0
783 999 1
845 999 4
846 999 1
861 999 2
863 999 2
883 999 0
892 999 0
899 999 2
900 999 2
903 999 0
912 999 2
913 999 2
920 999 2
927 999 1
963 999 2
971 999 3
977 999 5
978 999 5
