25
17
17
25
9
2
17
14
16
31
15
12
7
21
24
22
3
17
30
21
7
17
15
8
28
9
30
24
10
17
19
29
6
3
5
2
22
12
28
13
29
2
21
13
2
17
19
3
29
32
9
26
29
6
11
18
31
15
32
14
15
12
13
25
17
22
6
19
20
28
5
17
28
19
12
18
22
2
15
20
5
26
11
20
11
9
8
25
23
14
18
24
32
19
7
8
10
15
23
1
12
25
27
28
20
14
29
11
30
1
23
27
13
21
12
4
14
4
31
23
28
14
17
31
3
11
28
24
27
19
7
18
2
12
22
19
11
14
25
29
2
1
13
9
11
30
13
24
20
4
21
26
11
26
17
24
30
26
14
18
12
28
4
12
16
4
26
30
11
30
2
31
23
12
9
25
13
25
28
8
18
28
7
20
24
11
15
29
1
24
29
22
21
14
1
17
8
1
28
29
27
27
19
25
30
8
1
8
21
30
4
15
20
22
20
28
11
2
6
32
7
5
3
13
24
30
31
19
13
19
9
3
23
2
9
12
30
1
13
16
6
17
11
9
24
31
4
8
2
30
30
11
21
19
8
9
10
16
31
28
12
26
20
5
24
21
15
28
19
8
12
9
6
21
10
1
20
15
26
11
3
2
1
26
15
21
8
10
29
32
14
13
12
14
16
10
21
31
9
1
27
30
5
17
21
5
14
1
21
20
4
19
17
12
6
26
11
8
26
31
3
10
32
16
29
30
10
23
20
5
1
20
5
21
5
6
7
12
8
15
26
14
13
14
21
17
22
22
21
5
30
25
19
15
13
13
14
2
13
25
1
3
8
19
23
11
25
15
27
13
32
6
3
1
24
13
12
21
19
12
26
31
28
32
5
3
10
15
7
11
29
13
8
1
4
29
17
31
19
17
7
25
17
5
14
21
6
29
8
7
17
16
5
1
15
12
7
13
23
15
26
2
20
30
7
21
31
30
20
8
27
9
32
17
1
17
13
29
20
5
24
28
6
29
7
10
9
23
8
19
12
27
10
8
28
13
22
2
20
3
6
9
17
23
19
28
29
4
9
28
22
16
5
26
12
6
14
20
29
21
23
6
2
28
13
2
9
2
11
11
31
3
12
4
17
24
22
17
24
27
12
5
30
19
29
12
27
12
23
4
7
7
8
6
32
14
13
13
3
30
19
10
19
27
29
19
15
13
11
5
16
18
1
30
8
11
26
3
11
1
32
26
13
21
27
16
24
30
14
23
18
24
20
32
18
14
10
13
32
2
10
32
26
21
5
2
17
8
15
25
19
28
17
18
30
2
26
26
32
20
4
30
8
10
14
5
24
24
13
30
16
28
25
8
28
21
28
21
25
12
6
8
14
16
14
16
4
6
32
5
8
8
19
17
31
26
10
13
29
27
28
16
27
12
16
18
5
25
27
11
8
11
18
11
13
10
16
8
6
30
31
1
1
9
19
5
2
5
32
20
32
29
1
3
17
12
25
29
17
15
23
3
26
12
15
22
29
19
3
17
29
21
28
29
22
14
1
21
19
1
1
25
23
14
27
25
20
30
12
25
17
10
4
16
11
28
26
32
5
7
11
14
12
27
28
14
22
14
22
19
24
7
18
30
26
13
13
24
2
11
22
19
23
10
30
26
1
29
28
23
4
30
16
8
23
28
14
9
3
6
8
30
26
20
18
14
8
20
28
26
16
13
7
3
2
5
5
31
2
20
32
4
11
18
1
17
19
1
28
30
3
19
30
4
2
15
29
20
29
25
30
16
30
18
27
29
29
22
10
4
26
12
7
12
30
7
28
21
28
31
16
29
27
21
22
32
2
8
12
18
3
11
11
12
32
12
4
1
14
18
17
18
9
26
25
7
32
2
8
10
11
15
28
18
29
13
23
15
28
13
8
21
22
18
31
5
11
26
32
22
13
7
14
1
19
9
28
24
24
30
6
24
11
8
8
8
16
6
15
26
18
21
32
31
29
2
8
29
26
26
4
3
29
6
13
29
25
29
29
1
6
12
19
14
11
14
19
4
1
21
17
14
29
3
7
26
18
21
32
25
24
16
24
30
32
22
16
18
11
15
13
24
12
17
28
20
28
21
30
21
11
29
1
13
21
29
2
24
29
15
30
15
8
8
8
2
29
2
2
14
13
24
29
21
12
5
13
28
30
14
2
12
29
12
12
8
12
11
12
29
11
28
14
1
14
12
12
21
19
30
28
21
28
28
30
13
28
21
12
21
8
21
8
8
8
12
8
28
28
29
