13
28
23
28
4
32
27
14
26
31
28
3
5
32
22
9
23
16
27
13
4
8
27
6
31
23
20
26
30
3
7
3
12
21
30
23
30
8
2
33
5
16
26
24
12
19
26
10
27
23
4
1
18
4
31
34
30
12
31
28
5
30
2
23
11
4
9
1
26
20
7
29
19
16
14
1
16
32
32
2
6
2
33
27
13
10
12
33
18
19
19
4
12
34
29
17
13
16
2
29
5
10
15
8
34
21
31
6
31
11
19
23
16
22
5
26
14
19
3
28
31
21
32
15
3
10
21
7
32
27
6
16
9
19
5
23
33
8
22
19
31
20
28
27
27
5
14
33
33
27
30
11
22
14
7
12
24
25
22
30
24
31
26
20
30
19
20
19
7
8
14
26
27
32
25
28
26
16
9
10
23
21
5
21
26
31
16
21
2
1
31
8
19
28
23
4
19
4
17
2
8
33
27
34
10
19
14
30
23
13
27
28
28
14
33
13
15
2
3
29
30
33
19
20
24
2
4
28
17
13
26
19
33
6
23
4
30
26
2
6
4
9
20
3
11
28
20
3
23
22
25
28
12
23
26
4
1
12
27
14
31
22
15
15
6
33
21
23
11
34
15
1
11
1
27
16
10
24
20
15
17
33
32
2
15
21
31
32
13
14
2
33
1
10
30
16
26
19
16
29
27
1
20
17
18
2
16
10
25
30
23
1
32
14
4
5
8
31
7
14
2
29
2
13
33
24
32
16
30
31
12
26
27
28
10
4
6
11
17
2
12
19
23
28
9
22
26
30
11
26
32
2
22
4
28
32
1
27
28
14
15
26
26
31
20
32
29
16
34
7
11
16
20
17
27
15
12
22
24
1
20
18
9
25
32
30
1
19
22
3
13
20
3
2
16
31
8
9
33
22
17
16
24
7
20
8
28
23
8
16
32
18
13
14
27
2
2
18
15
11
16
22
20
25
11
11
9
10
19
16
7
3
17
2
1
31
22
15
26
31
31
18
32
12
1
4
16
29
18
17
9
15
11
26
13
8
10
21
17
4
29
5
6
4
9
15
14
2
33
34
34
1
27
29
11
9
32
19
1
8
32
25
31
32
13
31
13
22
2
19
25
6
15
19
31
14
8
21
2
4
12
16
27
9
33
27
19
2
13
22
10
9
33
9
14
27
29
31
14
5
33
4
18
20
9
14
6
1
12
2
31
28
32
19
19
11
28
22
16
27
16
27
4
19
25
6
17
31
21
7
5
25
28
12
31
33
26
9
4
21
31
22
31
7
34
6
14
13
25
8
3
3
33
30
13
13
13
4
7
10
10
4
27
26
27
24
26
18
2
19
22
33
31
24
19
28
10
33
18
8
31
19
29
33
32
22
10
29
9
4
33
6
18
25
12
14
8
26
1
33
16
7
2
30
23
22
14
4
31
12
33
24
29
24
2
34
6
2
2
32
6
4
4
16
19
29
17
20
4
15
3
5
9
26
27
8
25
11
2
8
26
1
26
17
20
28
30
31
18
13
14
34
4
27
31
31
25
23
27
9
4
34
2
14
22
18
5
19
25
14
28
29
1
7
21
32
19
15
33
3
26
29
27
13
1
30
26
4
17
32
13
32
17
4
2
33
34
31
15
26
23
6
2
29
10
17
19
1
13
26
32
21
5
27
12
6
6
30
8
25
5
10
8
28
9
17
26
14
33
23
27
34
18
2
15
12
32
17
33
13
14
26
32
5
17
10
22
15
26
23
16
30
25
19
3
34
9
16
16
32
3
24
26
2
11
27
7
22
16
2
32
3
18
34
14
32
21
16
10
34
33
24
5
10
2
19
4
6
5
4
18
27
24
15
15
16
1
1
27
20
7
33
3
6
2
7
29
26
2
25
10
25
19
32
5
10
22
27
34
18
12
17
31
11
2
7
18
12
16
1
3
1
23
27
19
26
14
34
9
29
31
23
2
19
20
33
22
26
16
7
9
16
11
32
30
25
16
4
28
27
19
24
30
1
31
16
16
33
19
13
17
32
3
31
20
4
19
8
27
31
28
11
20
2
19
26
14
13
24
5
28
19
28
14
27
14
15
21
2
1
20
16
23
1
1
9
11
20
31
20
19
24
21
7
5
6
30
2
28
13
31
9
8
15
26
27
21
14
21
12
32
9
32
19
30
23
9
12
19
26
24
27
22
21
23
8
25
18
24
12
24
14
30
34
31
27
3
21
3
6
31
2
29
16
10
13
28
27
2
32
34
27
1
23
30
17
14
16
6
20
