9
7
21
24
26
2
1
4
8
17
4
14
1
27
7
7
30
14
20
12
14
14
7
4
27
19
31
16
11
10
30
18
17
7
25
19
22
29
28
21
16
4
18
5
10
1
3
3
5
6
10
12
21
23
24
15
31
6
11
4
23
10
21
7
14
30
23
19
11
5
19
27
24
19
19
31
25
3
25
26
4
6
2
27
22
21
3
12
29
7
26
25
12
8
19
8
31
14
27
25
4
8
20
29
11
14
23
10
31
11
7
7
1
25
29
12
3
11
10
24
18
31
14
26
8
9
19
29
12
11
28
23
2
20
15
25
24
9
16
9
30
12
23
1
31
31
14
6
23
12
7
23
22
21
2
18
8
12
24
13
29
30
4
8
6
27
25
23
31
15
6
6
5
24
30
14
25
16
10
25
19
7
31
21
25
12
13
2
10
11
5
17
30
19
9
10
4
16
6
8
3
14
17
8
16
24
25
29
1
9
28
24
14
29
24
6
19
28
24
29
6
5
12
4
27
27
5
22
9
30
4
28
23
4
18
28
1
14
10
28
20
31
10
8
20
7
5
23
1
25
19
27
27
21
1
16
6
19
11
19
13
2
3
17
25
30
4
1
22
24
30
25
4
2
10
16
20
7
23
25
2
3
26
23
3
4
30
25
30
2
14
19
18
13
27
25
17
23
31
12
12
16
14
17
6
7
5
21
1
26
13
28
24
17
18
4
1
20
25
5
24
18
29
25
11
14
18
2
29
29
31
22
27
23
2
2
16
27
5
5
2
2
9
15
18
1
19
16
13
5
17
24
20
11
8
17
13
2
2
17
29
31
3
9
24
17
18
20
18
23
15
28
26
21
10
21
5
14
25
1
17
6
25
1
30
25
30
10
8
28
16
21
2
22
31
29
25
10
2
2
15
5
22
8
20
19
4
6
14
31
6
4
3
19
25
10
8
28
15
28
28
8
1
14
3
15
10
4
5
18
15
24
6
15
4
19
27
3
2
17
10
31
7
10
9
1
19
16
30
15
10
18
1
12
15
28
14
27
14
29
1
6
1
6
9
10
4
3
4
29
27
29
17
31
30
9
20
2
14
29
9
22
30
21
8
15
3
31
1
12
8
9
9
11
9
14
11
31
1
10
31
21
25
3
30
26
5
8
29
18
14
4
22
13
10
20
7
1
9
4
17
4
14
3
8
24
4
15
13
23
28
22
6
26
30
27
12
9
14
9
27
30
17
6
20
30
22
24
31
4
25
10
23
19
18
3
18
14
30
21
5
28
30
12
25
13
26
20
1
18
19
25
26
18
1
23
2
19
10
19
8
26
11
29
1
2
22
25
17
7
20
12
11
29
9
13
4
11
6
1
23
2
10
13
13
21
9
10
21
2
14
21
10
17
26
10
17
18
25
10
26
17
5
15
14
3
12
30
17
20
1
27
6
30
9
15
2
10
10
7
6
20
22
24
1
21
9
20
5
13
30
24
17
27
19
3
1
10
9
18
5
8
9
3
2
4
10
11
28
18
24
25
9
20
3
27
25
4
20
13
17
19
4
28
24
25
29
25
10
26
2
30
12
4
18
7
9
13
1
14
7
14
17
16
13
2
25
1
14
19
30
6
24
4
29
9
25
27
1
19
18
14
16
23
27
19
31
31
13
4
9
31
29
11
24
18
7
12
1
29
27
4
22
9
14
16
10
12
13
22
22
20
17
3
30
6
25
31
13
8
19
22
30
27
15
9
29
14
16
30
8
6
3
10
27
1
6
19
14
28
2
25
30
28
15
30
2
2
1
14
7
31
8
12
5
9
9
8
8
15
3
18
29
26
31
15
28
30
2
29
16
29
10
16
22
5
12
12
9
11
28
29
28
4
10
17
12
27
2
11
1
7
12
15
1
11
22
19
26
25
29
4
12
2
16
18
18
13
30
13
1
30
30
4
26
4
11
9
28
2
5
1
10
19
11
10
14
16
29
12
1
10
28
21
25
6
3
29
23
12
8
19
10
4
8
2
17
30
2
10
26
13
31
12
20
13
14
10
13
29
10
11
1
12
5
4
5
1
30
1
9
29
19
24
31
29
21
9
19
25
21
19
8
4
2
9
2
22
14
30
23
4
11
17
31
20
29
11
9
19
22
1
4
11
12
2
14
15
25
29
25
2
30
9
30
14
6
31
29
1
19
21
23
5
15
8
18
1
30
31
19
9
23
26
2
9
17
4
28
23
20
4
17
2
22
29
31
28
9
6
24
30
2
5
17
23
19
6
4
6
