12
9
17
14
21
8
6
16
23
25
16
26
27
21
3
9
19
23
8
8
7
17
16
21
21
26
24
15
3
10
13
27
22
17
6
28
17
15
17
22
17
25
25
7
3
17
3
17
3
6
10
4
1
26
26
16
10
25
7
11
11
26
5
2
28
16
27
9
27
13
3
25
17
26
7
21
17
25
13
2
4
10
25
12
17
1
15
11
18
17
25
21
5
22
27
24
4
12
14
20
26
18
22
11
24
3
1
28
12
24
15
20
14
1
10
6
21
20
26
28
21
21
28
6
15
10
14
24
21
25
10
9
21
2
19
24
28
15
24
18
11
10
9
22
25
9
15
25
27
28
27
26
5
7
5
3
16
3
9
20
5
6
5
27
20
3
6
8
7
19
22
26
22
14
28
13
19
9
11
6
15
13
27
6
23
14
24
13
13
21
21
18
22
26
16
1
18
26
19
6
9
16
28
25
10
19
3
2
20
6
7
3
17
14
13
24
19
12
25
2
22
2
9
16
18
28
21
25
4
3
27
22
7
3
4
17
27
18
20
6
2
6
24
27
13
21
24
15
25
11
18
21
12
1
6
18
12
6
21
11
3
3
26
28
3
14
13
19
27
24
26
20
11
10
17
13
13
13
25
14
2
3
28
14
21
23
19
21
20
27
12
22
18
24
1
19
20
17
16
10
25
14
20
28
17
4
15
20
28
10
27
18
3
9
18
9
20
21
11
11
3
6
17
16
12
2
11
1
28
27
16
16
24
22
18
26
15
5
10
10
4
7
6
21
26
2
27
24
2
22
5
23
15
28
16
9
10
27
17
18
12
26
20
20
25
20
16
22
12
11
17
25
8
8
16
7
20
2
23
28
16
18
27
2
8
26
27
1
9
23
21
24
24
17
17
24
13
25
12
20
3
9
16
23
23
21
3
6
20
2
18
28
18
11
2
28
20
5
9
11
21
22
8
24
15
15
24
16
25
7
6
26
8
24
19
14
17
7
19
13
10
4
5
3
25
12
1
12
6
13
18
7
16
10
26
10
24
5
4
19
23
21
10
10
6
11
18
10
21
16
23
18
19
2
24
7
10
15
22
20
26
25
12
7
26
3
9
23
22
25
5
13
26
21
10
7
7
9
16
27
27
27
26
21
1
17
21
7
7
11
4
14
27
8
12
2
5
13
3
9
17
16
24
16
2
20
22
9
6
13
22
3
11
4
3
28
2
11
2
12
15
1
15
23
5
10
6
11
9
3
22
17
11
20
22
9
12
18
3
3
22
27
6
2
27
18
19
16
10
13
20
24
22
5
17
10
23
27
19
26
16
3
14
25
27
15
2
21
28
23
11
20
12
13
27
26
3
27
17
11
21
9
24
15
16
8
22
16
7
28
17
12
27
12
25
8
21
2
20
12
13
21
23
12
10
15
7
2
20
26
22
15
27
2
7
28
28
25
25
2
12
22
9
28
16
27
22
28
21
8
27
9
5
20
25
11
15
10
9
16
11
7
4
16
21
25
19
11
6
21
6
15
12
4
17
7
4
27
17
8
25
12
10
20
8
12
14
16
6
24
17
2
27
8
14
20
20
24
9
8
21
2
3
3
19
4
9
8
13
10
7
15
24
10
27
21
10
21
10
20
27
16
28
15
22
27
5
23
28
13
1
9
15
28
3
15
14
15
8
8
21
26
17
23
6
28
10
18
11
25
20
12
20
21
21
1
17
14
17
25
23
26
3
27
24
20
18
1
1
26
24
8
26
5
10
22
28
22
20
23
14
18
3
28
4
10
17
1
5
22
22
9
20
1
5
6
23
1
14
25
6
6
22
27
24
17
22
25
17
25
27
15
17
7
3
23
2
10
21
15
10
4
10
10
7
23
1
20
20
6
22
24
25
28
28
23
12
20
18
22
26
28
4
21
2
22
1
24
19
13
25
24
19
5
22
2
4
24
16
7
6
10
13
21
22
3
18
20
16
12
24
22
21
22
9
6
11
4
2
15
16
12
11
25
24
14
22
14
7
6
16
6
14
3
7
3
20
18
20
12
4
8
22
12
3
17
6
25
9
16
24
9
22
22
23
2
3
3
10
16
22
20
20
24
3
17
18
10
12
22
18
16
11
21
6
5
7
15
7
16
24
13
27
17
10
14
14
6
11
12
27
15
23
16
20
21
24
23
6
7
26
17
27
7
10
2
24
22
17
22
11
26
2
3
24
22
27
21
10
9
9
16
27
20
9
17
10
16
12
26
27
12
3
25
21
3
6
16
3
27
