5
10
1
27
18
9
26
17
26
11
20
2
25
17
29
7
3
10
3
10
6
31
30
29
6
5
11
18
11
24
14
21
11
16
31
17
26
13
2
14
7
7
14
19
24
17
4
11
30
18
30
4
24
15
30
3
29
17
12
6
16
30
6
10
17
29
4
12
19
2
13
4
25
9
4
27
20
10
9
5
12
30
6
12
29
17
5
5
31
28
2
17
12
8
1
22
30
8
7
12
16
11
8
23
16
13
15
27
26
10
27
30
8
7
19
2
8
3
31
32
29
24
12
20
25
6
24
4
28
8
32
10
1
12
8
16
24
10
21
32
27
20
24
3
23
6
18
11
2
14
27
9
13
32
19
13
2
19
27
8
29
9
4
25
32
6
25
23
24
27
3
11
32
18
21
26
27
15
5
16
16
24
14
8
11
28
25
3
25
26
26
30
12
8
26
9
13
2
4
5
15
19
25
21
17
30
1
7
32
26
19
4
14
10
30
32
22
18
9
4
20
12
25
25
15
23
20
22
21
5
13
29
22
31
4
16
4
8
1
11
20
6
13
21
25
17
8
29
28
25
23
26
28
11
31
26
26
11
30
3
2
24
15
8
1
22
20
8
17
27
21
26
16
18
9
16
29
21
4
27
5
18
13
27
10
9
32
8
2
29
28
19
8
31
18
32
16
31
16
24
13
17
29
11
19
5
10
22
4
2
10
11
31
29
12
24
2
14
31
11
7
24
22
26
5
5
22
31
2
29
31
26
23
7
12
21
27
17
2
2
9
11
25
28
2
5
9
17
11
1
15
5
32
21
28
17
13
3
28
23
28
7
32
14
29
17
14
32
1
7
16
31
18
10
14
7
29
10
14
8
22
25
27
9
25
21
9
14
13
10
1
15
12
2
4
21
13
20
6
12
18
24
8
32
16
17
9
24
18
21
14
2
29
16
16
8
6
12
26
7
21
11
31
19
18
23
14
26
4
27
12
10
10
14
1
25
12
18
29
31
23
5
29
31
5
24
7
29
9
31
29
27
23
13
17
2
4
23
27
29
21
5
13
13
12
20
4
21
21
6
13
11
19
28
24
11
21
17
18
4
31
5
10
5
14
31
23
23
7
25
30
29
31
1
28
11
15
18
5
12
6
12
17
16
11
21
18
17
9
6
6
20
24
6
14
17
5
25
27
20
28
10
2
15
23
16
3
29
17
17
20
10
26
11
26
2
6
11
16
15
8
6
9
22
23
9
6
2
18
18
14
22
22
5
5
16
27
32
16
17
17
17
8
29
3
23
9
18
30
5
24
22
16
9
16
32
28
20
23
32
7
23
8
15
22
31
7
11
30
5
4
26
11
21
21
6
17
18
12
31
15
31
4
13
2
22
30
19
2
5
29
17
4
27
10
27
13
16
6
31
26
31
4
23
26
27
31
22
26
4
29
11
16
29
16
1
16
18
25
11
8
6
19
25
21
1
1
28
31
19
32
30
27
31
6
6
1
20
12
29
28
26
8
29
20
4
16
21
18
10
21
14
28
11
8
24
23
8
19
6
28
31
20
1
10
18
6
9
21
10
21
25
5
32
7
16
16
24
18
3
12
4
17
30
6
22
26
11
4
28
29
21
6
26
6
29
13
18
7
29
17
15
14
9
19
5
31
29
3
3
29
8
20
1
16
26
24
5
17
8
5
23
17
22
10
25
23
28
10
15
32
10
19
23
27
2
22
17
6
11
24
31
24
27
26
24
3
29
13
3
16
30
12
7
23
24
23
21
17
4
27
24
11
4
18
26
8
25
10
4
18
4
16
9
28
5
8
26
29
16
5
18
13
28
13
8
11
1
31
27
3
8
28
2
23
8
17
17
27
14
27
24
31
13
25
10
4
30
4
13
21
19
2
12
11
11
31
26
30
17
5
16
26
23
32
1
24
3
27
23
31
19
20
5
31
15
4
30
20
4
11
8
11
28
19
25
14
21
31
26
3
27
20
26
18
28
10
29
6
32
21
4
16
13
31
17
31
19
8
29
31
4
4
17
6
17
15
17
28
20
17
26
20
18
27
8
24
17
13
9
5
2
15
1
6
21
13
16
5
31
20
31
24
6
27
31
10
27
17
32
13
23
27
16
8
14
8
10
29
26
8
6
26
3
28
13
19
27
15
6
8
1
4
23
26
18
16
8
5
18
26
9
7
25
9
12
21
31
9
19
31
21
10
15
19
6
12
25
13
28
2
13
8
5
24
29
13
4
12
8
22
28
31
25
29
18
19
24
9
18
