25
2
9
5
18
9
13
3
1
13
11
17
5
8
27
1
7
2
26
7
17
10
25
20
10
1
18
16
24
9
15
13
1
22
26
10
25
8
13
24
19
17
14
13
11
22
6
11
26
17
17
26
4
6
25
2
2
2
4
23
24
26
1
13
8
23
17
26
16
16
15
23
21
19
18
19
20
27
6
22
21
6
25
14
18
23
27
20
10
27
21
27
2
8
12
24
18
21
13
16
3
10
19
6
7
10
10
22
24
11
7
15
14
9
3
2
3
22
4
25
18
11
10
25
25
17
3
18
22
26
13
21
3
19
19
15
18
1
13
20
10
19
13
9
18
22
16
15
27
18
17
9
15
19
11
19
10
10
4
5
9
4
12
12
5
8
5
24
23
5
4
9
5
9
8
22
1
12
21
12
22
9
17
5
14
18
9
16
10
17
21
16
8
24
27
18
3
11
14
4
2
2
19
6
16
26
20
3
9
6
20
17
7
3
25
18
6
11
12
1
6
27
12
7
1
11
24
5
24
12
23
17
18
27
5
25
18
17
26
17
20
16
21
7
27
5
2
8
14
6
12
4
24
14
6
8
16
23
18
19
12
18
13
23
16
25
2
22
19
19
22
11
1
24
21
22
15
15
10
11
21
5
10
7
13
11
6
26
1
10
23
10
5
16
5
18
14
8
15
25
4
10
21
21
13
2
9
17
12
2
17
22
12
12
12
15
19
10
18
20
9
25
13
15
2
14
6
12
26
2
14
18
8
17
6
17
7
14
6
5
2
3
24
8
10
20
6
14
13
2
26
22
3
12
7
14
26
8
18
22
9
17
8
11
9
11
1
11
1
5
17
24
2
6
3
2
6
11
14
25
24
8
2
8
6
8
1
2
11
9
7
13
2
22
11
10
5
14
1
13
13
14
9
24
10
17
10
8
7
19
19
14
23
13
9
27
20
4
3
11
13
15
3
15
6
23
3
21
14
18
24
22
2
1
14
7
15
5
27
8
21
26
8
12
11
26
12
22
13
26
3
19
19
22
2
17
5
3
16
6
2
25
15
14
22
24
9
20
8
16
1
25
6
2
2
16
17
16
12
19
17
12
5
3
1
6
4
3
4
10
2
12
22
24
8
18
19
26
2
9
23
13
6
8
4
10
24
4
26
24
8
8
6
1
25
17
19
10
12
1
27
20
21
5
9
20
1
22
12
4
19
27
15
14
16
7
25
10
26
18
4
7
6
13
17
17
12
16
20
5
18
21
22
16
20
20
5
10
15
10
2
2
23
24
3
20
10
4
24
9
13
19
8
16
9
5
9
5
4
7
11
23
2
12
21
16
19
14
22
20
3
26
19
23
20
20
14
13
24
6
5
13
27
6
2
26
9
24
20
25
17
16
26
10
3
25
14
7
26
22
4
24
15
24
14
16
4
21
5
17
6
15
22
2
22
16
19
22
27
16
9
8
7
27
27
22
21
15
5
5
17
1
12
18
14
17
6
20
13
3
20
24
10
27
24
22
1
21
23
7
8
22
6
18
18
8
15
21
11
20
20
19
27
16
16
5
16
21
25
12
22
5
7
9
24
12
26
1
22
11
23
16
5
20
6
27
19
25
13
21
8
27
18
4
27
12
20
19
25
8
11
23
8
10
13
25
8
19
6
22
24
12
2
19
18
23
22
12
4
24
1
8
26
26
14
2
6
23
27
12
23
4
25
19
13
23
2
20
14
18
18
22
25
19
6
7
16
16
14
20
21
6
1
16
3
14
7
19
8
23
3
25
19
15
17
4
7
4
10
7
23
21
24
14
13
22
22
6
12
2
6
12
19
19
11
19
7
15
26
24
17
13
14
6
11
15
13
14
14
23
23
14
13
15
1
15
25
13
5
23
8
26
12
2
3
20
7
13
15
10
8
4
14
19
16
6
17
25
23
17
9
9
23
12
10
20
16
5
9
22
13
25
26
14
16
6
14
5
12
27
16
25
18
8
8
22
14
6
7
9
2
9
4
21
25
12
22
6
16
24
13
3
17
12
17
13
13
3
9
22
15
6
12
7
10
26
2
27
15
18
6
15
27
15
26
5
27
21
26
16
6
10
25
25
5
12
16
8
24
13
22
16
9
15
10
8
13
22
9
10
14
18
2
23
26
10
19
25
12
13
22
25
22
25
13
2
19
24
24
8
5
14
16
25
10
12
16
25
22
17
14
8
12
25
19
14
25
16
19
12
22
12
13
6
16
12
16
6
16
16
12
22
16
16
6
22
6
22
22
22
