11
10
13
4
13
9
18
11
16
24
8
32
19
29
5
22
3
31
15
7
9
5
9
3
18
15
30
28
17
31
31
28
9
28
24
8
9
22
21
6
10
18
32
16
9
4
7
2
5
5
19
27
13
14
23
2
4
16
25
2
17
27
8
5
17
18
13
31
25
1
22
22
27
3
3
4
31
21
12
11
24
31
15
20
28
1
4
9
7
16
11
9
28
22
28
23
14
2
11
1
31
31
19
5
6
11
6
12
1
26
5
3
16
24
17
11
14
21
6
3
26
21
27
1
1
12
25
15
13
2
28
30
2
7
22
2
6
13
8
23
9
12
15
30
5
17
9
28
31
1
2
17
6
23
5
21
27
27
13
15
24
9
30
7
29
12
1
15
2
21
25
15
23
23
19
9
22
16
8
9
17
21
15
3
3
3
2
31
19
30
9
11
32
32
15
6
22
23
17
18
12
16
15
20
19
32
24
27
15
30
18
21
24
32
8
28
10
14
27
14
16
3
13
13
1
1
11
28
21
13
27
9
31
25
21
4
18
21
31
28
31
3
28
23
28
18
14
8
2
15
15
13
21
14
6
1
26
24
18
9
25
25
4
11
6
9
13
23
7
31
5
14
9
31
32
31
22
4
20
30
4
4
19
20
22
26
13
16
24
18
16
15
1
13
9
18
21
25
31
24
27
5
10
22
29
32
18
23
1
17
16
2
5
32
4
10
11
31
11
12
25
16
26
20
32
18
30
18
26
13
32
26
11
29
25
27
19
10
4
29
7
22
8
14
9
21
19
5
21
3
15
26
6
9
11
23
2
4
27
25
3
30
28
31
22
16
25
1
11
31
23
24
26
17
26
32
4
27
13
10
2
21
28
5
4
24
5
2
14
27
29
28
9
31
23
11
8
24
2
32
11
32
3
21
1
31
6
9
5
6
11
21
6
5
18
15
23
29
11
22
15
30
21
6
29
10
13
5
17
32
12
14
31
31
18
1
22
3
8
19
1
11
4
7
29
15
16
25
15
14
6
31
5
5
31
31
17
22
22
32
20
21
29
26
3
21
15
2
14
25
10
16
10
30
19
1
15
8
30
30
15
5
25
23
28
30
28
10
31
29
29
16
10
5
22
18
25
8
15
6
6
18
20
1
24
17
18
9
30
21
31
21
9
7
2
12
4
20
6
6
24
27
28
15
27
25
28
20
5
3
1
18
23
18
8
9
27
21
22
6
15
3
3
12
15
2
21
3
19
24
20
5
18
28
2
11
18
30
19
20
25
8
31
31
6
5
19
11
27
13
1
5
15
27
13
10
13
23
11
5
5
18
19
9
11
18
11
28
17
4
15
21
27
10
12
30
24
2
1
22
15
32
25
28
31
31
7
27
30
21
6
31
20
8
9
2
14
3
3
6
16
3
9
26
29
27
11
8
10
2
11
30
30
23
10
13
10
2
1
13
19
6
9
16
18
31
25
17
19
4
10
13
24
17
8
20
19
12
28
23
21
16
11
3
7
22
4
22
1
31
25
20
3
24
5
10
1
16
12
3
17
16
20
11
13
7
31
15
8
29
29
25
15
25
14
4
31
23
26
8
4
5
20
12
29
8
25
5
2
18
3
5
4
21
24
8
24
22
3
13
6
28
30
20
12
15
25
8
3
11
14
15
15
16
27
27
22
28
29
12
16
5
22
28
25
3
24
25
6
25
22
20
2
2
1
5
1
11
7
3
11
22
19
18
28
26
21
13
20
1
32
29
23
27
11
26
15
4
28
4
22
23
2
16
32
21
5
17
3
5
10
28
25
30
21
5
25
3
15
22
15
21
2
7
19
19
8
9
12
12
26
16
13
8
6
11
15
11
11
26
20
15
5
25
15
31
25
17
25
23
7
32
2
16
23
27
14
31
3
1
32
22
6
16
26
32
7
13
26
5
5
25
6
2
5
18
5
5
32
3
27
21
9
31
28
1
23
23
20
1
13
2
2
27
22
16
29
18
30
31
4
26
14
29
13
15
11
7
21
8
21
17
13
7
10
12
21
18
27
11
28
32
1
1
31
31
22
12
22
9
26
21
5
32
11
27
21
27
12
21
12
27
22
23
9
1
22
13
9
21
11
26
18
17
11
3
3
29
2
2
7
15
17
7
14
5
2
14
1
18
4
11
19
10
5
16
13
3
11
5
21
24
25
22
26
3
21
8
27
9
25
21
8
31
5
13
4
16
11
22
11
22
1
11
11
6
21
4
28
18
6
8
9
3
25
5
21
31
28
16
