15
28
26
22
10
7
21
3
7
14
24
24
7
17
26
6
4
32
1
33
22
24
22
6
5
27
5
22
32
19
5
2
23
10
28
16
30
22
2
7
16
18
19
26
32
2
10
10
30
3
7
10
11
20
25
26
14
27
28
6
4
32
20
22
2
10
26
16
27
30
10
2
33
12
14
25
12
18
4
7
27
4
23
13
31
8
33
5
25
4
30
19
30
2
18
5
3
2
28
23
25
7
9
32
18
13
22
5
17
24
23
33
9
29
21
7
7
7
32
1
10
8
15
21
1
19
33
30
14
18
26
21
2
21
13
29
8
26
5
10
25
15
4
2
14
24
27
24
4
2
4
32
18
7
5
21
22
5
8
19
17
31
24
7
13
2
4
28
1
30
3
27
23
21
13
25
15
9
20
14
4
30
2
16
22
19
4
26
25
28
10
7
18
32
32
2
19
24
18
24
26
32
15
5
33
16
19
14
24
13
6
27
16
9
1
5
20
6
27
22
11
9
17
22
32
4
11
6
11
31
12
33
29
11
6
7
7
30
18
31
9
33
5
22
1
21
8
6
28
2
2
24
31
17
29
21
25
3
2
28
7
26
29
5
10
18
1
15
22
19
16
2
23
33
4
24
9
31
4
2
24
27
31
11
13
4
7
25
21
12
18
5
6
2
12
1
24
31
2
6
30
4
20
32
22
23
8
27
23
28
25
1
14
12
21
27
24
25
32
29
26
21
21
1
30
7
24
20
24
31
18
14
19
16
8
19
22
29
19
13
26
33
14
18
8
21
22
11
31
4
18
24
27
20
7
5
19
33
9
33
28
18
10
23
21
12
19
8
32
31
29
28
26
5
20
28
4
18
33
7
19
2
31
13
29
15
9
11
1
25
24
9
15
31
7
26
18
21
18
27
4
18
19
17
4
10
2
2
19
16
12
22
33
2
20
12
11
9
10
9
27
15
12
12
22
7
7
10
22
17
11
22
12
24
26
1
22
13
27
7
8
12
31
10
22
33
18
5
14
28
18
2
6
6
14
9
9
27
6
7
12
21
16
22
24
19
6
13
3
16
6
28
18
3
7
26
7
31
22
15
14
15
6
20
9
30
13
16
9
29
4
21
8
24
4
27
27
25
33
5
10
25
9
30
13
31
21
25
1
24
14
9
19
17
19
25
7
9
7
9
3
14
23
19
10
29
7
7
17
27
2
31
21
24
23
4
9
19
24
15
29
28
10
28
1
1
22
11
17
24
18
32
31
12
7
21
26
12
17
30
23
13
17
19
19
12
24
15
14
18
10
11
13
13
22
2
4
33
11
29
33
23
31
5
33
8
20
14
18
32
9
16
14
3
8
10
32
4
21
5
1
10
26
29
12
27
17
1
2
14
31
19
26
4
28
3
5
22
33
15
27
24
2
27
26
8
4
26
21
8
27
12
12
5
20
21
4
33
18
4
3
5
19
9
3
13
12
17
23
30
22
11
19
17
29
16
18
4
4
15
30
7
27
24
8
21
23
14
2
24
26
8
4
24
20
21
26
31
8
1
15
22
16
18
31
31
22
23
16
18
1
19
24
24
5
18
4
7
5
24
1
4
15
11
2
33
23
20
30
13
5
3
33
13
5
7
20
29
23
21
15
9
17
16
33
32
11
27
19
17
19
13
1
29
7
25
6
23
13
4
21
21
31
8
11
15
30
5
19
12
2
3
1
26
24
21
2
14
13
18
23
17
3
23
10
26
16
2
30
14
21
24
24
8
7
6
7
2
5
2
28
23
19
31
28
19
20
28
18
1
22
18
14
9
20
20
23
5
2
4
6
9
28
26
29
16
21
15
21
16
23
32
30
28
3
17
14
16
7
8
18
20
24
25
23
29
21
7
26
10
24
19
7
3
18
28
18
19
10
26
7
24
22
31
5
9
5
16
8
16
4
21
3
8
32
23
2
22
21
11
31
24
23
30
10
21
6
26
31
29
16
26
3
7
8
18
5
30
5
17
32
12
21
16
22
14
24
20
25
2
30
21
6
28
10
18
17
4
11
8
21
19
26
31
7
20
5
2
4
5
31
7
1
20
24
12
1
26
21
9
16
21
31
5
27
6
10
19
3
8
11
5
7
26
5
24
10
24
13
1
7
11
20
8
26
13
24
20
26
11
7
21
8
31
31
17
29
13
8
23
19
14
24
28
6
6
21
22
33
22
26
30
10
14
3
11
25
1
14
30
21
22
30
24
11
19
12
2
33
21
32
23
19
21
5
5
31
22
13
5
