9
3
8
20
28
31
16
21
22
25
16
20
30
9
26
19
17
5
7
32
6
9
28
4
29
1
30
15
19
26
30
28
21
16
33
10
15
3
15
9
31
14
17
3
15
33
23
4
12
22
3
3
17
33
1
4
8
6
6
27
6
1
33
5
11
2
6
7
24
17
23
29
31
15
22
15
29
23
9
29
32
2
22
9
27
3
26
6
15
1
18
7
18
6
16
25
30
1
10
33
2
18
26
21
12
9
3
31
3
23
15
28
21
5
11
33
2
29
20
12
19
33
1
31
33
9
13
4
22
29
16
8
23
16
27
24
27
30
25
6
32
28
1
24
22
17
33
14
25
10
17
2
29
14
25
30
24
23
25
14
11
19
30
9
15
12
31
21
1
26
12
21
24
21
1
24
17
4
24
10
14
6
10
22
20
5
14
1
20
6
13
2
30
30
30
16
14
30
14
14
7
18
26
31
23
3
19
26
29
7
5
5
30
1
19
29
30
2
1
22
31
4
25
15
16
13
14
12
30
13
26
9
30
27
7
6
11
26
27
20
2
2
25
11
8
2
23
29
29
1
18
12
13
12
16
6
30
33
13
14
6
28
5
12
1
16
16
32
3
18
22
10
15
22
33
14
3
29
17
26
5
6
26
33
5
2
24
2
18
19
5
24
15
12
19
8
18
30
33
1
24
7
19
11
13
25
26
7
10
25
5
12
12
21
2
30
33
22
19
21
25
14
33
30
28
30
24
7
5
26
13
19
32
9
17
12
31
13
25
33
3
23
32
14
1
32
24
16
22
1
14
4
1
33
7
22
14
21
1
13
7
17
16
9
32
22
27
18
11
6
16
2
18
13
8
13
16
33
15
33
1
1
21
28
19
4
25
27
16
28
29
2
12
20
29
8
25
4
17
19
22
24
13
15
26
4
22
30
8
28
17
26
14
30
31
4
33
27
1
19
13
22
24
30
4
12
12
2
3
20
12
26
16
22
8
4
1
1
3
22
19
6
1
26
5
31
17
30
26
22
29
14
31
1
26
10
18
6
25
30
30
8
32
26
19
1
32
20
24
18
13
33
17
13
29
24
15
26
6
15
29
25
6
1
27
9
6
3
11
20
32
29
10
6
6
26
21
3
3
27
31
19
9
19
24
16
10
14
2
21
9
26
12
16
19
14
10
14
25
1
33
16
26
28
21
17
4
11
17
20
22
4
12
23
7
6
3
19
9
26
16
26
23
15
19
18
26
22
7
5
29
27
28
25
5
3
26
20
26
8
31
17
11
12
33
8
33
6
3
20
26
29
19
4
30
16
8
14
32
17
26
12
1
27
13
23
19
28
18
12
17
12
15
19
26
12
7
1
21
9
33
19
19
22
19
6
2
27
17
20
4
18
14
9
7
6
22
31
17
31
14
27
20
7
31
25
10
15
31
15
14
6
31
6
13
30
18
2
4
24
16
7
21
7
23
2
32
6
14
4
3
6
6
21
26
1
19
16
6
23
15
4
17
29
24
6
15
16
29
21
3
7
13
6
17
30
29
10
7
7
5
30
12
31
32
24
12
8
10
6
32
3
21
14
16
32
6
28
19
9
20
32
18
18
7
10
13
19
19
8
28
28
15
1
33
9
16
6
17
28
5
1
33
9
23
26
21
33
2
16
12
20
8
21
28
21
17
11
12
14
31
7
7
23
26
17
9
24
10
25
16
30
9
32
25
26
1
33
26
4
8
1
17
11
18
21
10
15
26
18
17
17
14
9
22
19
33
17
4
21
4
21
18
28
12
32
2
22
33
2
4
26
10
28
11
8
2
29
23
5
9
20
10
28
18
6
24
11
1
32
14
28
26
17
10
23
32
11
24
4
5
27
31
32
29
10
33
20
12
31
8
1
15
19
24
32
27
27
27
17
21
10
21
2
11
12
3
18
1
16
16
30
24
9
6
1
11
17
18
4
15
33
1
6
9
33
28
27
18
26
17
1
27
32
21
14
16
14
4
29
6
27
19
19
26
30
27
19
30
12
23
2
19
7
27
18
26
24
11
11
31
30
22
25
33
22
21
6
6
26
16
33
31
9
8
26
7
31
17
27
2
17
6
10
10
3
33
14
29
26
20
17
23
24
22
16
12
32
8
14
8
30
33
13
22
4
5
13
19
19
25
12
12
5
6
30
20
30
11
28
4
26
24
23
12
17
31
2
4
23
29
33
7
2
4
2
18
9
16
14
5
28
4
1
17
8
24
21
11
19
33
22
6
30
19
33
9
18
22
4
