26
25
23
1
26
7
18
24
31
29
6
14
14
4
19
3
4
18
18
2
22
15
20
25
1
8
26
22
2
30
13
13
25
11
18
16
4
5
6
12
11
11
22
30
30
15
4
3
6
23
5
3
13
28
21
20
22
11
18
30
21
25
26
8
15
1
14
4
8
6
31
22
3
10
1
7
8
20
19
15
4
28
13
4
5
13
27
8
21
17
31
9
12
30
15
26
12
14
11
16
26
19
13
23
17
24
18
16
31
17
23
16
12
25
7
4
23
21
4
14
17
23
2
17
2
1
8
8
30
23
12
27
22
6
24
17
19
9
29
15
16
30
14
31
15
27
12
1
30
16
16
26
26
14
10
30
22
16
19
27
23
15
4
24
19
19
7
21
18
4
13
19
9
3
8
14
25
16
4
9
1
5
10
16
3
23
18
12
16
12
30
23
4
12
7
8
26
11
17
1
9
9
13
6
16
13
15
27
20
4
6
27
10
1
8
5
22
13
15
30
2
7
2
14
1
13
23
12
25
17
13
7
12
3
27
2
17
4
31
19
1
29
17
27
16
24
19
27
6
3
6
17
20
25
22
23
15
30
6
4
12
15
28
16
20
2
14
8
6
20
13
22
10
20
14
11
3
13
18
24
17
28
13
21
31
9
27
26
6
7
25
15
26
20
6
4
17
17
21
8
28
9
6
2
31
9
29
25
28
24
21
12
31
3
10
9
11
22
25
30
1
30
14
1
24
3
9
4
12
17
11
15
19
8
6
20
28
20
13
19
2
31
2
28
16
28
16
17
4
5
7
2
28
1
9
18
20
31
1
2
4
2
28
17
3
26
22
30
8
5
10
30
3
27
3
1
4
29
17
22
10
15
1
31
16
2
4
16
23
27
28
1
4
28
25
22
1
28
28
15
31
17
23
22
10
11
3
8
9
18
3
16
5
15
6
8
7
17
22
17
24
31
12
4
9
7
9
23
29
2
26
24
6
6
19
19
22
22
18
4
27
11
10
31
29
2
14
31
24
27
23
22
19
26
22
1
26
9
26
26
20
27
4
27
18
14
11
6
2
7
22
6
22
4
7
1
3
9
8
26
21
1
20
31
3
9
25
12
22
15
7
4
21
19
30
30
19
18
31
18
30
5
17
3
1
27
2
11
26
19
31
11
13
24
31
10
25
9
30
5
25
10
15
22
29
1
16
2
6
15
26
28
3
27
21
11
9
26
14
23
19
31
5
20
14
24
27
29
9
17
3
26
27
10
28
19
22
5
1
9
26
1
6
24
12
8
7
4
2
16
11
4
10
13
23
14
2
15
6
23
8
6
20
19
4
22
20
8
21
20
10
25
25
26
31
24
3
28
5
8
17
1
7
2
8
18
26
5
22
25
2
1
26
16
11
30
9
29
29
5
26
13
22
26
11
2
6
31
15
10
27
28
10
21
17
13
11
11
4
28
6
7
8
27
1
12
2
19
5
16
10
13
4
14
26
26
26
4
28
8
25
25
5
15
6
5
15
5
9
7
13
10
7
10
29
15
23
22
24
20
20
8
5
19
28
18
5
18
1
11
9
10
31
19
3
23
15
25
25
29
19
12
26
21
4
6
8
27
6
27
26
25
24
4
16
31
17
23
4
8
1
14
21
7
28
16
10
9
5
30
29
2
25
17
16
11
28
10
10
11
23
12
29
14
10
23
24
22
20
28
20
29
11
2
20
20
13
7
16
25
10
5
27
26
3
13
13
19
29
24
11
4
22
13
17
17
15
23
4
14
10
17
29
21
7
6
20
16
23
3
31
19
2
26
9
7
11
22
26
3
16
30
3
10
21
27
28
29
8
1
26
20
22
7
28
10
6
8
31
12
28
8
15
18
24
16
29
3
1
6
7
3
9
13
23
31
2
22
11
1
13
16
11
15
8
28
13
22
7
31
23
18
31
21
8
1
30
30
31
20
19
24
12
29
18
26
27
8
7
27
22
9
14
31
5
27
21
17
24
16
2
10
25
9
26
11
10
20
8
21
30
3
9
13
26
7
21
28
21
7
19
31
28
17
17
18
23
24
25
1
17
10
26
1
13
13
24
8
23
13
17
9
2
6
8
3
3
4
7
4
30
2
2
17
3
27
23
8
27
27
20
26
22
23
16
6
2
20
26
23
9
19
3
6
23
2
13
26
31
23
10
13
26
23
3
13
1
31
13
3
2
1
1
22
13
8
13
22
22
13
26
1
1
4
13
8
26
4
22
8
13
26
1
1
1
4
4
4
26
1
