1
1
10
15
7
6
8
17
26
11
25
28
30
19
13
20
24
28
18
1
1
4
21
17
9
12
15
6
28
21
9
15
28
19
25
29
4
28
1
23
17
4
12
17
13
16
13
27
24
2
2
8
27
9
13
29
3
2
27
13
9
4
27
20
23
21
3
28
7
5
1
6
14
25
29
13
27
24
15
6
10
30
12
9
9
22
5
28
18
4
21
2
13
23
24
8
6
1
16
28
30
4
21
25
3
5
23
28
28
29
13
19
12
9
2
21
6
28
12
9
26
16
25
19
24
16
18
2
30
2
20
17
12
20
9
14
26
14
16
23
5
12
27
6
27
29
5
15
16
21
20
26
4
24
13
8
4
22
18
11
17
19
30
15
28
16
12
14
13
24
21
8
3
9
22
24
14
22
12
8
23
8
23
29
29
27
1
7
12
29
25
6
23
3
23
2
4
22
26
29
5
9
6
19
9
13
12
10
29
20
21
19
2
29
9
20
29
20
5
6
11
27
2
28
12
18
27
19
20
23
14
2
2
1
18
13
3
4
6
7
23
25
2
29
29
24
16
17
23
3
22
5
24
4
13
15
13
28
7
19
22
29
11
18
22
22
19
11
6
13
18
9
25
13
25
2
28
7
23
12
9
2
1
29
29
23
26
29
22
6
27
27
9
30
6
27
20
5
7
16
13
6
29
9
22
17
1
2
14
16
17
19
15
4
29
29
3
15
15
24
17
1
14
15
15
7
6
19
21
10
9
25
3
19
6
1
23
22
2
19
10
27
24
18
28
6
7
3
6
24
18
23
11
30
7
27
29
29
30
30
13
2
23
17
7
30
13
14
25
27
1
17
27
8
6
14
13
7
28
2
18
27
29
2
12
7
28
29
25
7
27
26
12
20
28
25
17
2
4
17
28
27
29
23
16
29
2
7
6
29
3
2
14
23
25
26
17
5
14
17
13
16
26
3
7
28
1
1
26
15
22
1
11
24
13
19
7
17
22
19
4
2
26
6
12
30
9
8
3
6
7
6
26
12
15
25
6
27
22
15
17
16
21
17
3
15
15
18
19
27
20
4
9
9
9
21
1
6
22
18
13
28
26
12
16
16
8
17
8
29
19
30
29
24
7
25
5
1
10
29
23
9
2
5
19
12
22
6
25
19
9
25
10
23
28
13
28
28
10
1
26
28
25
9
2
28
3
28
8
25
12
29
9
16
11
30
6
30
4
26
18
20
1
5
12
6
25
11
7
25
20
8
23
23
9
15
14
14
2
22
1
4
14
12
20
17
13
23
7
20
22
8
19
30
19
15
1
4
23
25
5
18
11
20
1
20
6
19
2
23
7
24
9
26
19
16
23
3
20
9
3
17
16
25
24
28
28
9
6
19
1
13
23
11
4
21
16
2
18
12
18
8
3
20
28
22
10
12
6
18
16
17
1
9
17
12
29
27
29
11
15
25
25
20
2
18
12
16
8
22
28
23
16
8
16
5
30
6
18
9
9
4
6
26
20
9
9
6
12
20
10
3
16
19
14
25
1
4
7
22
18
17
23
3
4
10
16
4
15
10
22
5
20
5
13
27
13
23
29
25
21
11
15
27
1
17
26
26
30
11
23
14
21
1
25
22
10
22
16
20
23
9
30
11
15
24
3
30
25
10
18
2
30
11
16
19
23
6
28
29
14
25
25
26
2
12
13
9
16
15
7
8
8
22
23
28
8
21
17
22
25
16
18
9
29
2
18
8
28
27
11
2
18
12
26
22
28
2
28
20
9
18
13
27
4
17
28
19
18
10
10
26
30
17
29
15
2
10
13
28
4
2
25
13
22
23
4
21
28
14
21
12
10
6
2
16
10
7
20
9
25
28
27
18
23
26
14
4
19
25
13
14
7
18
18
19
4
6
28
17
21
21
30
3
9
17
13
16
25
8
26
25
7
9
13
12
16
24
3
20
13
4
18
23
8
12
17
22
5
20
22
26
25
27
22
11
27
4
21
11
22
27
13
4
24
6
7
5
4
4
29
17
22
23
6
24
13
19
27
6
22
16
13
22
29
17
12
17
17
28
9
27
23
18
5
27
7
5
11
4
23
10
9
23
28
12
22
25
8
29
25
11
29
8
9
7
1
19
1
9
1
3
22
7
28
26
29
11
17
26
23
19
23
16
1
9
20
13
20
12
1
22
4
25
23
22
2
6
28
29
17
20
13
6
1
12
7
13
12
22
28
17
29
17
6
16
29
4
13
6
2
22
12
17
13
2
23
6
9
28
