5
28
24
6
4
27
22
5
1
10
29
15
6
11
24
11
26
17
1
1
2
4
31
31
9
24
31
11
3
9
11
9
16
28
28
23
29
26
28
28
1
30
10
13
2
31
15
11
28
3
20
29
28
29
30
16
3
23
27
18
15
10
15
24
17
30
12
27
23
18
26
26
19
27
19
3
17
30
29
11
25
31
12
28
26
1
3
25
10
14
16
6
7
24
22
14
20
3
17
3
20
10
23
21
22
2
24
5
22
2
5
16
6
19
11
24
12
25
26
28
2
6
10
12
30
26
25
2
25
24
24
5
31
29
23
8
16
26
15
2
22
2
11
23
31
24
14
23
3
12
2
25
19
14
17
20
2
29
30
14
27
17
17
17
8
28
20
4
14
3
29
5
17
29
29
29
25
24
16
7
29
6
3
7
22
15
17
15
30
8
26
28
26
2
25
29
23
27
2
28
4
27
11
13
30
18
13
27
21
3
13
20
10
23
12
30
5
28
26
19
16
8
24
2
5
7
16
26
27
28
8
6
26
17
19
31
5
4
28
9
16
16
29
19
27
9
4
20
17
27
4
3
25
4
17
26
21
25
23
8
12
4
7
29
4
9
29
24
12
9
24
3
20
23
16
3
19
11
27
5
1
9
18
26
3
14
5
3
26
10
1
10
29
24
6
1
6
22
22
9
4
4
24
27
9
18
1
2
19
4
18
11
22
1
20
31
4
14
17
16
13
8
19
8
23
11
6
1
15
19
11
9
27
26
22
29
10
17
14
11
15
9
28
7
4
11
17
1
13
6
18
21
2
16
3
14
12
7
18
8
16
16
11
22
28
18
18
12
25
10
22
20
16
24
11
20
30
23
21
9
4
22
4
26
9
12
13
22
10
4
26
13
27
4
19
27
14
23
30
18
26
27
24
1
14
6
15
27
16
21
30
12
16
9
16
8
17
27
17
2
5
16
3
9
17
27
11
2
13
13
17
22
4
19
18
3
22
2
30
12
4
11
25
3
5
22
3
19
4
19
19
20
7
7
5
5
24
3
24
11
14
27
26
27
18
5
20
15
8
26
31
7
24
26
13
22
29
29
13
14
15
4
9
1
22
8
18
10
15
28
28
23
18
22
25
14
31
11
29
6
30
9
26
16
4
21
27
24
23
8
2
30
30
27
20
28
17
7
16
27
29
4
2
18
26
3
23
13
9
18
1
18
31
10
12
24
24
16
27
25
17
29
29
27
15
13
27
11
14
5
16
27
21
8
18
30
17
22
9
25
6
11
20
31
28
27
11
28
10
13
25
9
16
2
10
7
15
20
21
6
13
30
27
26
31
26
21
24
18
16
26
21
11
30
11
19
12
22
23
6
31
18
29
1
22
8
31
14
14
26
12
9
6
4
8
9
18
18
16
18
7
19
13
25
5
10
19
9
24
3
22
5
27
29
3
23
4
16
29
19
27
24
31
6
24
12
28
4
3
13
18
14
3
14
2
26
24
24
7
6
19
13
20
27
7
5
13
8
23
25
25
8
25
26
21
14
25
31
14
2
21
24
15
1
22
24
11
20
9
28
6
19
11
16
8
3
14
21
27
24
12
10
21
20
13
8
9
15
21
14
7
31
20
13
22
16
1
13
7
8
9
2
15
26
21
23
3
10
12
2
23
1
10
29
29
2
15
3
10
16
22
14
15
31
17
22
23
3
19
29
16
16
25
14
26
23
29
20
10
9
13
27
17
18
21
12
28
6
27
29
5
14
20
30
22
1
21
28
22
2
14
26
14
10
21
17
29
22
13
4
14
22
19
28
1
23
18
17
18
17
7
17
1
23
31
3
21
28
24
26
21
31
2
28
20
1
21
6
11
18
21
10
27
6
4
28
25
10
1
23
7
22
18
19
25
5
22
1
17
15
9
16
3
1
2
22
3
16
29
7
11
19
7
16
27
22
29
17
12
4
31
18
8
29
3
20
14
25
18
17
6
7
14
24
9
12
7
4
30
20
25
3
16
13
8
2
27
28
24
9
24
14
17
4
14
17
5
2
20
20
23
26
9
3
17
24
13
11
18
24
14
24
17
26
17
6
6
2
20
24
1
14
6
26
20
9
29
1
20
1
20
13
1
3
29
3
28
16
3
29
22
20
28
28
16
22
26
17
2
4
17
17
22
24
2
4
26
3
20
22
22
20
20
22
20
3
17
26
29
22
14
14
26
29
24
16
16
22
29
29
26
17
16
16
17
26
29
29
24
29
22
29
24
24
29
29
24
24
24
24
