22
20
5
9
14
26
15
26
20
17
16
10
2
15
19
24
12
21
14
17
27
19
19
16
20
6
11
28
1
4
21
2
14
11
5
24
18
1
13
19
27
3
8
2
14
8
5
14
17
23
8
3
10
21
10
13
12
9
24
2
6
19
18
18
22
7
4
6
24
22
2
26
2
4
24
28
5
24
28
19
18
14
17
24
21
12
10
26
1
12
14
3
25
12
10
26
25
7
12
24
13
28
5
6
16
28
27
4
4
16
7
17
26
26
16
15
20
2
10
26
16
14
22
17
20
4
12
16
28
3
23
15
13
26
6
13
18
11
24
15
17
28
2
11
4
16
14
16
3
11
25
9
21
17
14
6
7
17
20
6
19
11
18
16
2
26
13
28
28
11
21
11
23
21
23
5
17
25
26
26
26
18
17
10
24
8
3
17
19
9
10
16
21
16
24
17
6
23
9
6
13
28
20
13
14
21
23
6
4
28
23
14
23
6
26
27
16
10
24
8
5
5
3
10
18
4
25
17
23
15
3
2
9
27
21
1
5
25
4
27
19
21
2
16
20
5
24
19
5
14
6
2
4
7
4
11
24
20
24
12
18
1
14
25
13
23
26
5
26
14
13
19
18
21
15
16
11
19
11
19
25
14
11
28
2
25
11
17
20
21
26
24
6
2
27
17
17
18
6
1
2
21
28
11
10
26
22
19
26
12
27
21
12
4
26
13
23
9
28
8
7
23
26
23
2
3
19
26
17
27
25
8
9
6
3
1
25
20
15
1
26
17
17
15
15
11
4
1
26
4
28
20
10
12
24
19
11
6
23
27
14
8
16
25
1
12
13
9
11
3
16
3
11
28
9
17
10
20
28
5
26
21
20
20
18
9
18
10
10
16
12
23
17
2
25
27
4
27
17
27
20
28
25
5
27
24
7
28
23
19
8
24
6
3
18
10
16
2
10
17
27
2
24
27
24
1
25
11
11
10
20
4
28
22
16
14
4
10
5
6
7
14
25
13
4
20
21
2
10
2
14
25
28
1
7
23
18
6
23
2
6
7
17
18
13
21
28
9
19
13
12
20
8
19
26
7
14
9
9
14
2
10
7
21
26
7
23
21
20
26
10
18
27
7
28
4
3
28
9
21
26
5
9
11
15
9
19
19
7
22
25
9
13
17
11
18
25
5
28
25
8
15
2
14
23
23
6
14
8
3
6
2
17
14
7
1
5
6
6
12
21
22
20
8
4
19
2
20
5
22
2
1
26
4
26
7
1
23
12
7
28
6
10
6
14
24
7
21
25
20
18
10
14
10
11
16
18
26
26
16
12
7
28
27
13
10
9
7
22
16
25
14
20
4
1
23
21
19
25
4
25
25
10
10
1
28
10
26
2
2
18
7
4
18
3
5
7
16
16
21
2
7
14
4
21
3
13
21
16
3
23
5
21
11
18
4
5
6
12
18
13
3
25
21
12
28
26
28
8
11
27
4
19
4
10
16
15
11
28
2
14
21
28
1
6
11
4
8
22
15
2
17
3
16
2
12
10
26
18
19
19
21
2
1
28
9
26
7
26
24
28
7
21
16
23
14
8
21
14
4
9
21
21
3
3
19
24
3
27
17
7
24
17
25
14
2
24
7
28
20
15
3
27
27
3
26
15
4
23
12
10
8
24
27
15
28
25
19
24
9
10
6
20
23
6
12
23
26
8
17
5
9
11
5
16
11
10
24
18
17
22
16
14
9
10
1
15
17
16
10
6
21
27
23
25
9
16
27
9
25
7
12
24
12
22
16
18
6
19
17
23
1
21
6
4
23
4
4
23
18
10
28
1
8
25
15
15
21
28
6
28
19
21
23
16
7
24
11
25
13
13
19
26
3
23
24
24
7
16
22
14
10
10
4
4
9
1
17
7
8
10
15
3
12
6
18
25
9
17
20
16
4
14
21
1
15
26
2
26
7
3
21
27
27
22
27
3
10
23
23
6
25
19
14
20
14
22
23
14
13
22
6
27
13
14
18
21
3
8
8
24
23
28
13
9
23
5
7
1
26
28
23
17
21
12
22
8
13
5
10
19
3
28
24
14
10
6
16
23
23
2
20
12
14
5
14
6
27
4
23
3
4
7
12
20
9
12
9
1
8
2
19
23
5
26
13
2
10
5
9
17
22
28
22
18
1
20
20
21
15
2
10
11
10
26
9
1
3
27
14
28
26
15
27
1
4
25
7
21
23
13
18
20
19
7
10
9
26
24
27
5
9
4
17
10
6
6
12
4
9
