13
28
8
5
4
10
15
9
2
8
6
26
5
20
11
28
7
27
5
19
10
12
11
9
2
19
24
15
9
15
20
10
30
26
3
24
18
7
4
28
17
12
26
17
2
18
14
25
12
29
7
19
19
19
25
10
25
30
28
26
16
28
4
27
3
16
30
30
9
27
16
12
8
28
27
26
12
13
8
20
15
21
19
6
12
19
24
1
14
24
11
17
6
12
10
22
30
23
10
23
6
3
22
1
5
14
15
1
20
19
3
13
8
24
15
20
27
23
7
8
13
22
27
3
27
9
10
29
11
9
11
21
19
26
30
12
10
7
1
23
10
30
14
21
22
20
9
28
7
8
27
30
10
10
30
7
16
12
1
29
3
27
13
8
8
25
10
4
28
11
25
19
15
3
2
17
29
10
27
29
27
2
16
8
19
19
12
6
15
27
6
12
10
24
25
20
22
29
30
23
18
24
23
29
12
5
30
16
27
11
12
5
29
9
21
20
21
7
27
1
1
7
10
19
18
17
2
15
6
26
2
1
10
14
6
9
24
3
8
18
17
3
23
3
9
30
13
14
6
21
1
6
6
2
24
4
24
18
29
22
7
18
4
4
7
27
25
17
8
15
19
14
25
17
15
6
1
10
10
21
10
12
10
27
5
15
24
27
3
13
16
22
9
3
2
19
27
10
10
16
18
21
21
12
10
7
10
26
11
10
7
12
3
5
15
7
26
11
26
24
11
30
9
23
28
26
20
25
18
7
4
30
7
8
29
12
7
30
12
2
18
16
22
19
1
21
8
14
6
21
14
11
6
18
3
9
18
2
4
16
14
4
17
10
1
14
28
13
22
30
10
24
28
2
22
25
18
15
13
29
3
26
12
4
19
26
6
9
10
6
6
23
4
30
27
12
10
18
8
28
3
15
24
5
11
9
30
3
12
29
5
1
28
20
4
21
11
24
27
17
20
6
29
11
10
7
15
20
15
2
7
18
10
1
5
18
17
11
29
10
16
21
30
18
13
10
3
9
10
22
9
28
3
19
10
10
29
25
2
14
30
28
17
9
16
12
24
18
30
13
3
30
7
12
1
7
1
12
10
13
6
1
21
13
6
27
18
22
11
27
25
26
29
23
2
1
14
28
3
13
6
30
9
30
22
3
20
22
30
19
16
28
26
14
25
4
29
29
24
6
7
5
26
9
5
3
2
27
10
9
18
9
10
30
7
10
7
21
2
21
9
6
9
29
7
28
19
6
6
19
15
6
21
19
23
2
10
18
14
12
10
6
27
4
15
1
19
7
10
14
27
10
8
23
26
8
11
21
13
3
8
28
24
24
12
29
9
5
11
10
30
9
21
2
23
11
3
30
14
28
18
19
6
8
29
15
18
30
24
13
24
14
14
26
5
27
5
2
10
3
13
30
27
18
18
4
20
18
4
16
10
6
20
7
11
11
23
5
30
28
3
10
1
6
30
7
23
18
7
12
16
7
27
20
30
9
12
3
6
12
26
29
12
17
8
18
3
7
14
20
3
29
8
10
26
18
30
11
16
30
22
30
26
23
16
4
3
8
30
7
15
1
8
26
8
17
8
15
11
2
13
30
30
4
10
2
1
6
25
14
14
7
28
28
8
15
28
14
26
15
4
27
15
5
19
2
10
29
9
28
18
6
21
9
3
5
13
3
19
26
6
7
27
8
15
29
4
14
6
26
8
12
19
11
29
10
10
13
10
29
26
3
17
18
8
27
18
1
7
11
10
10
14
8
26
29
20
10
29
14
21
29
2
11
30
13
19
5
7
14
30
14
24
18
8
23
17
8
5
15
27
8
3
26
23
10
2
1
7
2
22
27
23
25
24
4
30
15
27
28
9
9
9
5
16
4
30
6
3
7
24
26
30
22
14
25
16
9
1
30
2
13
1
19
14
19
12
17
15
3
13
25
19
29
1
17
18
23
6
12
13
5
1
24
12
20
27
3
2
25
19
10
5
5
1
12
10
9
26
19
19
3
10
20
14
4
7
8
9
2
20
14
4
8
3
9
2
2
28
6
9
16
24
3
6
17
27
15
24
15
17
12
17
9
7
30
1
29
3
7
26
20
3
30
2
29
1
3
9
19
3
22
25
10
6
19
10
7
30
7
21
27
19
28
28
3
20
5
6
30
16
22
6
26
11
26
7
12
12
22
27
10
3
7
23
26
13
19
3
27
29
15
24
4
3
9
15
24
26
29
3
1
5
9
27
8
23
26
26
16
2
29
15
18
5
11
10
25
28
2
