10
16
17
6
25
16
16
17
19
5
20
10
9
4
5
8
21
18
6
4
3
8
10
21
19
8
12
6
10
5
3
5
6
6
23
6
19
20
8
16
24
11
11
13
15
8
21
10
7
22
20
17
11
16
10
6
24
24
10
22
3
25
18
7
16
17
12
25
20
21
19
8
3
21
13
14
9
19
23
3
22
16
13
23
22
1
21
10
22
16
24
5
24
12
7
21
9
16
18
21
10
10
16
15
3
18
22
22
9
4
15
18
18
14
7
19
24
7
13
21
5
12
4
10
18
5
2
18
13
20
8
14
7
9
4
23
12
15
25
8
9
8
14
12
18
6
10
20
2
20
23
21
1
20
9
8
19
15
9
6
5
2
6
1
11
13
17
21
24
9
2
5
4
23
10
1
21
2
13
9
21
18
8
23
4
24
14
15
16
16
21
21
21
11
25
14
14
20
20
18
14
24
18
17
8
19
23
11
16
22
9
5
21
13
4
14
24
4
15
20
1
3
15
13
2
19
16
25
13
2
20
24
8
20
24
5
10
22
22
4
24
6
13
19
22
1
15
15
13
24
5
10
8
9
16
8
18
2
19
14
10
13
25
7
21
20
16
5
24
17
9
6
1
14
22
20
9
20
3
14
6
20
18
5
25
9
12
17
15
17
22
1
18
7
4
1
11
16
14
18
3
17
10
16
21
11
9
1
6
18
15
11
7
7
11
7
9
23
13
9
7
17
10
19
25
22
20
2
3
16
25
1
9
13
2
16
18
24
19
23
11
23
23
19
21
5
25
17
18
19
23
11
14
25
13
23
3
9
11
6
3
13
13
19
17
11
16
22
11
12
3
22
20
17
16
18
5
25
20
21
15
7
22
8
8
9
4
12
11
16
23
15
21
9
17
3
7
1
11
22
7
11
2
10
2
13
7
23
8
13
19
21
18
8
10
17
16
21
22
8
14
4
3
20
8
6
13
23
9
25
18
7
9
13
1
17
3
6
7
18
3
4
22
8
16
9
19
2
21
19
24
7
22
1
2
4
19
6
5
25
9
11
24
1
8
24
13
16
4
6
18
17
18
22
17
5
20
12
23
16
17
11
7
11
24
13
13
21
7
2
4
23
8
20
4
10
19
19
19
22
23
6
5
23
17
15
17
12
25
22
25
15
24
3
6
19
24
17
15
21
9
5
3
21
16
2
6
19
24
19
6
3
16
13
20
3
2
9
3
2
4
10
19
5
21
4
1
21
23
24
24
2
7
7
14
11
4
13
23
10
6
8
22
2
24
1
9
3
13
7
11
7
7
14
16
6
5
18
12
8
15
25
7
2
12
18
12
12
3
14
20
21
7
18
13
21
16
11
1
8
9
1
18
20
21
5
6
13
12
10
11
11
15
25
5
22
5
14
18
22
11
23
5
9
13
15
2
10
18
10
3
19
18
13
24
3
20
22
21
6
24
25
1
3
15
23
25
10
2
12
18
24
6
13
2
13
24
19
14
21
18
11
13
14
2
19
3
3
5
14
13
6
9
8
8
13
21
10
6
12
19
3
13
7
15
7
9
4
21
5
10
22
21
1
12
3
9
3
17
19
22
21
8
6
21
14
8
3
19
11
9
18
16
20
24
9
14
12
19
25
12
25
2
16
20
12
13
25
14
24
12
19
25
10
2
12
21
1
2
3
24
3
14
25
15
6
7
1
22
19
7
3
9
22
19
8
20
11
17
10
20
13
8
20
6
9
22
16
20
11
18
20
21
15
7
24
9
12
19
12
3
6
24
7
7
5
18
22
1
1
10
24
6
18
6
10
7
10
5
8
6
22
7
14
15
20
25
18
13
8
24
15
6
6
23
17
9
9
17
5
25
20
13
11
20
10
23
19
10
24
5
3
8
21
22
19
23
22
23
16
21
19
4
8
14
13
5
9
21
16
5
3
24
19
6
2
10
21
23
2
19
6
4
15
18
1
24
10
9
13
8
17
16
18
16
13
25
2
20
8
25
22
10
14
25
10
5
3
17
25
15
9
19
4
25
7
22
8
20
7
4
17
15
18
8
10
6
25
10
1
9
25
8
14
1
20
7
16
4
5
23
8
13
20
4
12
6
17
11
14
23
17
20
6
6
9
3
9
10
13
23
5
20
25
7
25
16
15
14
24
20
7
10
8
21
20
8
20
13
8
20
3
22
24
9
18
8
25
11
11
5
20
3
25
8
10
3
5
22
3
19
16
9
18
18
10
10
19
6
16
10
16
21
10
13
20
21
13
21
21
