3 4 15
0 7 13
6 9 26
6 10 12
8 10 10
9 10 12
3 12 13
4 12 21
1 13 2
6 13 20
9 13 17
14 15 7
11 17 16
4 18 7
6 18 17
11 18 15
17 18 15
18 19 3
4 20 0
8 22 11
10 22 9
0 23 16
14 23 7
15 23 8
19 23 5
12 24 4
3 25 15
4 25 27
12 25 21
4 26 12
4 27 25
12 27 19
25 27 27
4 28 26
17 28 15
25 28 21
26 28 12
27 28 20
11 30 15
17 30 14
18 30 14
8 31 12
10 31 9
22 31 12
30 31 5
31 32 30
29 33 0
0 34 19
7 34 14
23 34 16
31 34 28
32 34 28
6 35 23
8 37 10
10 37 9
22 37 9
31 37 15
32 37 11
31 39 30
32 39 33
34 39 28
37 39 11
0 41 5
23 41 6
21 42 18
23 42 10
31 43 31
32 43 30
34 43 32
37 43 9
39 43 30
40 44 6
0 45 18
7 45 13
23 45 12
34 45 17
41 45 9
14 47 7
15 47 7
23 47 7
6 48 29
9 48 19
10 48 13
11 48 11
18 48 14
35 48 17
17 49 10
41 49 5
43 49 14
45 49 9
4 50 15
26 50 12
28 50 13
38 50 3
48 51 4
4 52 7
6 52 30
9 52 15
10 52 12
11 52 19
17 52 22
18 52 17
30 52 16
35 52 20
48 52 25
49 52 12
51 52 5
1 53 2
4 53 8
11 53 17
13 53 16
17 53 17
18 53 19
30 53 16
35 53 22
48 53 23
52 53 27
6 54 20
11 54 16
17 54 15
18 54 15
30 54 15
35 54 18
52 54 24
53 54 22
6 55 23
11 55 17
17 55 21
18 55 15
30 55 16
35 55 18
49 55 12
52 55 31
53 55 23
54 55 24
4 56 7
6 56 28
9 56 18
10 56 12
11 56 18
17 56 17
18 56 22
30 56 15
48 56 26
52 56 28
53 56 24
54 56 18
55 56 20
31 57 29
32 57 28
34 57 29
39 57 28
43 57 29
42 58 11
0 59 17
6 59 45
7 59 20
9 59 20
11 59 17
13 59 19
17 59 22
18 59 21
19 59 8
22 59 6
23 59 19
30 59 18
31 59 34
32 59 29
34 59 38
35 59 21
39 59 29
43 59 34
45 59 19
48 59 30
49 59 24
51 59 5
52 59 33
53 59 35
54 59 21
55 59 28
56 59 31
57 59 29
6 60 25
9 60 17
11 60 15
13 60 16
17 60 16
18 60 18
30 60 18
31 60 5
52 60 20
53 60 22
54 60 16
55 60 18
56 60 23
59 60 31
16 61 0
31 61 28
32 61 28
34 61 28
39 61 28
43 61 28
57 61 28
59 61 28
31 62 30
32 62 30
34 62 28
37 62 8
39 62 30
43 62 30
57 62 28
59 62 29
61 62 28
31 63 29
32 63 28
34 63 29
39 63 28
43 63 30
49 63 12
57 63 28
59 63 29
61 63 28
62 63 28
31 64 29
32 64 28
34 64 29
39 64 28
43 64 30
49 64 12
57 64 28
59 64 30
61 64 28
62 64 28
63 64 31
31 65 29
32 65 28
34 65 29
39 65 28
43 65 30
49 65 12
57 65 28
59 65 30
61 65 28
62 65 28
63 65 31
64 65 32
6 66 21
35 66 20
48 66 18
52 66 17
53 66 19
54 66 15
55 66 15
34 67 11
43 67 12
49 67 6
59 67 13
6 68 35
9 68 18
13 68 22
48 68 24
53 68 26
59 68 43
60 68 18
6 69 43
9 69 19
13 69 23
18 69 13
19 69 6
33 69 2
35 69 17
48 69 30
53 69 33
56 69 22
59 69 47
60 69 20
66 69 17
68 69 50
6 70 21
8 70 10
9 70 15
10 70 13
11 70 7
48 70 18
52 70 17
56 70 17
6 71 8
35 71 5
59 71 5
70 71 6
4 72 20
11 72 1
12 72 15
17 72 16
25 72 20
27 72 20
28 72 18
68 72 10
69 72 10
0 73 9
6 73 13
9 73 8
23 73 9
34 73 9
70 73 10
71 73 6
4 74 14
50 74 13
4 75 14
26 75 11
28 75 12
50 75 15
74 75 12
3 76 10
4 76 23
17 76 15
25 76 22
27 76 20
28 76 22
40 76 6
44 76 6
72 76 19
0 77 13
15 77 3
19 77 7
23 77 20
34 77 14
42 77 8
59 77 17
73 77 9
4 78 14
48 78 6
50 78 13
74 78 15
75 78 12
8 79 10
10 79 9
19 79 4
22 79 11
23 79 5
31 79 12
37 79 10
38 79 1
59 79 10
77 79 7
0 80 12
6 80 19
14 80 5
15 80 5
21 80 18
23 80 17
35 80 17
41 80 10
42 80 20
45 80 15
47 80 5
49 80 12
52 80 20
54 80 16
55 80 20
59 80 30
66 80 16
42 81 7
58 81 7
6 82 32
11 82 14
21 82 18
33 82 2
35 82 22
42 82 21
48 82 29
51 82 4
52 82 27
53 82 25
54 82 19
55 82 23
56 82 24
59 82 41
66 82 28
69 82 31
70 82 17
80 82 29
66 83 9
82 83 10
3 84 10
4 84 18
12 84 17
25 84 18
27 84 16
72 84 15
76 84 14
4 85 31
12 85 20
17 85 15
25 85 28
27 85 27
28 85 25
40 85 6
44 85 6
68 85 6
69 85 6
72 85 25
74 85 11
76 85 27
78 85 10
84 85 17
6 86 19
9 86 14
13 86 17
19 86 2
35 86 12
53 86 16
66 86 12
68 86 17
69 86 21
73 86 8
82 86 13
17 87 25
28 87 16
40 87 6
44 87 6
49 87 11
51 87 3
52 87 12
55 87 10
59 87 17
68 87 15
69 87 15
72 87 21
76 87 18
85 87 20
7 88 9
56 88 7
59 88 15
82 88 13
4 89 22
17 89 15
25 89 22
27 89 21
28 89 25
36 89 2
48 89 5
68 89 7
72 89 19
76 89 23
82 89 3
85 89 27
87 89 17
14 90 6
15 90 7
23 90 10
31 90 13
32 90 14
37 90 13
39 90 14
43 90 12
47 90 6
59 90 14
62 90 11
77 90 8
79 90 10
12 91 3
24 91 3
6 92 21
53 92 13
59 92 24
68 92 26
69 92 26
6 93 20
53 93 13
59 93 23
68 93 25
69 93 25
92 93 25
0 94 15
6 94 20
7 94 18
34 94 19
45 94 13
59 94 39
68 94 24
69 94 24
77 94 15
79 94 6
88 94 10
90 94 6
92 94 18
93 94 17
4 95 32
13 95 12
17 95 18
25 95 22
26 95 12
27 95 21
28 95 30
40 95 6
44 95 6
50 95 15
53 95 16
68 95 19
69 95 19
72 95 20
74 95 15
75 95 14
76 95 25
78 95 15
85 95 33
86 95 12
87 95 21
89 95 28
4 96 14
28 96 15
40 96 6
44 96 6
76 96 17
85 96 17
87 96 13
89 96 15
95 96 17
0 97 15
7 97 16
21 97 18
31 97 28
32 97 28
34 97 34
39 97 28
42 97 19
43 97 29
45 97 16
57 97 28
59 97 40
61 97 28
62 97 28
63 97 29
64 97 30
65 97 31
80 97 23
82 97 22
94 97 20
0 98 17
7 98 18
21 98 18
23 98 18
31 98 28
32 98 28
34 98 39
39 98 28
42 98 26
43 98 32
45 98 17
57 98 29
58 98 9
59 98 50
61 98 28
62 98 28
63 98 29
64 98 30
65 98 31
67 98 11
68 98 19
69 98 21
72 98 7
77 98 15
80 98 24
81 98 7
82 98 25
87 98 10
94 98 23
97 98 45
0 99 17
7 99 16
21 99 18
23 99 18
31 99 28
32 99 28
34 99 36
39 99 28
42 99 22
43 99 29
45 99 17
57 99 28
58 99 5
59 99 42
61 99 28
62 99 28
63 99 29
64 99 30
65 99 31
77 99 15
80 99 24
82 99 22
94 99 21
97 99 45
98 99 48
0 100 15
7 100 16
21 100 18
31 100 28
32 100 28
34 100 37
39 100 28
42 100 19
43 100 32
45 100 16
57 100 29
59 100 43
61 100 28
62 100 28
63 100 29
64 100 30
65 100 31
67 100 11
80 100 23
82 100 22
94 100 20
97 100 45
98 100 48
99 100 45
3 101 14
4 101 18
12 101 16
25 101 18
27 101 16
76 101 14
84 101 14
85 101 17
0 102 9
6 102 16
9 102 8
23 102 9
34 102 9
66 102 6
70 102 11
71 102 6
73 102 19
77 102 9
82 102 10
86 102 10
0 103 13
14 103 7
15 103 8
23 103 18
34 103 12
41 103 5
45 103 9
47 103 7
73 103 9
77 103 11
80 103 9
90 103 8
102 103 9
14 104 7
15 104 7
21 104 18
23 104 19
31 104 30
32 104 30
34 104 31
37 104 8
39 104 30
42 104 20
43 104 30
47 104 7
57 104 28
59 104 37
61 104 28
62 104 30
63 104 29
64 104 30
65 104 31
80 104 26
82 104 22
90 104 16
97 104 40
98 104 41
99 104 41
100 104 40
103 104 11
30 105 5
31 105 31
32 105 28
34 105 30
39 105 28
41 105 5
43 105 30
45 105 15
49 105 16
57 105 30
59 105 36
60 105 5
61 105 28
62 105 28
63 105 29
64 105 29
65 105 29
80 105 14
97 105 30
98 105 31
99 105 30
100 105 31
104 105 29
14 106 6
15 106 6
23 106 14
31 106 30
32 106 29
34 106 31
39 106 29
43 106 30
47 106 6
57 106 31
59 106 31
61 106 28
62 106 29
63 106 28
64 106 28
65 106 28
90 106 15
97 106 28
98 106 30
99 106 29
100 106 29
103 106 10
104 106 34
105 106 30
0 107 18
6 107 26
21 107 18
23 107 20
31 107 29
32 107 28
34 107 37
39 107 28
42 107 21
43 107 29
57 107 28
59 107 51
61 107 28
62 107 28
63 107 29
64 107 30
65 107 31
68 107 23
69 107 25
73 107 11
77 107 18
80 107 25
82 107 27
92 107 17
93 107 17
94 107 30
97 107 43
98 107 47
99 107 45
100 107 43
102 107 13
103 107 12
104 107 42
105 107 30
106 107 30
31 108 28
32 108 28
34 108 29
39 108 28
43 108 28
57 108 28
59 108 30
61 108 28
62 108 28
63 108 29
64 108 29
65 108 29
68 108 8
82 108 12
97 108 30
98 108 31
99 108 30
100 108 30
104 108 30
105 108 28
106 108 28
107 108 31
7 109 14
31 109 29
32 109 28
34 109 32
39 109 28
43 109 31
49 109 13
57 109 28
59 109 37
61 109 28
62 109 28
63 109 31
64 109 32
65 109 33
68 109 15
69 109 15
72 109 7
87 109 11
94 109 20
97 109 35
98 109 40
99 109 35
100 109 35
104 109 32
105 109 29
106 109 28
107 109 36
108 109 30
6 110 26
8 110 11
22 110 4
30 110 13
31 110 11
49 110 8
52 110 15
53 110 21
55 110 14
56 110 15
59 110 33
60 110 16
68 110 22
69 110 25
70 110 15
82 110 19
92 110 19
93 110 19
94 110 16
105 110 10
107 110 22
6 111 27
9 111 26
10 111 12
13 111 18
48 111 20
52 111 16
56 111 18
59 111 21
60 111 17
68 111 19
69 111 20
70 111 16
73 111 9
86 111 15
102 111 9
6 112 12
9 112 12
10 112 12
48 112 12
52 112 12
56 112 12
70 112 12
111 112 12
6 113 36
9 113 26
10 113 12
11 113 11
13 113 17
17 113 15
48 113 24
49 113 10
52 113 24
55 113 17
56 113 24
59 113 37
60 113 20
68 113 29
69 113 31
70 113 17
73 113 8
82 113 22
86 113 15
87 113 13
92 113 15
93 113 14
102 113 9
111 113 26
112 113 12
2 114 3
8 115 12
32 115 9
37 115 8
38 115 2
39 115 9
70 115 9
90 115 8
110 115 9
8 116 10
24 116 1
70 116 9
110 116 9
115 116 10
7 117 9
8 117 9
42 117 12
48 117 14
58 117 8
59 117 25
68 117 24
69 117 26
70 117 11
78 117 5
81 117 7
82 117 19
83 117 7
88 117 8
92 117 18
93 117 18
98 117 17
110 117 23
115 117 9
116 117 10
32 118 7
37 118 7
39 118 7
90 118 7
115 118 7
118 119 0
7 120 9
8 120 9
42 120 11
48 120 15
56 120 12
58 120 9
59 120 26
68 120 24
69 120 26
70 120 14
81 120 7
82 120 19
88 120 11
92 120 18
93 120 18
98 120 15
110 120 23
115 120 9
116 120 10
117 120 35
6 121 18
8 121 12
31 121 30
32 121 29
34 121 30
39 121 29
42 121 14
43 121 29
57 121 28
58 121 8
59 121 44
61 121 28
62 121 28
63 121 28
64 121 29
65 121 29
68 121 23
69 121 22
70 121 10
81 121 7
92 121 19
93 121 19
94 121 27
97 121 32
98 121 39
99 121 33
100 121 32
104 121 30
105 121 29
106 121 28
107 121 43
108 121 29
109 121 34
110 121 27
115 121 13
116 121 10
117 121 26
120 121 26
30 122 5
31 122 32
32 122 28
34 122 30
39 122 28
41 122 5
43 122 30
45 122 15
49 122 16
57 122 31
59 122 36
60 122 5
61 122 28
62 122 28
63 122 29
64 122 29
65 122 29
80 122 14
97 122 30
98 122 31
99 122 30
100 122 31
104 122 29
105 122 38
106 122 31
107 122 30
108 122 28
109 122 29
110 122 10
121 122 29
4 123 13
25 123 14
27 123 14
28 123 15
76 123 12
85 123 15
89 123 15
95 123 15
96 123 8
6 124 22
48 124 13
53 124 15
59 124 26
68 124 30
69 124 29
89 124 4
92 124 25
93 124 25
94 124 18
95 124 8
107 124 17
110 124 19
113 124 17
117 124 20
120 124 20
121 124 19
4 125 15
26 125 12
28 125 13
50 125 16
74 125 13
75 125 15
78 125 13
95 125 15
6 126 25
9 126 16
13 126 17
48 126 20
59 126 25
60 126 14
66 126 12
68 126 23
69 126 27
82 126 18
88 126 9
92 126 10
94 126 13
111 126 17
113 126 20
4 127 35
12 127 20
17 127 15
25 127 27
26 127 12
27 127 26
28 127 29
50 127 15
72 127 23
74 127 13
75 127 14
76 127 25
78 127 13
84 127 17
85 127 33
87 127 16
89 127 25
95 127 33
96 127 15
101 127 17
123 127 14
125 127 15
6 128 14
11 128 15
17 128 16
18 128 16
30 128 15
35 128 11
52 128 18
53 128 16
54 128 17
55 128 18
56 128 16
59 128 19
60 128 15
83 128 7
117 128 7
6 129 31
9 129 19
13 129 23
18 129 12
48 129 21
53 129 25
56 129 18
59 129 29
60 129 19
68 129 31
69 129 34
86 129 17
92 129 15
93 129 14
95 129 14
111 129 20
113 129 26
124 129 17
126 129 20
0 130 15
7 130 16
17 130 13
21 130 18
31 130 29
32 130 28
34 130 34
39 130 28
42 130 20
43 130 31
45 130 18
49 130 22
52 130 17
55 130 17
57 130 28
59 130 49
61 130 28
62 130 28
63 130 31
64 130 32
65 130 33
80 130 29
82 130 27
87 130 14
94 130 21
97 130 45
98 130 46
99 130 45
100 130 45
104 130 40
105 130 32
106 130 28
107 130 43
108 130 30
109 130 38
113 130 13
121 130 32
122 130 32
0 131 16
6 131 30
7 131 20
17 131 13
21 131 18
23 131 17
31 131 29
32 131 28
34 131 38
39 131 28
42 131 23
43 131 33
45 131 19
49 131 24
52 131 19
55 131 19
57 131 29
59 131 69
61 131 28
62 131 28
63 131 30
64 131 31
65 131 32
67 131 13
68 131 31
69 131 33
80 131 31
82 131 36
87 131 16
88 131 13
92 131 21
93 131 21
94 131 35
97 131 45
98 131 54
99 131 46
100 131 48
104 131 41
105 131 34
106 131 30
107 131 55
108 131 31
109 131 39
110 131 28
113 131 25
117 131 25
120 131 25
121 131 45
122 131 34
124 131 22
130 131 54
36 132 3
89 132 2
32 133 7
37 133 7
39 133 7
66 133 5
82 133 5
83 133 5
90 133 7
115 133 7
118 133 7
8 134 12
10 134 9
22 134 11
31 134 37
32 134 33
34 134 33
37 134 18
39 134 33
43 134 35
57 134 30
59 134 38
61 134 28
62 134 30
63 134 29
64 134 29
65 134 29
66 134 5
67 134 11
79 134 13
82 134 16
83 134 5
90 134 17
94 134 17
97 134 31
98 134 34
99 134 31
100 134 34
104 134 31
105 134 29
106 134 31
107 134 31
108 134 29
109 134 31
115 134 10
118 134 7
121 134 32
122 134 30
130 134 32
131 134 34
133 134 12
4 135 27
6 135 39
7 135 16
16 135 0
17 135 27
18 135 15
19 135 8
21 135 18
23 135 15
28 135 22
40 135 6
41 135 4
42 135 28
44 135 6
48 135 30
50 135 14
56 135 22
58 135 11
59 135 55
64 135 14
65 135 15
66 135 17
68 135 42
69 135 50
72 135 22
74 135 15
75 135 13
76 135 20
77 135 15
78 135 19
80 135 27
81 135 7
82 135 41
83 135 9
85 135 25
87 135 31
88 135 16
89 135 22
92 135 24
93 135 23
94 135 30
95 135 38
96 135 15
97 135 27
98 135 38
99 135 30
100 135 27
104 135 25
107 135 38
109 135 24
113 135 28
117 135 34
120 135 32
121 135 32
124 135 28
125 135 14
126 135 23
127 135 25
128 135 13
129 135 26
130 135 33
131 135 49
8 136 9
19 136 4
70 136 11
77 136 5
82 136 7
110 136 10
115 136 9
116 136 9
117 136 11
120 136 12
121 136 10
135 136 9
3 137 9
4 137 20
25 137 19
27 137 16
28 137 16
76 137 19
85 137 19
89 137 17
95 137 17
96 137 14
101 137 12
123 137 10
127 137 19
135 137 13
8 138 9
10 138 9
22 138 9
31 138 16
37 138 11
43 138 11
49 138 7
63 138 9
64 138 9
65 138 9
79 138 10
90 138 6
109 138 9
130 138 9
134 138 16
4 139 26
12 139 20
17 139 15
25 139 27
27 139 26
28 139 23
72 139 23
76 139 23
84 139 17
85 139 30
87 139 15
89 139 24
95 139 24
101 139 16
123 139 13
127 139 29
135 139 16
6 140 19
9 140 14
13 140 14
59 140 22
60 140 14
68 140 20
69 140 21
82 140 13
88 140 10
94 140 13
111 140 14
113 140 18
126 140 21
129 140 15
131 140 14
135 140 17
7 141 10
48 141 21
56 141 13
59 141 25
68 141 22
69 141 25
78 141 7
82 141 20
88 141 16
94 141 15
95 141 10
113 141 16
117 141 16
120 141 18
124 141 14
126 141 16
131 141 20
135 141 30
140 141 13
42 142 8
48 142 8
58 142 8
68 142 12
69 142 12
72 142 7
78 142 5
81 142 7
87 142 7
98 142 13
109 142 8
117 142 13
120 142 12
121 142 10
135 142 16
141 142 8
4 143 14
26 143 11
28 143 13
50 143 15
74 143 13
75 143 15
78 143 12
95 143 15
125 143 15
127 143 14
135 143 13
137 144 1
6 145 21
53 145 13
59 145 24
68 145 26
69 145 26
92 145 25
93 145 25
94 145 17
107 145 17
110 145 19
113 145 15
117 145 18
120 145 18
121 145 19
124 145 26
129 145 15
131 145 21
135 145 24
3 146 15
4 146 34
12 146 20
17 146 15
25 146 26
26 146 12
27 146 24
28 146 28
50 146 16
72 146 23
74 146 14
75 146 15
76 146 25
78 146 14
84 146 17
85 146 31
87 146 17
89 146 24
95 146 31
96 146 14
101 146 18
125 146 16
127 146 36
135 146 25
137 146 18
139 146 27
143 146 15
12 147 3
24 147 3
91 147 3
114 147 1
4 148 37
12 148 20
17 148 19
24 148 2
25 148 26
26 148 12
27 148 24
28 148 28
38 148 3
48 148 13
50 148 18
52 148 11
53 148 12
66 148 10
72 148 24
74 148 15
75 148 15
76 148 23
78 148 17
82 148 13
84 148 16
85 148 32
87 148 18
88 148 4
89 148 26
95 148 36
96 148 14
125 148 16
127 148 36
135 148 34
137 148 18
139 148 27
141 148 8
143 148 15
146 148 36
1 149 2
6 149 32
13 149 20
35 149 22
48 149 25
52 149 21
53 149 26
54 149 16
55 149 16
59 149 26
66 149 23
68 149 21
69 149 27
70 149 13
71 149 8
73 149 8
80 149 16
82 149 27
86 149 20
95 149 15
102 149 11
111 149 20
126 149 19
129 149 21
135 149 23
141 149 14
148 149 11
6 150 22
9 150 14
13 150 16
59 150 20
60 150 15
68 150 21
69 150 22
111 150 15
113 150 19
124 150 12
126 150 17
129 150 22
135 150 17
140 150 15
145 150 12
149 150 13
5 151 1
114 151 1
2 152 3
3 152 6
4 152 21
8 152 9
12 152 14
24 152 5
25 152 16
26 152 12
27 152 15
28 152 19
36 152 1
38 152 4
50 152 14
70 152 9
75 152 11
85 152 16
89 152 15
91 152 4
95 152 20
110 152 9
114 152 4
115 152 11
116 152 10
117 152 9
120 152 9
121 152 9
123 152 10
125 152 12
127 152 19
136 152 9
139 152 15
143 152 12
146 152 19
147 152 4
148 152 22
0 153 19
7 153 14
23 153 16
31 153 28
32 153 28
34 153 42
39 153 28
43 153 32
45 153 17
57 153 29
59 153 38
61 153 28
62 153 28
63 153 29
64 153 29
65 153 29
67 153 11
73 153 9
77 153 14
94 153 19
97 153 34
98 153 39
99 153 36
100 153 37
102 153 9
103 153 12
104 153 31
105 153 30
106 153 31
107 153 37
108 153 29
109 153 32
121 153 30
122 153 30
130 153 34
131 153 38
134 153 33
4 154 14
12 154 13
25 154 15
27 154 14
36 154 2
46 154 2
72 154 13
84 154 13
85 154 14
127 154 14
132 154 4
137 154 8
139 154 13
148 154 15
3 155 12
4 155 20
12 155 20
25 155 20
27 155 18
72 155 15
84 155 17
85 155 19
101 155 16
127 155 19
132 155 2
139 155 19
146 155 19
148 155 18
154 155 14
5 156 1
114 156 1
151 156 2
6 157 39
9 157 24
10 157 12
13 157 22
17 157 18
19 157 7
35 157 22
42 157 13
48 157 30
49 157 12
52 157 32
53 157 29
54 157 19
55 157 25
56 157 28
58 157 4
59 157 44
60 157 22
66 157 23
68 157 33
69 157 40
70 157 18
77 157 10
80 157 22
82 157 36
83 157 7
86 157 21
87 157 15
88 157 13
94 157 16
95 157 16
111 157 25
112 157 12
113 157 34
120 157 19
126 157 26
129 157 25
130 157 22
131 157 30
135 157 42
136 157 8
140 157 22
141 157 22
149 157 32
150 157 16
0 158 3
41 158 3
45 158 3
66 158 5
82 158 5
83 158 5
103 158 3
133 158 5
134 158 5
148 159 0
6 160 26
9 160 21
10 160 12
13 160 17
35 160 14
48 160 23
52 160 17
53 160 18
56 160 20
59 160 22
68 160 20
69 160 22
70 160 16
71 160 8
73 160 10
86 160 19
95 160 14
102 160 10
111 160 22
112 160 12
113 160 23
129 160 20
135 160 16
141 160 12
149 160 25
157 160 27
8 161 9
10 161 10
22 161 9
31 161 12
37 161 9
42 161 2
48 161 2
57 161 7
58 161 2
79 161 9
106 161 7
122 161 7
134 161 13
135 161 4
138 161 9
4 162 10
74 162 8
78 162 8
85 162 10
91 162 1
95 162 10
135 162 8
148 162 10
152 162 7
6 163 38
9 163 23
10 163 12
13 163 19
21 163 18
35 163 24
42 163 19
48 163 29
52 163 28
53 163 27
54 163 18
55 163 21
56 163 25
59 163 38
66 163 23
68 163 26
69 163 32
70 163 18
71 163 8
73 163 11
80 163 29
82 163 40
86 163 22
95 163 14
97 163 19
98 163 21
99 163 19
100 163 19
102 163 14
104 163 19
107 163 25
111 163 24
112 163 12
113 163 29
126 163 20
129 163 22
130 163 24
131 163 29
135 163 35
141 163 16
149 163 34
157 163 40
160 163 30
34 165 11
43 165 12
49 165 6
59 165 13
67 165 13
98 165 11
100 165 11
131 165 13
134 165 11
153 165 11
2 166 3
3 166 15
4 166 34
12 166 21
17 166 15
25 166 28
26 166 10
27 166 26
28 166 27
46 166 1
50 166 13
69 166 5
72 166 24
74 166 13
76 166 25
78 166 12
84 166 18
85 166 35
87 166 17
89 166 26
95 166 32
96 166 14
101 166 18
114 166 3
125 166 13
127 166 35
132 166 3
135 166 24
137 166 20
139 166 29
144 166 1
146 166 35
148 166 35
152 166 21
154 166 16
155 166 21
162 166 10
0 167 19
6 167 25
7 167 18
8 167 14
19 167 8
22 167 7
23 167 20
31 167 33
32 167 30
34 167 42
39 167 30
43 167 34
45 167 18
49 167 16
53 167 16
57 167 29
59 167 63
61 167 28
62 167 29
63 167 30
64 167 31
65 167 31
67 167 12
68 167 27
69 167 29
70 167 15
73 167 11
77 167 20
79 167 11
82 167 27
90 167 16
92 167 20
93 167 20
94 167 35
97 167 37
98 167 46
99 167 39
100 167 40
102 167 12
103 167 13
104 167 35
105 167 32
106 167 32
107 167 51
108 167 31
109 167 36
110 167 34
115 167 14
116 167 10
117 167 27
120 167 26
121 167 50
122 167 32
124 167 21
130 167 39
131 167 57
134 167 40
135 167 37
136 167 14
141 167 14
145 167 20
152 167 9
153 167 42
157 167 22
165 167 12
3 168 14
4 168 22
12 168 16
25 168 21
28 168 15
76 168 18
84 168 14
85 168 21
89 168 16
95 168 16
96 168 12
101 168 17
127 168 21
137 168 16
139 168 19
146 168 22
148 168 20
155 168 16
166 168 22
6 169 23
11 169 11
21 169 18
30 169 11
34 169 15
35 169 20
42 169 20
52 169 23
53 169 22
54 169 19
55 169 23
63 169 15
64 169 16
65 169 17
66 169 20
69 169 23
80 169 29
82 169 37
83 169 10
97 169 26
98 169 28
99 169 26
100 169 26
104 169 26
107 169 30
108 169 16
109 169 19
110 169 15
117 169 15
128 169 17
130 169 31
131 169 36
135 169 34
149 169 18
153 169 15
157 169 25
163 169 31
167 169 26
0 170 19
6 170 22
7 170 18
23 170 16
34 170 26
43 170 17
45 170 15
59 170 41
67 170 11
68 170 24
69 170 24
73 170 10
77 170 16
88 170 10
92 170 18
93 170 17
94 170 36
97 170 20
98 170 27
99 170 22
100 170 23
102 170 10
103 170 10
107 170 34
109 170 20
110 170 16
121 170 27
124 170 18
126 170 13
130 170 21
131 170 39
134 170 18
135 170 31
140 170 13
141 170 15
145 170 17
153 170 26
157 170 16
165 170 11
167 170 40
2 171 3
3 171 14
4 171 34
12 171 19
17 171 15
25 171 25
26 171 12
27 171 23
28 171 28
50 171 15
72 171 21
74 171 14
75 171 14
76 171 24
78 171 14
85 171 31
87 171 16
89 171 24
95 171 32
96 171 14
101 171 17
114 171 3
125 171 15
127 171 35
135 171 25
137 171 18
139 171 26
143 171 14
146 171 36
148 171 35
152 171 22
155 171 18
162 171 10
166 171 37
168 171 21
3 172 13
4 172 22
12 172 17
25 172 22
27 172 20
76 172 18
85 172 22
89 172 17
95 172 18
101 172 17
127 172 21
137 172 15
139 172 20
146 172 22
148 172 21
155 172 17
162 172 6
166 172 23
168 172 19
171 172 23
7 173 15
21 173 18
23 173 12
35 173 14
42 173 25
48 173 20
50 173 8
53 173 15
58 173 8
59 173 34
66 173 15
68 173 23
69 173 28
72 173 9
74 173 8
75 173 8
77 173 11
78 173 12
80 173 23
82 173 33
87 173 13
88 173 14
94 173 21
97 173 23
98 173 33
99 173 26
100 173 23
104 173 21
107 173 27
109 173 20
117 173 19
120 173 17
125 173 8
126 173 16
130 173 25
131 173 34
135 173 49
140 173 13
141 173 20
142 173 14
143 173 8
146 173 10
148 173 18
157 173 28
163 173 29
169 173 26
170 173 22
68 174 14
69 174 15
83 174 6
92 174 13
93 174 13
117 174 17
120 174 13
124 174 13
128 174 6
135 174 17
145 174 13
169 174 8
3 175 11
4 175 20
12 175 16
25 175 22
27 175 20
28 175 16
85 175 21
89 175 17
95 175 18
101 175 15
123 175 11
127 175 21
139 175 21
146 175 20
148 175 18
155 175 16
166 175 21
168 175 18
171 175 20
172 175 19
6 176 13
53 176 11
60 176 7
68 176 19
69 176 18
92 176 16
93 176 16
108 176 1
117 176 13
120 176 13
124 176 17
129 176 14
135 176 16
145 176 17
150 176 11
174 176 13
6 177 23
21 177 18
25 177 3
35 177 20
42 177 19
48 177 18
52 177 20
53 177 19
54 177 16
55 177 18
66 177 23
69 177 19
80 177 28
82 177 35
97 177 18
98 177 19
99 177 18
100 177 18
102 177 6
104 177 18
107 177 22
126 177 12
130 177 22
131 177 25
135 177 29
137 177 4
148 177 13
149 177 22
154 177 3
157 177 24
163 177 34
169 177 31
173 177 27
8 178 13
10 178 9
22 178 11
31 178 37
32 178 33
34 178 30
37 178 18
39 178 33
43 178 32
49 178 13
57 178 29
59 178 35
61 178 28
62 178 30
63 178 30
64 178 30
65 178 30
77 178 10
79 178 14
90 178 18
94 178 17
97 178 29
98 178 30
99 178 30
100 178 29
104 178 30
105 178 30
106 178 30
107 178 30
108 178 28
109 178 31
115 178 11
116 178 5
118 178 7
121 178 32
122 178 31
130 178 32
131 178 31
133 178 7
134 178 41
138 178 17
153 178 30
161 178 12
167 178 37
36 179 2
46 179 1
132 179 2
154 179 3
156 179 0
38 180 5
50 180 3
79 180 1
115 180 2
148 180 3
152 180 4
21 181 18
23 181 11
41 181 4
42 181 20
65 181 11
77 181 7
80 181 21
82 181 18
97 181 20
98 181 22
99 181 22
100 181 20
104 181 21
107 181 22
109 181 12
130 181 21
131 181 22
135 181 24
163 181 18
169 181 21
173 181 21
177 181 18
17 182 13
41 182 7
45 182 8
49 182 18
52 182 14
55 182 14
59 182 31
67 182 4
68 182 19
69 182 20
80 182 16
83 182 7
87 182 13
92 182 16
93 182 16
105 182 9
113 182 20
116 182 3
117 182 20
120 182 18
122 182 9
124 182 16
128 182 11
130 182 19
131 182 32
135 182 28
145 182 16
157 182 19
165 182 4
169 182 16
174 182 17
176 182 13
178 182 7
181 182 7
17 183 15
25 183 18
27 183 18
28 183 20
72 183 17
76 183 19
85 183 21
87 183 15
89 183 21
95 183 21
123 183 11
127 183 20
135 183 15
139 183 21
146 183 19
148 183 19
166 183 20
171 183 19
172 183 14
175 183 15
6 184 12
13 184 7
18 184 7
48 184 11
56 184 9
69 184 13
82 184 9
126 184 11
129 184 11
135 184 12
141 184 7
149 184 11
150 184 8
164 184 0
13 185 12
53 185 12
68 185 12
69 185 12
86 185 12
95 185 12
129 185 12
149 185 12
157 185 12
160 185 12
163 185 12
34 186 15
43 186 15
57 186 14
59 186 15
67 186 11
98 186 15
100 186 15
105 186 13
106 186 14
122 186 14
131 186 15
134 186 16
153 186 15
161 186 5
165 186 11
167 186 15
170 186 11
57 187 5
77 187 3
105 187 4
106 187 5
122 187 5
135 187 4
136 187 3
157 187 3
161 187 5
186 187 5
3 188 12
4 188 20
8 188 9
10 188 9
12 188 20
22 188 9
25 188 20
27 188 18
31 188 9
37 188 9
72 188 15
79 188 9
84 188 17
85 188 19
101 188 16
127 188 19
134 188 9
138 188 9
139 188 19
146 188 19
148 188 18
154 188 13
155 188 20
161 188 9
166 188 20
168 188 16
171 188 18
172 188 17
175 188 16
178 188 9
6 189 21
53 189 13
59 189 24
68 189 26
69 189 26
92 189 25
93 189 25
94 189 17
107 189 17
110 189 19
113 189 15
117 189 18
120 189 18
121 189 19
124 189 26
129 189 15
131 189 21
135 189 24
145 189 26
150 189 12
167 189 20
170 189 17
174 189 13
176 189 17
182 189 16
4 190 21
12 190 16
17 190 15
25 190 21
27 190 21
28 190 18
72 190 23
76 190 20
84 190 15
85 190 24
87 190 15
89 190 19
95 190 19
127 190 24
135 190 16
139 190 24
146 190 23
148 190 24
154 190 13
155 190 16
166 190 24
171 190 22
172 190 17
183 190 18
188 190 16
6 191 43
9 191 19
13 191 23
18 191 12
33 191 2
35 191 17
48 191 28
53 191 33
56 191 21
59 191 42
60 191 20
66 191 17
68 191 43
69 191 52
82 191 29
86 191 20
92 191 26
93 191 25
94 191 21
95 191 16
107 191 23
110 191 25
111 191 20
113 191 29
117 191 23
120 191 23
121 191 19
124 191 28
126 191 26
127 191 3
129 191 34
131 191 29
135 191 42
140 191 20
145 191 26
149 191 26
150 191 22
157 191 37
160 191 21
163 191 30
167 191 25
169 191 21
170 191 21
173 191 22
174 191 15
175 191 2
176 191 18
177 191 18
182 191 19
184 191 12
185 191 12
189 191 26
6 192 21
53 192 13
59 192 25
68 192 27
69 192 27
92 192 25
93 192 25
94 192 18
107 192 17
110 192 19
113 192 16
117 192 19
120 192 19
121 192 19
124 192 27
129 192 15
131 192 22
135 192 25
141 192 12
145 192 26
150 192 12
167 192 21
170 192 18
174 192 13
176 192 17
182 192 16
189 192 26
191 192 26
4 193 9
6 193 33
11 193 17
13 193 16
17 193 21
18 193 21
21 193 18
30 193 16
35 193 24
42 193 20
48 193 25
52 193 32
53 193 37
54 193 24
55 193 28
56 193 26
59 193 42
60 193 22
66 193 23
68 193 27
69 193 34
80 193 30
82 193 41
83 193 10
86 193 17
95 193 16
97 193 20
98 193 23
99 193 20
100 193 20
104 193 20
107 193 25
110 193 19
117 193 18
128 193 22
129 193 20
130 193 26
131 193 32
135 193 42
148 193 13
149 193 28
157 193 37
160 193 20
163 193 41
167 193 21
169 193 40
173 193 29
174 193 9
177 193 33
181 193 19
182 193 19
185 193 12
191 193 33
6 194 36
9 194 21
11 194 19
13 194 19
17 194 17
18 194 19
30 194 16
35 194 22
48 194 26
52 194 31
53 194 32
54 194 24
55 194 26
56 194 27
59 194 36
60 194 28
66 194 25
68 194 22
69 194 29
70 194 15
80 194 16
82 194 34
83 194 9
86 194 17
110 194 17
111 194 22
113 194 25
126 194 20
128 194 18
129 194 22
133 194 5
134 194 7
140 194 15
148 194 9
149 194 28
150 194 15
157 194 35
158 194 5
163 194 30
167 194 13
169 194 24
177 194 21
191 194 29
193 194 35
4 195 7
6 195 31
9 195 15
10 195 12
11 195 19
17 195 22
18 195 18
30 195 16
35 195 20
48 195 27
49 195 12
51 195 5
52 195 40
53 195 26
54 195 24
55 195 31
56 195 32
59 195 37
60 195 20
66 195 17
70 195 18
80 195 21
82 195 30
87 195 12
88 195 8
110 195 16
111 195 16
112 195 12
113 195 26
120 195 12
128 195 19
130 195 18
131 195 23
135 195 27
141 195 13
149 195 22
157 195 36
160 195 19
163 195 30
169 195 24
177 195 20
182 195 16
193 195 32
194 195 30
4 196 7
6 196 20
11 196 16
17 196 17
18 196 17
21 196 18
30 196 15
35 196 16
42 196 18
52 196 24
53 196 21
54 196 21
55 196 23
56 196 19
59 196 29
60 196 15
80 196 26
82 196 29
97 196 19
98 196 19
99 196 19
100 196 19
104 196 19
107 196 20
128 196 18
130 196 23
131 196 24
135 196 26
163 196 28
169 196 29
173 196 21
177 196 26
181 196 18
193 196 35
194 196 21
195 196 25
25 197 11
27 197 11
28 197 12
74 197 4
85 197 12
89 197 11
95 197 13
123 197 10
139 197 11
143 197 4
152 197 10
166 197 11
175 197 10
183 197 10
