4 10 0
8 11 2
5 14 1
16 18 0
7 19 1
0 23 3
18 23 3
22 24 0
0 25 0
13 26 0
16 27 1
16 30 0
9 32 0
15 32 0
25 34 3
11 35 0
24 35 0
31 35 2
26 37 1
11 38 3
12 38 3
19 38 0
36 41 0
27 42 1
39 42 1
7 43 0
18 43 0
11 44 1
9 45 0
24 45 2
2 46 0
20 46 2
38 46 0
19 47 0
28 48 1
35 48 0
45 48 0
35 50 1
10 51 0
21 51 1
22 51 1
30 52 2
34 52 2
47 53 4
43 54 0
49 54 0
27 55 0
37 56 1
20 57 0
29 57 0
48 57 3
17 58 4
43 58 1
22 59 0
26 59 0
27 59 3
43 59 1
6 61 1
38 61 0
49 61 3
50 61 0
10 62 0
12 62 0
19 62 4
7 63 2
23 63 2
7 64 0
9 64 2
16 65 0
26 65 1
63 65 0
0 66 0
24 66 1
39 66 1
46 66 0
57 66 1
10 67 1
44 68 1
2 69 2
17 69 3
61 70 2
33 71 0
43 71 0
48 71 0
65 71 0
40 72 2
56 72 0
31 73 1
70 73 0
6 74 4
49 74 2
61 74 2
67 74 1
37 76 1
43 76 4
58 76 1
63 76 1
7 77 0
66 78 0
0 79 0
10 79 0
36 79 1
39 79 0
61 80 1
70 80 4
77 80 1
73 81 3
17 82 0
20 82 1
27 82 0
11 83 0
59 83 0
35 84 0
51 84 2
80 84 0
32 85 0
36 85 4
83 85 0
15 86 1
23 86 1
61 86 1
65 86 0
79 86 0
66 87 2
9 88 0
11 88 2
21 88 0
23 88 2
59 88 3
86 88 1
1 90 0
32 90 0
16 91 1
77 91 0
3 92 0
52 92 0
41 93 1
70 93 0
83 93 1
89 93 1
17 94 2
26 94 1
44 94 0
47 94 1
69 94 2
17 95 1
83 95 0
32 96 0
41 96 3
25 97 0
77 97 0
68 98 3
9 99 1
56 99 0
79 99 1
91 99 0
93 99 1
74 100 2
86 100 2
25 101 1
52 101 0
10 102 0
25 102 0
40 103 0
102 103 1
13 104 0
23 104 0
68 104 4
46 105 2
91 105 1
103 105 1
29 106 1
59 106 1
85 106 1
97 106 3
24 107 3
45 107 2
64 107 2
35 108 0
55 108 4
105 108 0
7 109 0
12 109 4
3 110 1
39 110 1
65 110 0
87 110 1
0 111 0
39 111 0
43 111 2
106 111 0
55 112 2
62 112 1
90 112 3
107 112 0
6 113 0
34 113 2
71 113 1
7 114 0
51 114 0
52 114 0
56 114 0
95 114 4
73 115 0
77 115 1
96 115 0
112 115 1
32 116 1
58 116 0
92 116 0
97 116 3
106 116 2
45 117 0
57 117 0
11 118 2
38 118 2
88 118 3
116 118 2
13 119 0
21 120 1
22 120 1
27 120 0
30 120 0
48 120 0
61 120 0
65 120 1
89 120 1
113 120 0
20 121 0
59 121 4
118 121 0
76 122 1
119 122 0
31 123 2
62 123 3
78 123 3
107 123 1
10 124 1
20 124 0
24 124 2
55 124 1
83 124 1
91 124 2
16 125 0
29 125 0
34 125 1
97 125 1
99 125 1
102 125 0
113 125 1
21 126 0
111 126 1
24 127 2
39 127 1
104 127 0
5 128 1
67 128 1
107 128 0
117 128 2
69 129 1
96 129 0
108 129 0
68 130 0
108 130 3
112 130 1
16 131 2
36 131 0
44 131 2
92 131 2
96 131 2
29 132 3
47 132 1
14 133 0
35 133 0
36 133 3
85 133 2
93 133 1
99 133 1
80 134 0
92 134 1
99 134 1
10 135 0
50 135 3
53 135 0
92 135 0
109 135 1
1 136 2
17 136 3
24 136 0
58 136 1
80 136 0
114 136 0
102 137 0
123 137 0
130 137 3
131 137 0
19 138 1
33 138 1
39 138 1
60 138 5
87 138 0
127 138 2
7 139 5
19 139 1
50 139 2
72 139 1
76 139 1
81 139 0
24 140 2
66 140 3
87 140 2
105 140 1
115 140 0
124 140 3
42 141 2
59 141 4
74 141 1
88 141 3
121 141 2
58 142 1
84 142 3
87 142 3
99 142 1
15 143 0
44 143 2
121 143 1
126 143 0
133 143 1
36 144 1
134 144 0
57 145 2
82 145 2
93 145 3
105 145 1
111 145 0
3 146 0
33 146 1
69 146 0
77 146 2
29 147 1
52 147 1
123 147 0
52 148 0
57 148 0
94 148 2
102 148 1
29 149 1
45 149 0
92 149 0
113 149 0
123 149 0
126 149 1
132 149 1
133 149 0
25 150 0
29 150 3
30 150 0
32 150 1
41 150 1
43 150 0
53 150 0
116 150 1
131 150 1
132 150 3
133 150 0
141 150 0
147 150 1
135 151 4
148 151 0
60 152 1
62 152 0
84 152 1
90 152 3
130 152 3
137 152 4
142 152 2
2 153 0
39 153 1
52 153 0
83 153 2
91 153 0
110 153 3
134 153 1
142 153 1
34 154 0
76 154 4
89 154 0
122 154 2
44 155 3
81 155 0
119 155 1
126 155 0
131 155 1
132 155 0
40 156 1
43 156 2
56 156 2
62 156 2
123 156 1
154 156 2
17 157 0
22 157 0
30 157 2
72 157 0
96 157 0
140 157 0
147 157 3
0 158 2
5 158 0
40 158 1
42 158 0
55 158 0
60 158 1
86 158 0
145 158 1
33 159 1
38 159 2
40 159 0
60 159 1
88 159 0
3 160 1
31 160 1
56 160 0
104 160 0
138 160 1
105 161 1
8 162 1
117 162 4
128 162 4
55 163 0
101 163 3
10 164 0
12 164 4
118 164 1
162 164 0
0 165 2
18 165 1
63 165 2
69 165 0
136 165 0
156 165 1
164 165 0
9 166 2
33 166 1
127 166 1
160 166 1
47 167 0
56 167 0
73 167 0
106 167 1
166 167 0
28 168 1
75 168 0
87 168 0
65 169 1
84 169 1
93 169 2
113 169 0
142 169 2
23 170 5
52 170 0
63 170 3
135 170 0
141 170 1
22 171 0
26 171 1
27 171 1
36 171 3
45 171 1
116 171 1
118 171 3
119 171 0
144 171 3
164 171 1
2 172 3
122 172 3
139 172 2
21 173 2
44 173 1
49 173 2
58 173 0
67 173 0
75 173 0
143 173 1
154 173 0
30 174 4
95 174 2
101 174 1
131 174 0
30 175 4
54 175 2
73 175 2
77 175 0
94 175 0
101 175 3
138 175 0
163 175 2
16 176 0
44 176 4
132 176 2
150 176 3
8 177 1
25 177 2
34 177 3
81 177 0
114 177 1
141 177 0
163 177 1
174 177 2
176 177 0
81 178 0
92 178 2
112 178 1
126 178 1
132 178 2
5 179 2
28 179 0
104 179 2
128 179 4
169 179 1
1 180 1
39 180 1
51 180 0
68 180 0
77 180 0
96 180 1
102 180 0
142 180 0
9 181 1
35 181 1
73 181 0
78 181 2
104 181 0
107 181 0
151 181 0
159 181 0
171 181 1
3 182 1
24 182 1
34 182 0
48 182 1
53 182 1
82 182 1
103 182 1
124 182 1
161 182 1
45 183 0
67 183 3
90 183 0
99 183 2
101 183 0
109 183 0
125 183 3
153 183 1
117 184 3
129 184 0
132 184 0
162 184 2
52 185 0
79 185 0
91 185 2
124 185 3
172 185 0
2 186 4
69 186 4
78 186 1
94 186 2
101 186 0
172 186 1
184 186 0
37 187 4
43 187 0
142 187 0
154 187 3
162 187 1
20 188 0
41 188 0
90 188 7
101 188 0
112 188 4
137 188 5
152 188 4
8 189 1
57 189 2
73 189 1
91 189 0
168 189 4
179 189 0
6 190 0
21 190 0
71 190 0
93 190 2
97 190 1
137 190 2
147 190 0
167 190 1
169 190 1
1 191 3
17 191 2
45 191 0
58 191 3
85 191 3
114 191 2
180 191 1
70 192 2
80 192 1
91 192 0
115 192 1
175 192 1
23 193 1
89 193 0
115 193 0
129 193 2
158 193 6
164 193 0
170 193 2
9 194 1
15 194 1
19 194 1
51 194 0
72 194 0
127 194 3
129 194 1
162 194 0
172 194 0
25 195 2
34 195 2
54 195 2
101 195 3
118 195 0
132 195 0
157 195 1
175 195 3
189 195 1
1 196 0
4 196 0
8 196 3
28 196 0
42 196 1
63 196 0
89 196 0
121 196 1
164 196 2
174 196 0
1 197 1
8 198 1
91 198 3
124 198 4
138 198 0
140 198 2
177 198 1
180 198 2
185 198 3
49 199 2
55 199 0
94 199 1
107 199 1
118 199 1
120 199 0
122 199 0
169 199 0
173 199 2
49 200 1
51 200 1
74 200 2
120 200 0
146 200 0
49 201 1
61 201 2
144 201 0
160 201 0
181 201 1
9 202 1
15 202 1
19 202 2
20 202 0
31 202 1
62 202 3
78 202 1
84 202 0
123 202 3
166 202 1
15 203 0
17 203 1
22 203 1
43 203 1
16 204 2
27 204 1
60 204 0
86 204 0
134 204 0
166 204 0
185 204 1
201 204 0
203 204 0
37 205 2
57 205 1
108 205 0
111 205 1
137 205 0
203 205 3
52 206 1
78 206 1
108 206 2
133 206 0
156 206 0
163 206 4
175 206 1
177 206 3
186 206 1
197 206 0
12 207 2
38 207 2
187 207 0
203 207 1
205 207 5
48 208 1
61 208 0
75 208 4
100 208 0
157 208 2
174 208 1
190 208 0
204 208 1
15 209 2
27 209 0
35 209 0
60 209 3
121 209 0
138 209 2
146 209 0
166 209 0
184 209 0
25 210 2
147 210 2
174 210 2
208 210 3
21 211 0
90 211 1
130 211 5
137 211 5
188 211 3
206 211 0
9 212 2
15 212 2
76 212 0
78 212 2
109 212 0
128 212 0
181 212 2
53 213 2
94 213 1
138 213 1
148 213 2
168 213 0
172 213 3
16 214 2
39 214 1
47 214 0
71 214 0
87 214 1
102 214 3
147 214 0
198 214 0
213 214 0
28 215 2
93 215 1
105 215 4
126 215 1
145 215 2
168 215 3
186 215 0
189 215 1
191 215 0
194 215 0
84 216 0
151 216 3
44 217 0
126 217 0
135 217 3
139 217 5
151 217 4
172 217 3
18 218 1
29 218 0
109 218 1
135 218 2
158 218 2
188 218 0
192 218 0
193 218 3
216 218 3
1 219 1
4 219 2
15 219 0
46 219 0
58 219 1
63 219 0
100 219 0
1 220 2
2 220 0
89 220 0
133 220 0
194 220 0
15 221 0
20 221 0
75 221 4
101 221 3
162 221 0
163 221 2
214 221 0
12 222 3
39 222 1
42 222 4
103 222 1
109 222 1
141 222 4
144 222 3
164 222 2
8 223 1
28 223 1
83 223 1
105 223 1
125 223 1
182 223 1
189 223 2
9 224 0
11 224 1
12 224 0
14 224 1
28 224 0
16 225 2
49 225 0
100 225 1
102 225 1
110 225 1
134 225 2
167 225 0
171 225 0
194 225 0
197 225 0
209 225 0
214 225 2
90 226 1
95 226 3
114 226 4
170 226 0
197 226 5
24 227 2
55 227 1
123 227 1
159 227 1
186 227 0
194 227 1
217 227 1
19 228 0
24 228 3
33 228 0
60 228 2
88 228 0
107 228 1
130 228 1
178 228 0
209 228 2
211 228 1
212 228 1
224 228 0
227 228 1
79 229 0
111 229 3
168 229 1
175 229 1
192 229 3
205 229 5
207 229 4
226 229 1
20 230 2
54 230 0
99 230 0
105 230 1
119 230 1
155 230 1
160 230 0
182 230 0
215 230 2
218 230 0
0 231 0
6 231 0
42 231 1
71 231 0
143 231 1
144 231 3
167 231 0
171 231 2
179 231 1
3 232 4
14 232 2
49 232 0
115 232 2
119 232 0
139 232 0
185 232 0
38 233 1
117 233 0
141 233 1
144 233 2
193 233 1
222 233 3
5 234 5
82 234 1
143 234 0
161 234 1
169 234 1
179 234 2
3 235 1
18 235 0
64 235 0
67 235 3
74 235 1
79 235 2
142 235 1
183 235 1
210 235 0
7 236 1
9 236 0
35 236 1
50 236 2
129 236 1
140 236 0
144 236 2
165 236 2
218 236 1
228 236 0
30 237 1
44 237 1
54 237 1
85 237 1
153 237 0
159 237 0
177 237 3
195 237 2
208 237 2
4 238 1
22 238 0
23 238 1
50 238 1
60 238 2
129 238 0
145 238 1
152 238 1
158 238 2
165 238 2
170 238 3
7 239 0
20 239 0
66 239 2
67 239 2
75 239 0
83 239 2
90 239 0
99 239 0
103 239 0
111 239 0
123 239 0
135 239 0
140 239 2
223 239 1
12 240 1
27 240 1
59 240 3
84 240 0
91 240 0
112 240 0
141 240 3
164 240 2
170 240 1
231 240 3
5 241 2
37 241 1
130 241 0
192 241 3
202 241 2
223 241 0
231 241 0
234 241 2
3 242 2
14 242 1
48 242 0
53 242 0
144 242 1
164 242 0
192 242 2
199 242 0
232 242 2
241 242 3
12 243 1
28 243 2
42 243 0
81 243 1
142 243 1
169 243 1
182 243 1
215 243 2
59 244 0
66 244 1
79 244 2
87 244 3
142 244 3
145 244 0
164 244 0
188 244 0
204 244 2
235 244 4
12 245 2
13 245 4
38 245 1
55 245 4
108 245 4
168 245 0
4 246 2
69 246 3
71 246 0
85 246 2
116 246 0
186 246 2
191 246 1
213 246 3
238 246 1
19 247 0
73 247 3
76 247 0
97 247 4
116 247 4
118 247 1
132 247 0
143 247 0
163 247 1
206 247 1
46 248 1
59 248 2
121 248 1
123 248 1
127 248 0
144 248 4
222 248 1
231 248 3
240 248 3
4 249 0
27 249 0
29 249 3
105 249 1
110 249 0
143 249 3
163 249 0
167 249 2
205 249 0
2 250 3
40 250 0
42 250 2
53 250 2
94 250 2
122 250 3
130 250 0
147 250 0
161 250 0
25 251 3
60 251 2
151 251 1
161 251 2
197 251 4
220 251 1
226 251 3
6 252 1
11 252 4
18 252 0
38 252 2
73 252 0
88 252 3
92 252 0
171 252 1
196 252 1
207 252 2
248 252 1
20 253 3
46 253 3
54 253 0
71 253 0
125 253 1
173 253 0
223 253 3
2 254 3
26 254 3
51 254 0
66 254 0
86 254 0
148 254 5
179 254 0
184 254 1
221 254 0
237 254 0
250 254 3
1 255 1
13 255 4
19 255 1
55 255 2
79 255 0
130 255 3
159 255 0
191 255 1
193 255 0
211 255 3
217 255 1
245 255 4
6 256 1
57 256 2
82 256 1
103 256 3
105 256 3
127 256 0
132 256 1
136 256 0
154 256 0
168 256 2
183 256 0
215 256 3
241 256 0
22 257 0
83 257 2
91 257 1
132 257 1
150 257 2
204 257 1
216 257 0
244 257 1
252 257 0
0 258 2
33 258 1
74 258 0
106 258 1
127 258 0
135 258 3
151 258 4
158 258 3
187 258 0
191 258 1
193 258 1
198 258 0
216 258 3
40 259 3
72 259 3
77 259 1
119 259 1
134 259 0
146 259 1
173 259 0
192 259 0
202 259 0
39 260 3
66 260 2
85 260 0
125 260 1
180 260 1
181 260 0
185 260 2
188 260 0
204 260 1
235 260 1
250 260 0
256 260 0
259 260 0
41 261 2
59 261 1
88 261 1
96 261 2
143 261 1
153 261 0
155 261 1
176 261 3
178 261 1
184 261 0
215 261 0
36 262 3
59 262 1
79 262 1
85 262 4
92 262 1
97 262 2
106 262 4
143 262 1
159 262 0
178 262 1
191 262 2
238 262 0
249 262 1
258 262 2
95 263 2
117 263 0
119 263 0
197 263 3
220 263 1
224 263 2
226 263 4
247 263 2
3 264 2
39 264 0
40 264 2
115 264 2
125 264 1
165 264 0
232 264 3
259 264 2
4 265 2
65 265 1
136 265 1
155 265 0
169 265 1
219 265 1
220 265 3
224 265 2
245 265 0
247 265 1
263 265 3
34 266 2
75 266 2
96 266 1
177 266 3
204 266 0
221 266 2
237 266 1
249 266 1
2 267 0
13 267 3
28 267 0
112 267 2
137 267 5
142 267 1
152 267 3
211 267 2
227 267 0
245 267 3
12 268 1
21 268 1
63 268 0
71 268 2
86 268 2
93 268 0
95 268 0
120 268 1
130 268 0
151 268 0
166 268 2
243 268 1
3 269 0
13 269 0
21 269 2
22 269 1
71 269 1
93 269 1
100 269 1
113 269 2
145 269 1
173 269 1
201 269 0
51 270 0
54 270 2
64 270 0
68 270 0
101 270 1
106 270 1
112 270 0
153 270 0
157 270 2
210 270 1
221 270 2
266 270 2
37 271 1
75 271 5
78 271 0
136 271 1
150 271 0
208 271 4
210 271 2
221 271 1
253 271 0
62 272 0
83 272 0
87 272 2
101 272 0
120 272 0
134 272 2
140 272 1
178 272 1
185 272 1
225 272 1
235 272 1
244 272 2
245 272 1
261 272 1
19 273 1
22 273 0
57 273 2
65 273 0
107 273 1
113 273 0
166 273 2
190 273 0
199 273 3
255 273 1
268 273 3
37 274 1
54 274 1
75 274 4
108 274 1
128 274 0
147 274 2
153 274 0
206 274 1
208 274 2
223 274 0
251 274 0
266 274 1
271 274 5
2 275 2
30 275 4
147 275 5
174 275 3
175 275 3
177 275 2
210 275 3
219 275 0
237 275 2
269 275 0
274 275 2
33 276 1
36 276 2
50 276 0
54 276 1
81 276 0
85 276 2
96 276 2
97 276 2
167 276 0
176 276 1
180 276 1
241 276 0
247 276 1
261 276 2
262 276 3
270 276 2
29 277 0
67 277 0
76 277 0
98 277 3
104 277 3
184 277 1
190 277 1
241 277 0
8 278 3
14 278 0
27 278 3
59 278 1
94 278 0
136 278 0
164 278 3
196 278 3
227 278 0
230 278 0
233 278 2
27 279 0
75 279 1
87 279 1
128 279 4
157 279 1
184 279 1
205 279 1
208 279 3
4 280 2
151 280 1
161 280 4
197 280 2
222 280 1
233 280 2
251 280 4
18 281 0
20 281 2
26 281 1
46 281 2
48 281 0
82 281 2
91 281 0
103 281 1
145 281 1
168 281 1
216 281 0
229 281 1
243 281 1
248 281 1
1 282 1
56 282 3
111 282 3
203 282 2
220 282 1
226 282 2
229 282 4
246 282 0
270 282 0
14 283 2
28 283 0
39 283 1
46 283 0
67 283 2
125 283 1
158 283 0
185 283 2
198 283 2
239 283 1
257 283 2
260 283 3
4 284 3
6 284 0
17 284 1
30 284 0
58 284 2
106 284 0
152 284 0
226 284 2
242 284 1
250 284 0
265 284 2
280 284 1
70 285 0
74 285 3
84 285 2
100 285 2
113 285 1
165 285 0
190 285 0
201 285 2
276 285 0
283 285 0
6 286 2
18 286 1
38 286 0
89 286 1
111 286 0
152 286 0
173 286 1
201 286 3
268 286 1
285 286 2
32 287 2
36 287 0
92 287 2
100 287 0
200 287 0
223 287 0
238 287 0
259 287 0
261 287 2
57 288 1
72 288 0
104 288 2
110 288 1
122 288 0
128 288 4
179 288 3
205 288 2
248 288 1
279 288 7
5 289 1
24 289 1
29 289 0
56 289 4
82 289 0
127 289 1
163 289 0
205 289 3
207 289 5
229 289 6
244 289 0
282 289 5
85 290 1
104 290 0
117 290 0
118 290 0
161 290 4
191 290 3
211 290 0
220 290 3
224 290 1
269 290 0
280 290 2
4 291 2
34 291 0
42 291 0
58 291 1
64 291 0
115 291 1
149 291 0
161 291 3
287 291 0
0 292 3
18 292 4
23 292 2
46 292 1
68 292 0
83 292 0
105 292 2
161 292 1
166 292 0
216 292 5
218 292 3
233 292 0
258 292 3
265 292 0
51 293 0
55 293 5
78 293 0
81 293 0
112 293 2
137 293 3
184 293 0
188 293 3
211 293 5
245 293 3
285 293 0
90 294 5
137 294 5
152 294 4
188 294 4
213 294 2
226 294 3
255 294 2
263 294 1
264 294 1
46 295 2
92 295 0
103 295 2
136 295 0
145 295 1
182 295 2
194 295 0
243 295 2
284 295 0
10 296 0
32 296 2
72 296 0
81 296 2
106 296 3
149 296 3
167 296 1
174 296 0
269 296 0
270 296 1
287 296 4
56 297 0
104 297 1
140 297 1
151 297 0
266 297 0
277 297 1
295 297 3
17 298 4
69 298 1
95 298 1
116 298 1
219 298 3
47 299 3
50 299 0
186 299 3
284 299 1
296 299 0
298 299 0
14 300 2
28 300 0
29 300 0
41 300 0
51 300 0
72 300 3
99 300 0
115 300 2
121 300 0
192 300 1
255 300 0
29 301 2
41 301 2
61 301 0
96 301 4
131 301 2
150 301 4
167 301 3
170 301 0
190 301 1
224 301 0
257 301 2
262 301 0
283 301 1
287 301 0
2 302 0
103 302 0
160 302 0
162 302 1
174 302 1
179 302 3
231 302 2
245 302 0
277 302 4
2 303 1
55 303 0
110 303 0
114 303 3
172 303 1
188 303 1
197 303 3
224 303 2
226 303 4
238 303 0
253 303 0
284 303 1
291 303 2
63 304 2
103 304 2
112 304 1
151 304 4
178 304 2
192 304 0
216 304 5
217 304 2
222 304 1
256 304 1
258 304 4
292 304 3
40 305 3
72 305 2
140 305 0
146 305 0
149 305 0
172 305 2
192 305 1
206 305 0
215 305 0
217 305 3
227 305 2
5 306 1
16 306 1
56 306 3
142 306 0
205 306 3
207 306 4
227 306 1
229 306 5
282 306 6
289 306 8
46 307 0
103 307 1
110 307 0
168 307 2
172 307 1
189 307 3
197 307 0
211 307 0
243 307 0
21 308 0
40 308 2
79 308 0
100 308 0
119 308 3
179 308 0
201 308 0
241 308 1
253 308 0
259 308 2
267 308 0
300 308 0
16 309 1
34 309 0
56 309 1
83 309 2
102 309 2
107 309 0
116 309 0
134 309 2
153 309 3
183 309 2
191 309 0
214 309 2
239 309 1
260 309 0
67 310 1
72 310 3
80 310 1
115 310 2
121 310 0
213 310 0
232 310 3
237 310 0
259 310 2
269 310 1
22 311 2
61 311 0
103 311 0
137 311 3
161 311 0
190 311 2
199 311 1
200 311 2
267 311 1
269 311 1
286 311 0
294 311 1
10 312 1
16 312 2
31 312 0
81 312 0
83 312 1
87 312 1
98 312 1
134 312 1
142 312 1
156 312 1
192 312 0
210 312 0
225 312 2
257 312 2
298 312 0
21 313 2
22 313 1
40 313 1
49 313 2
51 313 2
83 313 2
93 313 3
131 313 0
145 313 1
153 313 1
156 313 1
173 313 4
199 313 3
8 314 1
40 314 1
88 314 3
118 314 1
141 314 2
158 314 2
193 314 1
231 314 2
236 314 0
240 314 3
248 314 3
252 314 2
278 314 1
282 314 0
307 314 0
0 315 0
33 315 0
62 315 3
78 315 3
90 315 0
123 315 3
141 315 0
160 315 1
181 315 2
208 315 0
241 315 0
245 315 0
248 315 1
249 315 0
290 315 0
8 316 1
21 316 0
29 316 2
73 316 1
96 316 0
97 316 3
106 316 3
116 316 3
162 316 1
193 316 0
197 316 0
235 316 0
247 316 4
249 316 1
33 317 1
79 317 2
83 317 3
124 317 4
140 317 3
187 317 0
198 317 3
257 317 3
276 317 1
1 318 0
8 318 1
26 318 4
65 318 1
69 318 1
80 318 0
122 318 2
172 318 3
213 318 2
299 318 3
41 319 1
87 319 1
93 319 3
95 319 0
100 319 1
113 319 0
136 319 0
167 319 1
173 319 2
200 319 1
201 319 1
210 319 0
286 319 2
313 319 2
4 320 3
67 320 0
92 320 0
159 320 0
161 320 0
165 320 0
191 320 1
200 320 0
214 320 1
219 320 1
220 320 0
224 320 0
243 320 0
302 320 0
67 321 2
76 321 2
80 321 0
124 321 1
180 321 2
183 321 3
205 321 1
216 321 0
225 321 0
244 321 0
259 321 0
317 321 2
15 322 2
24 322 2
31 322 0
34 322 0
45 322 3
53 322 0
92 322 1
99 322 1
134 322 2
171 322 2
181 322 2
209 322 2
227 322 2
263 322 0
306 322 1
315 322 1
5 323 0
7 323 0
27 323 3
37 323 0
42 323 2
53 323 1
59 323 2
121 323 4
144 323 0
196 323 2
294 323 0
299 323 0
314 323 0
14 324 3
70 324 3
77 324 1
85 324 1
134 324 0
233 324 0
252 324 0
283 324 1
288 324 0
289 324 0
300 324 3
0 325 1
8 325 1
41 325 1
54 325 2
75 325 2
138 325 1
163 325 2
257 325 1
270 325 2
271 325 3
318 325 1
43 326 3
61 326 1
72 326 0
111 326 5
126 326 1
135 326 1
154 326 2
181 326 1
185 326 0
201 326 2
207 326 1
218 326 3
282 326 2
292 326 1
316 326 0
47 327 0
51 327 1
61 327 1
86 327 5
87 327 0
101 327 1
145 327 0
169 327 2
189 327 1
195 327 2
268 327 4
273 327 2
26 328 0
32 328 0
47 328 2
53 328 5
122 328 4
148 328 1
172 328 1
182 328 1
195 328 0
212 328 0
246 328 0
250 328 4
292 328 0
323 328 2
1 329 0
9 329 2
14 329 1
24 329 1
56 329 0
64 329 3
127 329 4
154 329 0
159 329 1
194 329 3
209 329 0
275 329 0
313 329 0
314 329 0
26 330 4
37 330 1
47 330 3
53 330 2
69 330 1
74 330 0
82 330 1
122 330 1
148 330 1
211 330 0
262 330 0
280 330 0
299 330 3
317 330 1
318 330 6
50 331 0
128 331 4
131 331 0
162 331 2
163 331 0
197 331 0
277 331 2
279 331 4
288 331 3
293 331 0
311 331 0
18 332 0
45 332 0
47 332 4
53 332 3
69 332 4
100 332 1
127 332 0
147 332 0
155 332 0
172 332 1
213 332 3
221 332 0
225 332 1
246 332 4
83 333 1
94 333 0
110 333 1
121 333 0
125 333 0
134 333 1
161 333 0
170 333 0
232 333 0
235 333 1
265 333 0
293 333 0
317 333 2
321 333 1
1 334 3
11 334 1
21 334 0
81 334 0
130 334 0
161 334 2
191 334 2
209 334 0
214 334 0
216 334 0
219 334 3
224 334 1
280 334 1
291 334 2
298 334 3
68 335 3
98 335 3
117 335 2
259 335 0
271 335 0
279 335 3
288 335 2
302 335 2
319 335 0
16 336 1
17 336 0
79 336 4
92 336 1
99 336 2
102 336 1
126 336 0
165 336 0
204 336 3
205 336 0
235 336 3
244 336 3
286 336 0
287 336 1
333 336 1
3 337 3
5 337 0
40 337 1
67 337 2
80 337 3
119 337 2
209 337 0
216 337 0
265 337 0
268 337 0
308 337 3
310 337 3
44 338 5
147 338 1
149 338 1
155 338 3
176 338 3
201 338 0
275 338 2
316 338 0
328 338 0
3 339 2
5 339 1
54 339 0
70 339 2
97 339 0
98 339 0
143 339 1
155 339 0
192 339 3
229 339 1
231 339 1
232 339 2
251 339 1
264 339 3
0 340 2
20 340 0
37 340 1
63 340 3
158 340 3
165 340 4
193 340 2
216 340 1
236 340 1
263 340 0
280 340 1
304 340 4
29 341 0
68 341 2
164 341 0
184 341 1
185 341 0
266 341 1
282 341 1
288 341 4
296 341 1
306 341 1
331 341 3
335 341 5
10 342 0
34 342 4
41 342 0
52 342 2
105 342 0
131 342 0
157 342 3
163 342 1
172 342 1
195 342 2
270 342 1
271 342 1
274 342 1
295 342 0
318 342 1
87 343 2
94 343 0
128 343 4
179 343 4
196 343 0
229 343 0
248 343 1
277 343 3
279 343 3
288 343 5
291 343 0
296 343 1
302 343 3
319 343 1
330 343 1
341 343 5
50 344 4
57 344 0
129 344 2
130 344 0
135 344 5
151 344 4
158 344 2
159 344 1
186 344 0
200 344 0
202 344 0
217 344 4
226 344 0
258 344 3
278 344 0
11 345 0
39 345 0
46 345 1
48 345 1
57 345 3
74 345 1
109 345 0
115 345 0
145 345 2
162 345 0
168 345 1
189 345 2
230 345 0
243 345 0
253 345 1
19 346 5
23 346 0
35 346 1
60 346 2
62 346 3
64 346 2
143 346 0
194 346 1
202 346 2
253 346 0
304 346 1
315 346 1
318 346 0
340 346 1
30 347 4
52 347 2
68 347 0
73 347 1
75 347 2
164 347 0
166 347 0
174 347 2
175 347 4
195 347 1
219 347 0
258 347 0
271 347 3
290 347 0
317 347 0
325 347 3
22 348 1
28 348 1
32 348 0
36 348 0
101 348 0
169 348 1
173 348 1
308 348 0
335 348 0
75 349 1
86 349 4
89 349 1
100 349 2
113 349 1
117 349 0
221 349 1
231 349 0
262 349 0
304 349 0
311 349 0
313 349 1
327 349 2
342 349 0
348 349 2
25 350 3
64 350 0
147 350 4
157 350 2
163 350 5
206 350 1
210 350 3
221 350 1
251 350 1
257 350 1
272 350 0
275 350 2
306 350 0
315 350 0
325 350 3
342 350 2
126 351 0
136 351 0
161 351 1
212 351 1
219 351 2
230 351 0
232 351 1
272 351 0
279 351 1
284 351 1
290 351 3
298 351 3
331 351 1
2 352 4
10 352 0
122 352 2
139 352 1
148 352 2
157 352 0
172 352 3
204 352 0
246 352 2
254 352 3
295 352 1
297 352 1
299 352 2
7 353 2
50 353 4
121 353 0
139 353 4
151 353 3
168 353 0
177 353 0
183 353 0
217 353 3
220 353 0
221 353 0
238 353 2
253 353 0
318 353 0
340 353 1
344 353 4
20 354 2
88 354 0
103 354 1
154 354 0
178 354 0
204 354 1
208 354 1
219 354 0
230 354 3
253 354 4
307 354 3
53 355 0
58 355 1
104 355 0
197 355 3
203 355 2
214 355 1
226 355 4
251 355 2
265 355 1
282 355 2
286 355 0
320 355 2
338 355 2
351 355 3
19 356 2
58 356 2
62 356 3
64 356 5
78 356 1
108 356 0
127 356 1
160 356 3
167 356 1
168 356 0
284 356 2
299 356 1
301 356 2
315 356 3
329 356 2
20 357 0
21 357 1
71 357 0
77 357 0
84 357 2
96 357 1
138 357 0
199 357 3
200 357 4
273 357 1
311 357 2
319 357 1
348 357 3
350 357 0
19 358 1
39 358 1
58 358 1
68 358 0
99 358 2
102 358 2
142 358 2
155 358 0
204 358 1
214 358 3
295 358 0
310 358 1
328 358 0
336 358 4
346 358 1
25 359 1
157 359 2
187 359 1
205 359 1
206 359 1
208 359 3
210 359 5
215 359 1
240 359 0
243 359 1
266 359 1
270 359 5
271 359 3
276 359 1
303 359 0
325 359 2
8 360 4
12 360 3
15 360 0
58 360 0
109 360 2
121 360 1
126 360 1
132 360 0
164 360 3
170 360 0
215 360 1
233 360 3
259 360 0
278 360 3
280 360 1
298 360 0
323 360 1
352 360 0
70 361 1
71 361 0
72 361 3
115 361 1
139 361 1
148 361 0
162 361 0
199 361 1
220 361 0
259 361 2
273 361 2
310 361 5
324 361 2
334 361 0
343 361 0
13 362 4
55 362 4
67 362 0
108 362 4
130 362 4
152 362 3
169 362 0
211 362 4
251 362 1
255 362 6
267 362 6
293 362 2
325 362 0
13 363 0
41 363 1
44 363 3
73 363 3
97 363 1
124 363 0
127 363 0
149 363 3
152 363 0
175 363 1
176 363 3
189 363 1
235 363 0
287 363 1
296 363 3
338 363 3
340 363 0
5 364 2
40 364 4
119 364 1
172 364 2
200 364 2
210 364 1
217 364 2
234 364 4
264 364 1
268 364 0
300 364 1
305 364 6
317 364 0
324 364 1
357 364 1
2 365 3
26 365 2
48 365 0
49 365 0
69 365 4
82 365 1
122 365 0
148 365 3
186 365 3
207 365 1
248 365 0
254 365 5
295 365 0
299 365 2
332 365 2
347 365 0
3 366 0
8 366 3
23 366 1
26 366 1
36 366 1
52 366 0
88 366 2
171 366 3
196 366 1
211 366 1
248 366 1
285 366 0
340 366 0
360 366 2
2 367 4
42 367 3
47 367 2
110 367 0
149 367 1
163 367 0
222 367 1
246 367 3
250 367 3
252 367 0
264 367 0
275 367 2
299 367 5
318 367 1
332 367 2
352 367 3
101 368 1
163 368 1
189 368 2
210 368 1
222 368 0
223 368 3
230 368 2
237 368 2
253 368 4
265 368 0
281 368 0
295 368 0
307 368 2
339 368 0
354 368 4
6 369 0
103 369 0
147 369 0
178 369 0
197 369 4
201 369 0
219 369 3
224 369 3
240 369 1
263 369 2
280 369 1
298 369 3
303 369 3
318 369 0
351 369 3
355 369 2
368 369 0
13 370 3
14 370 0
40 370 0
130 370 3
152 370 2
169 370 1
198 370 0
211 370 3
245 370 5
255 370 6
272 370 1
287 370 0
293 370 2
294 370 4
309 370 0
335 370 0
20 371 2
47 371 1
48 371 2
102 371 1
103 371 2
181 371 0
208 371 2
223 371 2
230 371 3
234 371 0
237 371 2
243 371 0
253 371 3
256 371 1
297 371 1
329 371 0
368 371 4
66 372 0
95 372 0
111 372 3
132 372 0
154 372 3
185 372 0
207 372 4
221 372 0
229 372 4
274 372 0
289 372 3
355 372 0
368 372 0
26 373 4
47 373 4
94 373 3
109 373 1
119 373 1
137 373 0
160 373 0
246 373 1
247 373 1
250 373 3
254 373 3
314 373 0
316 373 1
317 373 1
318 373 2
330 373 4
332 373 3
18 374 1
57 374 1
66 374 2
70 374 0
113 374 2
129 374 2
135 374 1
139 374 2
178 374 1
211 374 0
258 374 3
304 374 2
320 374 0
353 374 2
0 375 2
23 375 1
24 375 1
31 375 2
41 375 1
64 375 2
106 375 0
107 375 3
122 375 0
123 375 2
138 375 2
166 375 1
263 375 0
268 375 1
325 375 3
356 375 1
358 375 0
56 376 2
76 376 2
77 376 0
88 376 0
94 376 1
154 376 3
156 376 6
199 376 1
203 376 2
229 376 2
237 376 1
289 376 2
335 376 0
351 376 0
368 376 1
375 376 0
5 377 3
14 377 5
21 377 0
40 377 2
77 377 0
78 377 0
218 377 0
224 377 1
232 377 2
234 377 3
305 377 2
329 377 1
364 377 4
48 378 1
82 378 2
108 378 0
134 378 2
140 378 1
149 378 0
168 378 2
174 378 0
182 378 2
212 378 0
297 378 4
307 378 3
350 378 1
4 379 0
35 379 1
36 379 0
80 379 0
92 379 1
96 379 1
143 379 2
155 379 1
178 379 2
296 379 1
298 379 1
301 379 2
333 379 1
334 379 2
345 379 0
363 379 2
375 379 0
3 380 4
6 380 0
50 380 0
60 380 0
66 380 2
67 380 5
91 380 0
110 380 4
118 380 1
160 380 1
199 380 1
212 380 0
226 380 0
235 380 3
239 380 2
260 380 2
288 380 1
312 380 0
337 380 2
67 381 2
98 381 2
117 381 5
128 381 5
162 381 2
179 381 3
236 381 0
278 381 0
279 381 3
285 381 0
297 381 0
324 381 0
332 381 1
335 381 5
341 381 2
22 382 1
37 382 5
49 382 0
56 382 4
76 382 2
90 382 0
106 382 0
154 382 5
187 382 4
203 382 3
264 382 1
282 382 4
289 382 2
347 382 0
31 383 0
37 383 3
122 383 1
154 383 4
163 383 0
176 383 0
187 383 4
200 383 0
216 383 0
229 383 1
260 383 0
295 383 0
306 383 2
310 383 0
326 383 2
382 383 3
28 384 0
42 384 0
46 384 3
74 384 0
82 384 2
134 384 1
145 384 2
189 384 0
253 384 2
257 384 1
280 384 0
295 384 3
297 384 3
299 384 1
311 384 1
354 384 1
378 384 3
9 385 1
15 385 1
33 385 4
34 385 2
38 385 2
78 385 1
113 385 2
123 385 2
129 385 1
159 385 3
166 385 2
179 385 1
227 385 2
250 385 0
374 385 2
381 385 1
23 386 0
71 386 0
75 386 2
85 386 1
93 386 0
119 386 0
147 386 1
177 386 2
195 386 1
201 386 0
206 386 2
208 386 2
237 386 5
270 386 0
312 386 0
336 386 0
377 386 0
22 387 2
65 387 3
89 387 3
100 387 0
120 387 3
122 387 0
129 387 0
146 387 0
190 387 1
260 387 0
277 387 3
299 387 0
342 387 0
348 387 3
371 387 0
95 388 0
98 388 2
145 388 2
161 388 1
182 388 3
207 388 0
223 388 2
225 388 0
297 388 3
299 388 1
335 388 2
341 388 1
345 388 1
354 388 1
68 389 4
104 389 3
106 389 0
135 389 0
152 389 0
169 389 1
184 389 5
232 389 0
254 389 1
271 389 0
302 389 2
327 389 1
381 389 2
19 390 0
42 390 2
59 390 3
68 390 0
88 390 5
121 390 3
141 390 6
198 390 1
200 390 1
211 390 1
222 390 3
252 390 1
366 390 3
388 390 0
63 391 0
70 391 0
81 391 0
86 391 0
128 391 0
136 391 2
161 391 1
183 391 0
220 391 2
224 391 4
240 391 1
242 391 0
265 391 3
277 391 2
290 391 3
298 391 1
303 391 2
369 391 4
15 392 3
27 392 0
33 392 1
44 392 1
50 392 0
60 392 0
62 392 1
64 392 2
75 392 0
84 392 0
90 392 0
102 392 0
107 392 1
160 392 1
176 392 1
185 392 0
194 392 1
212 392 1
356 392 3
385 392 2
68 393 5
104 393 6
124 393 0
179 393 2
184 393 2
210 393 1
262 393 0
266 393 0
313 393 1
331 393 1
338 393 0
368 393 1
386 393 0
389 393 5
10 394 1
16 394 4
74 394 1
91 394 3
116 394 0
131 394 1
165 394 0
180 394 2
198 394 3
257 394 3
277 394 1
283 394 2
289 394 1
306 394 2
312 394 3
321 394 1
345 394 1
358 394 0
391 394 1
9 395 0
10 395 1
13 395 1
110 395 2
140 395 2
153 395 1
189 395 0
207 395 0
225 395 1
239 395 1
257 395 1
279 395 0
293 395 0
298 395 0
314 395 0
317 395 2
322 395 0
20 396 0
25 396 0
51 396 0
67 396 2
87 396 3
110 396 4
133 396 0
142 396 2
153 396 2
214 396 2
224 396 0
245 396 0
264 396 0
283 396 1
333 396 2
345 396 0
380 396 2
20 397 0
28 397 1
89 397 0
105 397 1
113 397 0
148 397 1
197 397 1
218 397 0
223 397 3
260 397 0
289 397 0
295 397 1
297 397 4
330 397 1
378 397 1
386 397 0
388 397 2
1 398 3
13 398 0
49 398 0
100 398 1
114 398 4
146 398 2
197 398 6
226 398 5
251 398 4
263 398 3
298 398 2
303 398 4
334 398 2
353 398 0
383 398 0
0 399 2
7 399 1
18 399 1
36 399 0
110 399 0
139 399 2
185 399 0
216 399 3
217 399 3
259 399 0
280 399 1
292 399 5
304 399 3
354 399 0
385 399 0
37 400 0
46 400 0
98 400 0
121 400 2
132 400 3
133 400 3
143 400 4
151 400 0
178 400 2
198 400 1
249 400 3
338 400 4
355 400 2
379 400 2
390 400 2
22 401 0
31 401 0
64 401 1
77 401 1
89 401 0
98 401 3
117 401 3
162 401 4
176 401 0
179 401 1
184 401 3
304 401 0
343 401 3
354 401 0
366 401 0
389 401 3
12 402 0
30 402 0
63 402 0
74 402 0
80 402 1
112 402 1
115 402 3
142 402 1
146 402 1
230 402 0
244 402 1
260 402 0
264 402 2
300 402 2
337 402 1
377 402 0
382 402 1
4 403 0
5 403 1
77 403 1
144 403 0
168 403 1
189 403 1
234 403 4
298 403 1
302 403 1
308 403 1
336 403 0
350 403 1
361 403 1
401 403 2
402 403 2
11 404 2
33 404 1
109 404 2
121 404 1
146 404 1
151 404 0
155 404 2
175 404 1
231 404 0
233 404 0
252 404 1
261 404 2
275 404 2
323 404 1
338 404 2
346 404 0
366 404 1
21 405 1
81 405 0
90 405 3
108 405 3
156 405 0
188 405 3
214 405 0
217 405 1
236 405 0
240 405 0
245 405 5
254 405 0
255 405 5
267 405 4
294 405 5
357 405 1
362 405 4
370 405 4
397 405 0
10 406 1
67 406 5
105 406 2
110 406 1
121 406 0
140 406 1
146 406 0
170 406 0
180 406 1
183 406 3
195 406 0
204 406 0
229 406 0
267 406 0
321 406 3
380 406 2
381 406 2
389 406 1
0 407 1
7 407 3
18 407 3
23 407 4
63 407 3
139 407 3
170 407 3
174 407 0
198 407 0
217 407 1
236 407 1
272 407 0
286 407 1
306 407 0
324 407 0
335 407 0
374 407 3
395 407 0
7 408 0
50 408 1
54 408 0
129 408 3
149 408 0
158 408 3
170 408 2
172 408 1
193 408 4
216 408 1
218 408 3
220 408 0
287 408 1
307 408 1
313 408 0
344 408 4
374 408 2
45 409 0
60 409 0
119 409 2
123 409 0
125 409 1
126 409 0
132 409 0
219 409 0
242 409 0
264 409 2
308 409 2
310 409 1
314 409 0
331 409 0
361 409 3
377 409 0
387 409 0
403 409 2
29 410 2
44 410 3
116 410 0
143 410 3
155 410 3
167 410 3
249 410 3
290 410 0
291 410 0
301 410 3
311 410 0
319 410 1
338 410 3
362 410 0
379 410 3
401 410 0
8 411 4
38 411 2
42 411 0
113 411 3
164 411 2
187 411 0
213 411 0
233 411 3
240 411 1
256 411 0
269 411 1
309 411 0
349 411 1
360 411 5
366 411 2
374 411 1
398 411 0
6 412 1
46 412 2
81 412 0
91 412 1
101 412 0
105 412 6
182 412 1
209 412 0
215 412 2
244 412 0
249 412 1
256 412 4
297 412 4
384 412 2
388 412 3
406 412 1
11 413 0
13 413 5
53 413 0
90 413 4
108 413 3
112 413 3
152 413 3
188 413 4
233 413 0
255 413 2
275 413 0
291 413 1
303 413 2
362 413 5
5 414 2
28 414 0
49 414 0
124 414 0
192 414 4
241 414 5
242 414 3
273 414 1
305 414 3
309 414 0
339 414 4
341 414 0
349 414 0
361 414 2
374 414 0
413 414 0
17 415 1
51 415 2
69 415 2
71 415 2
79 415 0
111 415 0
128 415 1
168 415 0
169 415 4
200 415 2
268 415 3
273 415 2
275 415 0
276 415 0
327 415 4
331 415 1
348 415 2
370 415 1
43 416 1
76 416 1
87 416 0
123 416 0
141 416 0
192 416 0
199 416 0
207 416 4
235 416 0
264 416 0
282 416 3
289 416 4
306 416 6
331 416 0
338 416 1
372 416 3
383 416 1
410 416 1
0 417 2
31 417 0
46 417 1
63 417 3
72 417 1
128 417 0
165 417 4
170 417 2
216 417 2
217 417 1
218 417 2
232 417 1
236 417 2
238 417 2
295 417 1
300 417 1
329 417 0
351 417 1
399 417 3
413 417 0
35 418 0
45 418 2
78 418 1
89 418 0
107 418 1
110 418 0
159 418 1
160 418 2
166 418 1
212 418 1
233 418 1
239 418 0
250 418 0
252 418 0
278 418 1
285 418 0
305 418 1
322 418 1
329 418 2
388 418 0
14 419 2
18 419 0
85 419 1
151 419 0
223 419 0
257 419 0
264 419 2
324 419 4
339 419 3
359 419 0
361 419 3
378 419 1
390 419 0
409 419 2
412 419 1
414 419 3
26 420 4
53 420 3
60 420 2
117 420 0
138 420 2
186 420 2
213 420 6
246 420 4
264 420 1
267 420 0
281 420 1
294 420 2
299 420 6
303 420 0
318 420 4
330 420 4
352 420 3
8 421 3
10 421 1
11 421 4
12 421 4
38 421 5
109 421 4
140 421 0
195 421 0
281 421 1
360 421 4
385 421 1
404 421 2
411 421 3
29 422 0
30 422 0
42 422 2
53 422 2
55 422 0
91 422 0
94 422 3
122 422 2
143 422 0
148 422 3
168 422 0
186 422 2
232 422 1
250 422 7
254 422 2
299 422 2
304 422 0
310 422 2
328 422 4
367 422 3
9 423 1
61 423 0
79 423 1
95 423 2
97 423 0
98 423 0
114 423 4
177 423 1
191 423 2
212 423 2
220 423 3
226 423 4
265 423 3
284 423 3
288 423 0
290 423 4
317 423 1
351 423 4
355 423 3
397 423 0
31 424 0
54 424 0
63 424 1
76 424 4
111 424 3
156 424 5
184 424 0
242 424 1
269 424 0
297 424 0
345 424 0
357 424 0
372 424 5
376 424 4
9 425 0
13 425 4
14 425 0
49 425 0
55 425 4
83 425 0
108 425 4
135 425 0
137 425 5
203 425 1
211 425 2
293 425 4
294 425 4
355 425 1
410 425 0
413 425 4
28 426 2
32 426 1
34 426 1
36 426 0
48 426 2
57 426 4
75 426 0
82 426 1
189 426 3
200 426 0
256 426 3
273 426 1
297 426 1
307 426 2
369 426 1
385 426 1
412 426 3
19 427 2
35 427 1
45 427 1
54 427 0
60 427 2
62 427 2
78 427 0
124 427 0
138 427 4
227 427 1
244 427 0
301 427 0
340 427 0
348 427 1
364 427 0
375 427 1
383 427 0
1 428 3
17 428 4
52 428 0
94 428 1
100 428 1
116 428 1
136 428 3
251 428 3
263 428 1
267 428 1
280 428 2
291 428 1
298 428 3
317 428 0
320 428 0
362 428 2
372 428 0
398 428 5
400 428 0
419 428 0
32 429 2
92 429 2
129 429 0
131 429 1
133 429 1
167 429 0
187 429 1
224 429 1
240 429 0
261 429 1
267 429 0
287 429 4
316 429 1
341 429 1
343 429 1
351 429 0
2 430 4
102 430 0
118 430 0
122 430 3
143 430 1
150 430 1
176 430 2
181 430 0
186 430 1
213 430 1
250 430 4
261 430 2
283 430 0
323 430 1
328 430 3
352 430 3
373 430 2
5 431 0
12 431 0
48 431 2
53 431 0
57 431 2
82 431 0
93 431 0
111 431 0
166 431 1
230 431 2
273 431 2
297 431 3
307 431 1
348 431 0
354 431 2
371 431 3
373 431 0
395 431 0
396 431 0
397 431 1
412 431 1
42 432 0
50 432 0
56 432 2
64 432 0
154 432 5
187 432 2
288 432 0
306 432 2
307 432 1
326 432 2
351 432 0
370 432 1
372 432 5
378 432 2
382 432 4
404 432 0
416 432 2
424 432 2
7 433 2
63 433 4
129 433 2
134 433 1
139 433 2
140 433 0
151 433 1
158 433 2
167 433 0
193 433 3
195 433 0
203 433 0
234 433 1
304 433 3
340 433 4
348 433 0
414 433 0
417 433 1
6 434 3
14 434 1
31 434 0
71 434 1
74 434 1
86 434 2
89 434 3
219 434 0
268 434 4
271 434 0
277 434 1
283 434 1
286 434 3
327 434 2
344 434 0
387 434 4
411 434 0
433 434 1
15 435 3
60 435 4
63 435 0
115 435 0
127 435 2
138 435 4
144 435 0
159 435 1
160 435 2
162 435 1
187 435 1
202 435 1
209 435 5
223 435 0
228 435 2
271 435 0
308 435 0
322 435 2
327 435 0
2 436 2
31 436 1
32 436 3
73 436 2
81 436 3
86 436 0
106 436 1
107 436 0
149 436 2
176 436 0
209 436 0
226 436 0
253 436 0
275 436 2
283 436 0
296 436 4
320 436 0
367 436 4
400 436 2
429 436 1
13 437 3
55 437 5
80 437 0
90 437 3
101 437 0
108 437 6
130 437 2
166 437 0
198 437 0
201 437 0
213 437 1
227 437 1
245 437 5
248 437 0
254 437 0
293 437 3
294 437 3
339 437 0
359 437 0
413 437 4
425 437 7
24 438 2
80 438 0
87 438 0
109 438 0
116 438 1
146 438 1
157 438 0
228 438 2
234 438 3
242 438 4
247 438 1
284 438 1
324 438 1
339 438 2
403 438 3
419 438 3
424 438 2
426 438 0
6 439 1
16 439 1
29 439 2
41 439 1
47 439 1
48 439 0
75 439 0
92 439 1
96 439 3
126 439 0
131 439 3
132 439 3
133 439 1
249 439 2
255 439 0
265 439 0
286 439 1
348 439 1
357 439 2
400 439 4
436 439 1
31 440 3
35 440 2
36 440 0
45 440 1
65 440 1
127 440 2
135 440 0
159 440 0
194 440 2
212 440 0
222 440 0
293 440 0
294 440 0
307 440 1
315 440 0
316 440 1
375 440 1
429 440 1
4 441 1
34 441 3
52 441 3
56 441 0
69 441 2
75 441 3
108 441 1
206 441 4
210 441 1
221 441 2
237 441 1
246 441 2
263 441 0
281 441 1
342 441 2
359 441 2
386 441 3
399 441 1
415 441 1
421 441 1
24 442 1
40 442 1
70 442 0
82 442 1
106 442 0
118 442 0
119 442 1
120 442 0
137 442 0
146 442 3
197 442 2
234 442 4
242 442 1
319 442 0
327 442 0
364 442 4
397 442 1
398 442 2
402 442 2
403 442 3
438 442 5
0 443 0
41 443 1
43 443 0
44 443 2
65 443 0
73 443 3
81 443 1
85 443 0
97 443 3
126 443 1
131 443 1
149 443 2
153 443 0
190 443 2
202 443 0
247 443 2
297 443 1
311 443 1
323 443 0
363 443 5
78 444 0
82 444 1
98 444 2
107 444 0
113 444 0
117 444 3
184 444 5
277 444 4
279 444 4
288 444 2
302 444 3
334 444 0
341 444 4
357 444 0
365 444 1
381 444 5
421 444 3
30 445 1
58 445 3
84 445 0
95 445 4
114 445 3
167 445 0
174 445 2
187 445 0
191 445 3
219 445 3
251 445 1
266 445 0
291 445 4
334 445 4
363 445 1
369 445 1
379 445 2
390 445 0
394 445 0
408 445 0
50 446 0
68 446 4
78 446 0
98 446 3
104 446 4
128 446 2
162 446 2
178 446 0
227 446 0
273 446 0
277 446 5
300 446 0
307 446 2
341 446 3
343 446 4
378 446 1
387 446 1
393 446 2
401 446 3
440 446 1
9 447 2
33 447 0
41 447 1
64 447 2
73 447 2
81 447 2
99 447 2
126 447 1
183 447 1
190 447 0
247 447 1
249 447 0
261 447 2
287 447 3
294 447 0
296 447 2
338 447 0
356 447 1
407 447 0
408 447 1
3 448 1
8 448 0
13 448 5
32 448 0
55 448 4
62 448 1
105 448 0
112 448 4
124 448 1
137 448 3
144 448 0
226 448 1
250 448 0
267 448 5
294 448 5
337 448 1
362 448 5
370 448 4
405 448 4
413 448 4
425 448 5
432 448 1
25 449 1
31 449 2
33 449 2
35 449 5
45 449 2
60 449 4
70 449 0
118 449 0
138 449 3
155 449 0
181 449 1
187 449 0
193 449 0
217 449 0
251 449 2
306 449 0
346 449 2
385 449 1
427 449 4
440 449 3
1 450 0
15 450 1
19 450 2
31 450 1
33 450 0
45 450 0
64 450 2
120 450 0
160 450 2
176 450 2
179 450 0
182 450 0
210 450 0
212 450 1
227 450 0
244 450 0
261 450 1
316 450 0
346 450 2
356 450 3
363 450 1
394 450 0
25 451 2
48 451 0
54 451 2
62 451 0
107 451 0
114 451 0
144 451 1
147 451 2
163 451 2
174 451 3
248 451 1
266 451 1
302 451 1
324 451 0
325 451 4
347 451 2
349 451 0
350 451 4
386 451 1
413 451 0
420 451 0
47 452 3
53 452 3
60 452 3
69 452 2
109 452 1
148 452 3
180 452 0
196 452 0
207 452 1
251 452 2
254 452 4
332 452 5
333 452 0
339 452 1
346 452 1
352 452 4
359 452 0
365 452 5
373 452 5
420 452 3
430 452 2
11 453 2
12 453 3
27 453 1
33 453 0
144 453 3
164 453 4
169 453 0
196 453 2
220 453 0
222 453 5
236 453 1
269 453 0
278 453 3
325 453 0
328 453 0
390 453 2
393 453 0
421 453 3
444 453 1
14 454 1
45 454 0
52 454 0
61 454 1
70 454 3
72 454 1
161 454 1
234 454 3
274 454 0
300 454 4
313 454 0
321 454 0
339 454 3
350 454 2
378 454 2
402 454 2
403 454 4
414 454 2
432 454 1
438 454 3
443 454 0
33 455 1
35 455 1
66 455 1
102 455 1
134 455 3
141 455 0
183 455 2
185 455 1
197 455 0
258 455 2
266 455 0
272 455 2
309 455 3
325 455 0
327 455 0
333 455 3
374 455 2
377 455 0
379 455 2
395 455 0
396 455 1
406 455 1
4 456 4
40 456 0
95 456 4
98 456 1
136 456 2
145 456 0
160 456 0
193 456 1
233 456 1
263 456 1
271 456 1
284 456 1
291 456 3
320 456 2
361 456 0
362 456 0
391 456 1
445 456 3
64 457 2
68 457 4
98 457 3
104 457 5
117 457 2
123 457 0
208 457 1
213 457 0
279 457 4
288 457 2
305 457 1
346 457 2
364 457 1
389 457 6
393 457 3
401 457 5
15 458 1
17 458 0
28 458 1
84 458 1
86 458 3
104 458 1
119 458 1
199 458 2
200 458 1
201 458 1
225 458 0
286 458 1
313 458 3
327 458 2
348 458 3
349 458 4
357 458 4
373 458 1
393 458 2
413 458 0
449 458 0
5 459 0
25 459 0
26 459 0
96 459 2
104 459 3
117 459 3
166 459 0
173 459 0
266 459 2
277 459 5
278 459 0
279 459 4
301 459 2
302 459 3
331 459 3
335 459 4
341 459 5
356 459 1
444 459 6
446 459 3
457 459 3
44 460 1
70 460 2
77 460 4
80 460 3
115 460 2
119 460 3
130 460 0
146 460 3
221 460 0
237 460 1
291 460 1
317 460 1
324 460 2
337 460 3
398 460 1
409 460 1
439 460 0
447 460 0
32 461 1
39 461 0
81 461 2
133 461 2
167 461 1
232 461 1
233 461 0
243 461 1
247 461 1
249 461 2
263 461 1
323 461 0
336 461 0
338 461 2
367 461 1
377 461 1
382 461 1
392 461 0
400 461 5
436 461 4
4 462 0
6 462 1
13 462 0
22 462 1
31 462 0
71 462 1
74 462 3
93 462 1
169 462 2
177 462 0
200 462 3
201 462 1
228 462 0
285 462 2
301 462 0
311 462 2
346 462 1
406 462 0
415 462 3
457 462 1
460 462 0
16 463 0
37 463 4
156 463 5
180 463 0
187 463 4
193 463 1
203 463 4
205 463 5
218 463 1
222 463 1
224 463 1
359 463 2
376 463 4
383 463 3
404 463 1
424 463 4
429 463 2
453 463 2
3 464 1
43 464 0
66 464 0
70 464 3
80 464 1
202 464 1
241 464 3
279 464 0
293 464 0
296 464 0
300 464 2
305 464 2
324 464 2
340 464 0
384 464 0
409 464 0
410 464 0
414 464 3
454 464 3
38 465 0
62 465 1
64 465 1
98 465 0
127 465 4
129 465 1
148 465 0
160 465 2
194 465 5
197 465 0
227 465 3
305 465 2
329 465 4
347 465 0
353 465 0
393 465 0
418 465 3
427 465 2
435 465 2
440 465 2
38 466 1
103 466 0
109 466 3
114 466 0
133 466 1
141 466 1
144 466 3
159 466 1
209 466 0
248 466 2
261 466 1
318 466 0
352 466 0
366 466 4
382 466 0
390 466 3
404 466 4
453 466 3
463 466 2
18 467 2
23 467 1
50 467 5
69 467 1
114 467 2
129 467 5
135 467 4
139 467 3
192 467 0
217 467 3
223 467 0
234 467 1
236 467 2
279 467 1
321 467 0
344 467 4
398 467 2
410 467 0
433 467 3
457 467 2
7 468 1
18 468 3
50 468 3
129 468 1
131 468 0
135 468 3
141 468 1
149 468 1
151 468 3
156 468 2
165 468 2
173 468 0
176 468 0
216 468 2
222 468 1
287 468 1
292 468 2
296 468 2
312 468 1
353 468 3
457 468 1
467 468 5
26 469 1
36 469 2
85 469 2
102 469 1
116 469 0
120 469 0
126 469 2
132 469 2
133 469 4
148 469 2
163 469 0
174 469 0
176 469 1
178 469 2
185 469 0
207 469 1
345 469 0
416 469 1
429 469 1
447 469 1
461 469 1
90 470 4
108 470 5
112 470 4
130 470 4
137 470 4
146 470 0
165 470 0
188 470 4
245 470 4
267 470 4
280 470 0
298 470 1
354 470 0
376 470 0
389 470 1
403 470 1
405 470 5
425 470 3
427 470 0
437 470 5
457 470 1
464 470 0
6 471 1
65 471 1
70 471 0
84 471 1
97 471 0
173 471 1
196 471 0
201 471 0
203 471 0
238 471 0
281 471 0
321 471 0
348 471 6
349 471 1
354 471 0
357 471 2
387 471 3
396 471 0
408 471 0
415 471 1
427 471 1
434 471 2
11 472 2
44 472 4
68 472 1
73 472 0
97 472 1
99 472 0
107 472 0
126 472 0
150 472 1
176 472 3
216 472 0
282 472 1
287 472 1
338 472 4
344 472 0
354 472 0
382 472 2
400 472 2
429 472 1
453 472 1
461 472 3
28 473 2
30 473 1
37 473 0
103 473 2
134 473 2
154 473 1
181 473 0
189 473 1
243 473 3
246 473 0
253 473 0
281 473 2
295 473 2
372 473 2
378 473 1
388 473 1
412 473 2
424 473 1
426 473 4
433 473 2
434 473 1
12 474 1
25 474 1
49 474 1
51 474 2
65 474 1
84 474 2
89 474 2
93 474 3
100 474 1
137 474 1
146 474 0
171 474 0
190 474 2
245 474 1
251 474 1
263 474 0
319 474 2
337 474 1
348 474 1
435 474 0
47 475 2
66 475 0
79 475 2
125 475 1
180 475 2
198 475 2
257 475 2
272 475 0
299 475 3
317 475 4
335 475 0
336 475 2
358 475 2
371 475 1
377 475 0
384 475 2
411 475 0
420 475 1
456 475 0
460 475 1
6 476 1
21 476 0
30 476 6
52 476 3
54 476 3
89 476 0
147 476 4
157 476 2
175 476 4
252 476 1
259 476 1
264 476 1
271 476 2
274 476 4
275 476 4
333 476 0
347 476 4
426 476 1
444 476 1
459 476 1
473 476 2
4 477 2
17 477 3
58 477 4
98 477 2
128 477 0
164 477 0
178 477 1
191 477 4
285 477 0
290 477 2
298 477 2
320 477 4
342 477 0
351 477 3
355 477 3
356 477 1
421 477 1
435 477 0
452 477 0
456 477 4
8 478 3
11 478 2
12 478 2
27 478 1
36 478 2
87 478 0
96 478 0
109 478 2
133 478 2
171 478 3
184 478 1
196 478 2
207 478 2
233 478 1
252 478 4
282 478 0
290 478 0
310 478 0
389 478 1
411 478 2
466 478 2
23 479 0
25 479 3
34 479 5
54 479 2
72 479 1
91 479 0
130 479 0
174 479 3
177 479 5
206 479 1
213 479 0
242 479 0
266 479 3
278 479 0
300 479 1
342 479 1
371 479 0
399 479 0
451 479 4
458 479 0
476 479 1
65 480 1
77 480 0
78 480 0
95 480 3
114 480 5
131 480 0
161 480 2
220 480 1
251 480 4
270 480 0
291 480 4
303 480 3
393 480 0
398 480 4
421 480 2
434 480 0
440 480 1
445 480 5
456 480 4
467 480 2
477 480 2
57 481 2
70 481 0
132 481 2
145 481 2
168 481 2
243 481 0
253 481 2
256 481 3
297 481 3
322 481 0
338 481 2
354 481 3
355 481 2
362 481 0
366 481 0
368 481 2
378 481 3
388 481 3
400 481 3
419 481 1
443 481 1
465 481 0
27 482 2
38 482 2
44 482 0
80 482 0
88 482 2
109 482 2
117 482 0
118 482 3
139 482 0
197 482 0
210 482 1
231 482 2
244 482 0
278 482 1
302 482 1
323 482 1
390 482 2
421 482 3
480 482 1
3 483 4
41 483 0
58 483 0
114 483 0
153 483 0
158 483 0
176 483 0
182 483 1
200 483 2
210 483 2
232 483 2
305 483 2
308 483 1
310 483 3
337 483 4
361 483 1
364 483 4
390 483 2
442 483 1
460 483 1
464 483 2
482 483 2
41 484 0
43 484 6
56 484 2
59 484 1
76 484 4
85 484 1
111 484 5
139 484 1
152 484 0
156 484 5
203 484 2
234 484 1
246 484 1
309 484 2
321 484 1
326 484 3
358 484 0
364 484 1
372 484 2
424 484 6
463 484 3
7 485 0
18 485 0
39 485 0
82 485 1
98 485 4
100 485 0
162 485 3
178 485 1
216 485 0
277 485 5
302 485 6
330 485 2
331 485 4
341 485 2
343 485 5
389 485 4
391 485 1
401 485 6
403 485 2
457 485 3
477 485 2
10 486 3
13 486 2
97 486 2
124 486 2
125 486 3
162 486 0
180 486 1
183 486 1
185 486 1
186 486 0
214 486 2
294 486 1
308 486 0
358 486 2
395 486 2
396 486 1
421 486 2
425 486 2
433 486 0
444 486 1
472 486 1
475 486 3
3 487 1
17 487 1
23 487 1
72 487 1
77 487 0
170 487 1
188 487 0
203 487 1
228 487 1
241 487 3
242 487 4
249 487 1
266 487 1
305 487 2
308 487 1
370 487 0
402 487 0
414 487 4
419 487 2
438 487 3
474 487 0
475 487 0
2 488 1
30 488 3
32 488 0
34 488 2
95 488 2
101 488 3
147 488 1
155 488 0
157 488 2
174 488 4
175 488 2
212 488 0
221 488 2
311 488 1
325 488 0
384 488 1
387 488 0
430 488 1
441 488 2
456 488 1
466 488 0
479 488 2
14 489 2
72 489 1
119 489 1
127 489 1
144 489 0
146 489 1
166 489 1
175 489 0
186 489 0
234 489 2
241 489 2
243 489 0
298 489 0
310 489 2
352 489 0
358 489 1
377 489 2
412 489 1
419 489 2
460 489 2
464 489 1
75 490 2
76 490 1
90 490 0
97 490 0
154 490 1
159 490 1
165 490 2
170 490 3
238 490 3
274 490 1
280 490 2
292 490 1
340 490 3
344 490 3
352 490 0
353 490 4
365 490 0
374 490 3
399 490 3
407 490 2
408 490 3
441 490 2
1 491 3
4 491 2
11 491 0
15 491 0
17 491 2
55 491 0
113 491 1
136 491 3
148 491 0
161 491 3
220 491 3
247 491 0
280 491 4
285 491 2
286 491 1
290 491 4
291 491 3
335 491 0
337 491 0
423 491 2
428 491 5
482 491 0
43 492 3
69 492 1
76 492 3
117 492 1
125 492 1
156 492 3
183 492 2
205 492 3
207 492 3
245 492 0
286 492 0
321 492 3
326 492 4
332 492 2
372 492 3
381 492 2
383 492 2
424 492 6
432 492 3
438 492 1
446 492 0
463 492 4
30 493 0
42 493 1
49 493 1
89 493 1
109 493 2
118 493 2
122 493 0
144 493 6
171 493 4
202 493 0
231 493 5
233 493 1
234 493 0
236 493 1
240 493 1
242 493 1
366 493 2
410 493 0
462 493 0
466 493 3
482 493 3
1 494 0
47 494 1
49 494 3
51 494 2
61 494 1
65 494 2
84 494 3
89 494 4
102 494 0
115 494 0
138 494 0
155 494 0
274 494 0
285 494 1
328 494 1
337 494 1
348 494 2
377 494 0
387 494 4
434 494 2
474 494 7
493 494 2
32 495 1
68 495 3
95 495 0
136 495 0
179 495 3
184 495 3
188 495 0
302 495 5
307 495 1
331 495 2
335 495 3
367 495 0
369 495 1
381 495 4
389 495 6
393 495 5
421 495 1
426 495 3
444 495 4
449 495 0
485 495 3
489 495 0
14 496 0
26 496 4
98 496 2
112 496 0
148 496 4
157 496 0
170 496 0
172 496 1
213 496 5
235 496 0
246 496 3
254 496 3
299 496 4
312 496 1
338 496 0
365 496 4
367 496 2
388 496 2
399 496 0
420 496 4
430 496 1
469 496 2
37 497 4
73 497 0
154 497 5
156 497 3
192 497 2
195 497 0
202 497 1
203 497 4
205 497 4
212 497 1
215 497 1
228 497 1
229 497 4
230 497 1
241 497 3
262 497 0
372 497 3
376 497 5
382 497 4
432 497 3
463 497 5
478 497 0
5 498 0
6 498 1
21 498 1
74 498 4
84 498 2
86 498 2
89 498 1
96 498 0
100 498 5
141 498 1
142 498 1
203 498 0
269 498 3
273 498 0
285 498 3
310 498 2
349 498 3
399 498 0
407 498 0
422 498 1
430 498 0
465 498 0
37 499 2
62 499 1
95 499 0
111 499 4
120 499 0
151 499 0
156 499 4
163 499 0
187 499 1
218 499 1
282 499 4
306 499 2
309 499 1
326 499 4
340 499 1
362 499 0
365 499 0
376 499 2
416 499 2
424 499 4
425 499 0
484 499 5
