16 49 0
13 52 0
29 62 2
68 89 0
79 99 2
43 107 1
64 108 1
53 113 1
31 119 2
107 120 1
49 137 1
71 140 1
54 172 0
28 178 1
104 190 0
57 197 0
61 201 2
52 230 0
103 231 1
222 231 2
122 244 2
70 245 2
113 257 1
30 267 0
187 274 2
172 276 0
74 278 2
114 281 1
263 290 2
86 291 0
120 291 0
224 295 3
239 306 2
123 321 2
198 322 1
271 322 1
311 322 1
292 323 2
320 323 1
51 324 2
299 329 1
148 337 1
29 342 2
149 344 0
295 344 1
301 344 0
304 348 1
28 350 1
87 354 1
51 366 2
160 366 3
333 370 2
267 372 0
182 373 3
15 378 2
363 378 1
240 380 1
276 384 1
94 387 3
257 393 1
10 394 2
383 396 0
165 399 3
92 400 1
256 401 2
298 409 0
14 410 2
148 415 1
267 415 1
278 416 2
398 418 2
321 419 2
36 423 2
373 423 3
132 425 0
347 427 4
305 428 1
413 431 3
147 433 1
319 435 2
383 435 1
397 439 3
53 443 1
305 445 0
115 453 2
16 455 0
421 457 2
356 460 2
64 463 1
306 463 2
353 471 3
280 473 3
327 478 2
409 479 2
398 480 1
399 482 3
10 489 1
227 490 1
262 491 3
459 493 5
399 495 3
406 495 3
355 496 2
104 497 0
3 499 2
338 501 1
412 501 1
197 503 1
268 503 2
0 505 1
409 507 2
24 511 1
2 514 3
248 515 2
333 515 3
198 517 1
469 518 3
78 519 2
120 519 1
252 522 2
26 524 1
239 524 0
129 528 2
320 528 2
123 531 1
327 531 0
334 531 1
230 534 1
342 535 2
353 535 3
25 540 0
319 540 2
340 540 1
386 540 1
497 540 0
69 544 2
267 544 0
337 544 2
139 548 2
248 548 2
178 549 1
521 549 3
529 549 3
467 550 3
545 552 4
5 556 2
244 556 2
463 556 2
272 558 2
496 558 2
506 559 3
271 562 2
311 562 2
553 562 2
458 563 5
89 565 0
10 567 2
394 567 4
538 568 4
562 568 2
324 569 3
406 569 3
423 569 3
32 571 2
52 572 0
243 572 1
305 572 1
76 575 1
299 575 2
502 576 3
552 576 3
166 578 0
334 578 1
492 578 3
54 579 0
393 580 2
443 580 1
144 582 1
145 582 2
467 582 2
104 586 0
227 586 0
390 586 0
396 586 1
343 588 1
348 588 1
433 588 2
268 589 3
416 589 3
149 591 1
245 591 3
301 591 1
524 591 3
267 592 1
279 592 1
401 592 2
415 592 2
528 592 2
109 593 2
541 594 2
547 594 2
573 594 4
23 595 2
32 595 1
360 595 4
6 596 1
93 596 2
198 596 0
385 596 2
590 596 2
384 601 2
42 602 1
582 602 2
76 603 2
299 603 1
567 603 4
162 604 3
89 606 1
99 606 1
25 607 0
386 607 1
586 607 2
583 608 5
590 608 3
497 609 3
290 610 3
501 611 2
521 611 4
529 611 3
606 611 3
461 612 3
560 612 3
59 613 2
579 613 2
382 614 2
491 616 5
552 616 4
38 617 3
92 617 3
400 617 3
578 617 2
248 618 2
263 618 2
356 618 2
535 618 3
610 618 4
511 619 3
462 620 2
514 620 4
464 621 3
242 622 3
109 623 2
461 623 3
509 623 4
395 624 4
210 625 0
62 626 2
139 626 2
460 626 2
471 626 2
610 626 3
618 626 3
357 627 3
420 627 3
600 627 3
79 628 2
99 628 2
412 628 3
501 628 3
430 629 3
505 631 4
615 631 6
533 632 3
362 634 4
532 634 4
178 635 1
241 635 3
338 635 2
565 635 2
628 635 1
213 636 1
507 636 5
624 636 5
264 637 1
276 637 1
404 637 2
579 637 3
45 638 2
334 640 1
492 640 3
499 640 3
230 641 1
329 641 1
480 641 1
505 642 4
291 643 0
403 643 3
588 643 2
200 644 2
236 644 2
427 644 2
643 644 3
233 645 1
617 645 3
640 645 3
286 646 4
263 647 2
356 647 2
515 647 3
548 647 3
610 647 3
86 648 2
304 648 3
189 650 2
241 650 3
412 650 2
565 650 3
635 650 5
30 654 1
256 654 2
279 654 2
320 654 2
544 654 2
195 655 3
288 655 3
405 655 5
569 655 3
233 656 0
478 656 2
531 656 2
297 657 3
436 657 4
489 657 3
603 657 4
250 658 2
513 658 3
561 658 2
310 659 2
54 660 1
58 660 2
601 660 3
183 661 3
354 661 3
406 661 4
495 661 5
147 662 2
364 662 2
403 662 3
644 662 2
87 663 2
146 663 3
405 663 5
655 663 5
661 663 5
205 664 3
572 664 4
575 664 3
196 665 1
454 665 2
538 665 3
555 665 2
545 666 4
251 667 3
340 667 2
400 670 1
499 670 3
645 670 4
656 670 2
513 672 3
561 672 4
659 672 5
71 673 2
311 673 2
553 673 3
590 673 4
251 674 3
390 674 0
396 674 1
667 674 6
66 675 3
429 675 2
483 675 2
498 675 3
146 676 3
288 676 3
406 676 4
482 676 3
569 676 4
661 676 5
663 676 5
454 677 2
590 677 4
665 677 4
598 678 5
649 678 5
666 678 4
420 679 4
605 679 6
481 680 5
539 680 5
604 680 5
233 681 1
419 681 2
478 681 2
578 681 2
34 682 3
351 682 3
453 682 2
571 682 4
595 682 2
185 683 0
671 683 7
380 684 2
494 684 4
625 684 3
322 685 1
385 685 2
568 685 3
677 685 4
580 686 4
601 686 2
197 687 2
281 687 2
283 687 4
503 687 4
511 689 4
589 689 4
23 691 2
199 691 1
239 691 2
301 691 2
351 691 3
463 691 1
682 691 4
454 693 1
553 693 3
555 693 4
583 693 5
608 693 4
685 693 4
419 694 2
492 694 5
578 694 3
670 694 5
421 696 4
652 696 6
622 697 4
40 698 3
193 698 2
605 698 5
646 699 6
46 701 3
338 701 1
521 701 4
529 701 5
549 701 5
565 701 3
611 701 4
457 702 3
204 703 2
454 703 3
517 703 2
538 703 5
568 703 4
665 703 3
673 703 3
97 704 3
560 704 5
430 705 3
651 705 6
13 706 1
297 706 3
428 706 1
436 706 3
657 706 4
213 707 2
512 707 6
20 708 2
204 708 2
385 708 2
517 708 3
553 708 2
555 708 2
132 709 1
613 709 4
660 709 5
686 709 5
319 710 3
386 710 2
396 710 1
435 710 3
490 710 2
540 710 2
667 710 2
190 712 2
390 712 1
435 712 2
497 712 2
454 713 2
583 713 4
596 713 2
608 713 5
703 713 4
708 713 4
333 715 4
370 715 4
515 715 5
535 715 3
548 715 4
626 715 2
647 715 5
43 716 1
364 716 2
588 716 2
648 716 4
659 717 6
490 718 3
609 718 4
667 718 6
674 718 5
712 718 4
539 719 4
585 719 5
679 719 6
698 719 4
291 720 1
364 720 3
588 720 3
644 720 2
648 720 5
716 720 7
81 721 3
627 721 5
698 721 6
318 722 3
388 723 4
456 723 5
466 723 5
615 723 6
206 725 2
271 725 2
583 725 4
590 725 5
673 725 4
677 725 4
693 725 4
277 726 3
358 726 3
392 726 4
6 727 2
196 727 3
517 727 4
568 727 3
665 727 4
677 727 4
708 727 5
713 727 5
383 729 1
390 729 1
497 729 2
607 729 3
609 729 5
710 729 2
718 729 6
210 730 2
379 730 3
692 730 6
313 731 2
325 731 4
518 731 5
600 731 5
719 731 5
721 731 5
60 732 3
464 732 4
593 732 4
669 732 8
378 733 2
392 733 3
541 733 4
697 733 7
59 734 1
67 734 0
113 734 1
132 734 1
276 734 2
384 734 3
393 734 2
601 734 4
208 735 3
349 735 3
692 735 7
243 736 2
312 736 2
480 736 1
534 736 4
575 736 4
664 736 5
706 736 3
369 737 3
206 738 1
538 738 3
553 738 3
555 738 3
583 738 3
665 738 4
673 738 3
677 738 4
685 738 4
693 738 5
265 739 4
623 739 4
669 739 7
704 739 7
732 739 7
58 741 2
220 741 3
264 741 2
580 741 5
686 741 6
155 744 0
494 744 2
614 744 2
625 744 3
692 744 6
735 744 6
252 745 2
594 745 4
622 745 5
192 746 3
584 746 6
699 746 9
153 748 3
419 748 3
531 748 3
640 748 4
656 748 5
681 748 6
251 749 1
319 749 2
340 749 2
417 749 3
540 749 2
607 749 3
609 749 3
674 749 4
712 749 4
305 750 3
312 750 2
398 750 4
418 750 2
428 750 3
480 750 2
572 750 4
664 750 5
205 751 2
418 751 2
445 751 1
567 751 2
572 751 2
603 751 3
641 751 2
657 751 3
664 751 3
706 751 4
158 752 3
522 752 4
547 752 5
181 753 3
487 753 6
546 753 6
593 753 4
621 753 6
669 753 7
22 754 3
36 754 2
183 754 3
354 754 3
405 754 5
482 754 3
495 754 4
655 754 5
661 754 7
663 754 6
347 755 3
348 755 1
403 755 3
427 755 3
519 755 3
643 755 4
716 755 4
308 756 4
525 756 5
614 756 4
89 758 1
241 758 4
338 758 2
350 758 3
501 758 3
521 758 2
606 758 4
611 758 3
635 758 4
650 758 4
156 759 3
236 759 3
253 759 4
662 759 5
716 759 6
720 759 5
755 759 6
25 760 0
251 760 2
340 760 2
417 760 2
490 760 2
586 760 2
667 760 7
674 760 6
718 760 7
729 760 4
343 762 3
403 762 4
433 762 3
519 762 4
662 762 6
716 762 5
755 762 8
759 762 8
284 763 4
473 763 4
616 763 6
666 763 6
38 764 3
92 764 2
617 764 5
670 764 5
681 764 5
694 764 7
748 764 6
114 765 1
483 765 3
498 765 3
589 765 4
689 765 6
137 767 2
293 767 4
315 767 3
632 767 7
707 767 7
312 768 2
398 768 3
418 768 4
534 768 4
641 768 5
706 768 4
751 768 5
228 769 3
333 769 4
342 769 2
370 769 4
460 769 3
471 769 3
515 769 4
548 769 3
610 769 3
715 769 7
28 770 2
46 770 2
189 770 1
350 770 2
412 770 3
549 770 3
565 770 4
628 770 2
650 770 5
701 770 5
758 770 2
319 771 3
383 771 2
417 771 4
435 771 5
490 771 2
497 771 3
609 771 5
710 771 5
712 771 6
749 771 6
388 773 4
441 773 5
526 773 6
615 773 7
642 773 7
723 773 8
68 774 2
501 774 3
521 774 5
529 774 6
549 774 5
565 774 4
606 774 4
611 774 6
628 774 4
701 774 8
770 774 5
510 775 6
652 775 7
345 778 4
395 778 4
452 778 5
479 778 4
533 778 4
707 778 7
258 779 4
541 779 4
547 779 4
697 779 7
752 779 9
26 780 2
34 780 3
239 780 3
306 780 3
344 780 1
556 780 3
571 780 6
682 780 6
691 780 4
18 781 1
56 781 3
296 781 3
309 781 3
315 781 1
485 781 3
533 781 3
624 781 4
140 782 2
517 782 3
555 782 4
562 782 2
608 782 5
665 782 3
685 782 4
693 782 6
713 782 5
725 782 4
727 782 6
536 783 6
554 783 6
566 783 6
766 783 9
107 784 1
156 784 3
291 784 1
433 784 3
648 784 5
662 784 4
716 784 7
720 784 7
755 784 5
759 784 9
762 784 8
300 785 2
462 785 4
513 785 2
629 785 6
659 785 4
705 785 6
717 785 7
45 786 2
155 786 1
349 786 4
625 786 4
638 786 7
735 786 6
383 787 2
417 787 4
586 787 2
607 787 3
609 787 5
667 787 4
674 787 4
712 787 4
718 787 7
729 787 6
749 787 6
760 787 6
771 787 6
522 789 4
697 789 8
726 789 6
733 789 8
745 789 7
779 789 8
103 790 2
127 790 3
148 790 3
279 790 2
323 790 1
337 790 3
401 790 2
415 790 2
528 790 2
544 790 4
654 790 4
106 791 3
564 791 6
584 791 7
699 791 9
746 791 10
64 792 1
244 792 3
351 792 2
360 792 3
453 792 2
524 792 3
556 792 4
571 792 4
591 792 3
595 792 3
780 792 5
668 793 8
788 793 12
340 794 3
386 794 2
396 794 3
490 794 3
586 794 3
607 794 4
667 794 5
674 794 5
712 794 3
718 794 7
729 794 4
749 794 4
760 794 7
214 795 2
313 795 2
481 795 5
530 795 5
585 795 4
600 795 3
680 795 5
698 795 5
721 795 6
546 796 6
612 796 5
621 796 6
623 796 3
669 796 7
704 796 6
732 796 6
753 796 8
67 797 1
84 797 2
264 797 2
384 797 1
404 797 3
579 797 4
686 797 6
709 797 6
741 797 7
177 798 3
211 798 3
441 798 5
505 798 5
526 798 6
615 798 7
631 798 8
642 798 8
773 798 10
68 799 1
79 799 3
99 799 3
189 799 0
241 799 1
350 799 1
412 799 2
521 799 3
529 799 2
565 799 2
606 799 4
628 799 4
758 799 4
774 799 7
7 800 3
341 800 4
467 800 2
513 800 3
602 800 3
620 800 4
651 800 6
717 800 5
286 802 4
442 802 5
474 802 5
646 802 8
699 802 10
746 802 9
791 802 10
525 803 4
614 803 4
625 803 5
638 803 7
692 803 6
735 803 6
786 803 10
363 804 2
543 804 6
558 804 3
697 804 6
726 804 5
745 804 6
752 804 8
779 804 8
305 805 1
312 805 4
329 805 1
394 805 3
489 805 3
575 805 3
706 805 5
736 805 7
750 805 6
751 805 3
768 805 7
46 806 2
68 806 1
189 806 1
241 806 3
350 806 1
501 806 3
529 806 3
606 806 3
628 806 3
635 806 5
650 806 5
701 806 4
758 806 6
774 806 7
30 807 2
69 807 1
256 807 4
279 807 2
292 807 3
320 807 4
323 807 3
337 807 0
372 807 2
401 807 2
415 807 1
528 807 3
654 807 5
188 808 3
280 808 3
527 808 6
598 808 6
639 808 7
678 808 6
763 808 7
289 809 4
599 809 6
123 810 2
166 810 2
321 810 3
327 810 2
334 810 1
499 810 4
645 810 5
670 810 7
694 810 7
764 810 7
35 811 3
254 811 4
564 811 6
584 811 7
699 811 9
746 811 10
791 811 12
802 811 10
63 812 2
131 812 2
472 812 4
537 812 5
696 812 7
775 812 9
414 813 5
457 813 3
472 813 4
559 813 5
775 813 10
218 814 3
237 814 4
265 814 4
593 814 4
612 814 5
621 814 6
704 814 8
739 814 8
796 814 8
24 815 2
287 815 3
303 815 3
328 815 3
503 815 2
532 815 5
619 815 5
675 815 5
765 815 5
112 816 3
688 816 8
737 816 8
788 816 11
793 816 10
293 817 4
315 817 4
409 817 3
455 817 4
479 817 5
632 817 7
767 817 10
778 817 8
781 817 6
308 818 4
379 818 4
625 818 4
638 818 5
692 818 7
730 818 8
744 818 5
756 818 8
803 818 9
155 819 1
382 819 3
494 819 4
525 819 4
692 819 7
730 819 8
735 819 5
756 819 9
818 819 9
3 820 3
153 820 3
166 820 2
400 820 2
499 820 5
640 820 5
656 820 4
681 820 5
694 820 6
748 820 9
764 820 8
810 820 8
17 821 2
74 821 1
114 821 2
281 821 2
287 821 2
303 821 2
498 821 3
511 821 4
619 821 4
634 821 4
689 821 5
711 822 10
740 822 11
742 822 11
801 822 12
695 823 10
747 823 11
801 823 12
822 823 12
59 824 2
67 824 0
257 824 2
264 824 2
425 824 4
443 824 3
601 824 5
613 824 4
637 824 4
660 824 5
686 824 4
9 825 2
283 825 3
397 825 4
429 825 2
439 825 4
483 825 3
503 825 3
511 825 3
687 825 5
689 825 6
765 825 5
821 825 4
234 826 3
444 826 5
456 826 5
466 826 5
505 826 5
526 826 6
631 826 7
642 826 8
723 826 8
773 826 9
798 826 10
440 827 5
671 827 8
722 827 8
737 827 8
788 827 11
793 827 10
69 828 2
103 828 3
127 828 3
129 828 2
222 828 3
231 828 3
292 828 2
337 828 2
372 828 2
401 828 3
544 828 5
592 828 3
654 828 3
790 828 8
61 829 2
228 829 3
290 829 3
353 829 4
356 829 4
370 829 3
460 829 4
471 829 4
535 829 5
610 829 6
618 829 5
647 829 5
715 829 6
769 829 8
103 830 2
127 830 3
129 830 3
148 830 1
222 830 2
256 830 3
292 830 3
320 830 3
372 830 3
528 830 6
592 830 3
654 830 5
790 830 7
807 830 7
828 830 10
5 831 2
191 831 3
199 831 2
224 831 3
245 831 3
295 831 3
360 831 3
453 831 2
524 831 3
571 831 4
591 831 4
595 831 3
780 831 4
262 832 3
317 832 4
502 832 5
598 832 6
649 832 7
666 832 7
763 832 9
808 832 9
308 833 3
614 833 5
625 833 5
638 833 5
684 833 6
730 833 6
756 833 9
786 833 7
803 833 9
818 833 11
819 833 8
4 834 3
96 834 3
177 834 3
444 834 5
456 834 5
615 834 8
631 834 7
642 834 7
723 834 8
773 834 9
798 834 10
826 834 11
190 835 2
227 835 1
417 835 4
497 835 4
607 835 2
609 835 6
667 835 5
674 835 4
710 835 4
712 835 6
718 835 7
729 835 7
749 835 6
760 835 5
771 835 7
440 836 5
668 836 7
671 836 7
688 836 8
788 836 11
816 836 10
827 836 11
504 837 6
776 837 13
777 837 13
126 838 3
159 838 3
192 838 3
254 838 4
584 838 7
646 838 7
699 838 10
746 838 11
791 838 11
802 838 11
811 838 12
65 839 3
126 839 3
254 839 4
458 839 5
563 839 6
564 839 6
699 839 9
746 839 9
791 839 11
802 839 10
811 839 12
838 839 12
486 840 5
566 840 7
728 840 10
783 840 9
809 840 11
508 841 6
599 841 6
690 841 9
728 841 11
840 841 12
714 842 10
740 842 11
742 842 11
747 842 11
801 842 12
822 842 14
823 842 13
147 843 2
200 843 3
236 843 4
253 843 4
304 843 3
343 843 3
519 843 4
643 843 5
644 843 6
648 843 4
662 843 6
755 843 6
759 843 8
762 843 8
260 844 4
285 844 4
472 844 5
537 844 6
702 844 9
775 844 11
812 844 11
813 844 11
17 845 2
24 845 2
91 845 3
130 845 3
168 845 2
439 845 3
589 845 4
619 845 4
634 845 3
675 845 5
765 845 6
815 845 8
825 845 5
168 846 2
282 846 4
328 846 3
362 846 4
397 846 3
429 846 3
511 846 3
619 846 5
634 846 5
687 846 4
689 846 6
765 846 5
3 847 2
400 847 4
492 847 5
531 847 3
578 847 5
617 847 6
645 847 6
656 847 6
670 847 8
681 847 6
694 847 9
748 847 8
764 847 10
810 847 8
820 847 11
144 848 2
310 848 2
407 848 4
602 848 4
620 848 5
629 848 7
651 848 6
658 848 4
705 848 8
717 848 6
785 848 9
95 849 3
176 849 3
413 849 4
496 849 4
547 849 4
697 849 8
733 849 8
745 849 8
752 849 9
789 849 10
804 849 9
45 850 1
116 850 2
164 850 3
210 850 2
494 850 5
684 850 6
692 850 7
730 850 9
735 850 6
744 850 6
756 850 7
819 850 10
833 850 7
240 851 1
494 851 4
614 851 5
638 851 6
684 851 6
692 851 8
730 851 8
756 851 9
786 851 7
803 851 10
818 851 10
819 851 10
833 851 12
850 851 10
566 852 6
653 852 7
690 852 8
728 852 11
766 852 10
809 852 11
840 852 13
841 852 13
106 853 3
286 853 4
442 853 5
458 853 5
474 853 5
563 853 6
564 853 6
584 853 6
646 853 7
791 853 11
802 853 12
811 853 10
838 853 10
839 853 11
105 854 3
188 854 3
410 854 4
527 854 6
574 854 7
576 854 5
639 854 8
666 854 7
678 854 7
808 854 11
832 854 9
19 855 2
54 855 1
84 855 1
132 855 2
404 855 2
408 855 4
443 855 3
601 855 4
613 855 5
660 855 8
709 855 7
734 855 4
741 855 4
824 855 7
136 856 3
243 856 2
329 856 1
418 856 2
428 856 2
436 856 4
445 856 3
480 856 1
489 856 4
567 856 4
575 856 2
603 856 4
657 856 6
768 856 5
9 857 2
278 857 2
282 857 4
283 857 3
287 857 4
532 857 5
619 857 6
634 857 6
675 857 5
687 857 5
765 857 5
815 857 9
821 857 5
845 857 8
846 857 8
37 858 3
235 858 4
477 858 5
574 858 7
576 858 5
598 858 6
639 858 7
649 858 8
678 858 7
763 858 7
832 858 10
854 858 11
75 859 3
131 859 3
414 859 5
421 859 4
652 859 8
696 859 10
702 859 9
775 859 12
812 859 11
813 859 11
844 859 12
169 860 3
325 860 4
450 860 5
451 860 5
518 860 5
585 860 6
600 860 5
604 860 6
605 860 6
679 860 8
680 860 6
719 860 8
731 860 9
28 861 2
46 861 3
79 861 1
178 861 3
338 861 2
412 861 3
521 861 5
529 861 6
549 861 6
565 861 6
606 861 4
611 861 5
635 861 5
650 861 5
701 861 10
770 861 8
774 861 10
799 861 7
806 861 7
13 862 1
243 862 3
394 862 4
398 862 3
428 862 3
445 862 3
534 862 5
567 862 4
641 862 4
657 862 3
664 862 5
736 862 7
750 862 7
768 862 8
805 862 7
856 862 9
58 863 3
67 863 1
135 863 3
220 863 3
377 863 4
408 863 5
580 863 5
613 863 4
637 863 3
660 863 6
686 863 7
709 863 9
741 863 10
797 863 8
855 863 8
389 864 4
599 864 7
653 864 8
728 864 11
766 864 11
809 864 13
840 864 13
841 864 14
852 864 15
153 865 3
321 865 3
327 865 3
419 865 4
478 865 4
492 865 5
499 865 5
640 865 7
645 865 6
656 865 6
670 865 8
694 865 9
748 865 9
764 865 8
810 865 11
820 865 11
847 865 11
8 866 3
145 866 3
407 866 4
467 866 4
550 866 6
582 866 5
658 866 5
659 866 7
672 866 7
705 866 6
717 866 7
536 867 6
554 867 6
728 867 11
766 867 12
783 867 12
809 867 12
840 867 14
841 867 13
852 867 14
864 867 15
261 868 4
387 868 3
464 868 5
487 868 6
509 868 6
560 868 5
621 868 7
623 868 5
669 868 8
704 868 8
732 868 8
739 868 10
753 868 8
814 868 8
38 869 2
153 869 3
166 869 2
327 869 3
400 869 3
478 869 4
492 869 4
617 869 5
640 869 5
645 869 5
656 869 5
681 869 5
694 869 6
748 869 8
764 869 9
810 869 8
820 869 12
847 869 12
865 869 13
121 870 3
349 870 4
525 870 5
625 870 5
638 870 5
684 870 6
692 870 8
730 870 6
735 870 9
744 870 7
756 870 7
786 870 10
803 870 11
850 870 10
851 870 11
300 871 3
339 871 4
513 871 5
550 871 5
620 871 6
629 871 6
658 871 7
659 871 6
672 871 8
705 871 7
800 871 8
848 871 10
866 871 12
700 872 10
724 872 10
757 872 12
761 872 12
772 872 12
776 872 13
777 872 13
837 872 14
371 873 4
470 873 5
500 873 6
690 873 9
728 873 10
766 873 12
783 873 9
809 873 11
841 873 13
852 873 14
864 873 14
867 873 15
318 874 3
488 874 5
633 874 7
668 874 8
671 874 9
683 874 8
737 874 9
788 874 12
793 874 12
816 874 11
827 874 12
836 874 12
326 875 4
476 875 5
484 875 5
516 875 6
668 875 9
688 875 8
722 875 8
737 875 8
788 875 11
793 875 11
836 875 11
874 875 12
57 876 2
114 876 2
303 876 4
362 876 4
416 876 3
429 876 3
439 876 2
483 876 3
498 876 5
532 876 5
619 876 5
634 876 6
689 876 6
765 876 8
815 876 7
821 876 8
846 876 9
695 877 10
711 877 10
714 877 10
740 877 11
742 877 11
747 877 11
801 877 12
822 877 15
823 877 14
842 877 16
203 878 3
266 878 4
414 878 5
421 878 4
506 878 5
537 878 6
696 878 9
702 878 9
775 878 11
812 878 11
813 878 11
844 878 13
859 878 15
0 879 2
4 879 3
83 879 3
234 879 3
441 879 5
444 879 5
456 879 5
466 879 5
526 879 6
615 879 8
631 879 7
642 879 7
723 879 9
773 879 11
798 879 11
826 879 14
834 879 13
25 880 0
190 880 2
227 880 2
251 880 1
386 880 2
390 880 2
396 880 2
417 880 3
435 880 3
490 880 5
609 880 5
667 880 6
710 880 8
712 880 8
718 880 8
729 880 7
771 880 8
787 880 7
794 880 7
835 880 10
78 881 2
156 881 3
253 881 4
304 881 4
343 881 3
347 881 4
348 881 3
427 881 5
643 881 5
644 881 5
648 881 7
716 881 7
720 881 7
755 881 10
759 881 10
762 881 8
784 881 9
843 881 11
23 882 3
34 882 3
70 882 1
108 882 1
115 882 1
122 882 2
191 882 2
244 882 3
301 882 2
351 882 4
360 882 4
524 882 2
571 882 5
595 882 6
682 882 7
691 882 6
780 882 7
792 882 8
831 882 7
42 883 2
141 883 3
152 883 3
300 883 3
310 883 3
339 883 4
430 883 3
582 883 3
651 883 5
658 883 5
659 883 7
717 883 7
800 883 7
866 883 10
871 883 11
317 884 4
410 884 4
477 884 5
491 884 5
574 884 7
576 884 5
616 884 7
639 884 8
649 884 7
666 884 7
763 884 10
808 884 9
832 884 12
854 884 13
858 884 13
35 885 3
65 885 3
126 885 3
192 885 3
254 885 4
442 885 5
474 885 5
563 885 5
564 885 6
646 885 7
699 885 10
746 885 10
791 885 11
802 885 13
811 885 13
838 885 14
839 885 15
853 885 13
30 886 1
69 886 3
127 886 3
129 886 3
222 886 3
231 886 2
256 886 3
279 886 3
292 886 4
323 886 3
372 886 3
401 886 5
415 886 3
528 886 5
544 886 3
592 886 6
790 886 9
807 886 11
828 886 12
830 886 11
858 886 0
125 887 3
141 887 2
145 887 2
250 887 2
314 887 4
514 887 4
561 887 4
582 887 5
602 887 5
620 887 5
672 887 6
717 887 7
785 887 6
848 887 9
866 887 10
871 887 9
883 887 8
88 888 3
335 888 4
476 888 5
488 888 5
633 888 7
668 888 8
722 888 9
737 888 9
788 888 12
793 888 12
816 888 11
827 888 12
836 888 11
875 888 14
35 889 3
65 889 3
159 889 3
442 889 5
458 889 5
474 889 5
563 889 6
564 889 6
584 889 7
646 889 7
699 889 10
746 889 10
791 889 12
802 889 13
811 889 13
838 889 13
839 889 14
853 889 15
885 889 17
437 890 5
486 890 5
581 890 7
599 890 7
653 890 8
728 890 11
766 890 11
809 890 13
840 890 14
841 890 14
852 890 15
864 890 17
867 890 15
873 890 14
587 891 7
630 891 8
700 891 10
743 891 11
757 891 12
761 891 12
772 891 12
776 891 13
777 891 13
837 891 14
872 891 18
124 892 3
238 892 4
255 892 4
285 892 4
374 892 4
510 892 6
559 892 5
652 892 8
696 892 9
702 892 9
775 892 13
812 892 10
813 892 11
844 892 13
859 892 14
878 892 13
186 893 3
313 893 3
357 893 4
402 893 5
411 893 5
451 893 5
469 893 4
493 893 5
530 893 6
585 893 7
604 893 5
627 893 6
679 893 7
719 893 7
721 893 7
795 893 8
860 893 10
368 894 4
438 894 5
475 894 5
500 894 6
581 894 7
653 894 7
690 894 8
766 894 11
783 894 10
809 894 11
840 894 12
841 894 12
864 894 14
867 894 14
873 894 15
890 894 15
41 895 3
60 895 3
100 895 3
461 895 4
487 895 6
509 895 5
546 895 6
560 895 6
612 895 7
621 895 7
669 895 9
704 895 9
732 895 9
739 895 9
753 895 10
796 895 12
814 895 10
868 895 14
56 896 3
296 896 4
298 896 3
332 896 4
345 896 4
365 896 4
455 896 4
512 896 6
624 896 7
632 896 7
636 896 6
707 896 9
767 896 9
778 896 9
781 896 8
817 896 11
20 897 0
106 897 3
126 897 3
159 897 3
254 897 4
286 897 4
442 897 5
458 897 5
474 897 5
563 897 6
584 897 7
646 897 8
699 897 10
746 897 10
791 897 12
802 897 14
811 897 12
838 897 15
839 897 14
853 897 16
885 897 16
889 897 17
0 898 2
4 898 3
83 898 3
96 898 3
185 898 2
211 898 3
388 898 4
441 898 5
444 898 5
456 898 5
466 898 5
526 898 6
615 898 8
631 898 7
642 898 7
723 898 10
773 898 12
798 898 12
826 898 13
834 898 14
879 898 18
83 899 3
96 899 3
177 899 3
185 899 2
211 899 3
234 899 3
388 899 4
441 899 5
444 899 5
466 899 5
505 899 5
526 899 6
615 899 8
631 899 8
642 899 8
723 899 9
773 899 12
798 899 14
826 899 14
834 899 13
879 899 16
898 899 19
695 900 10
711 900 10
714 900 10
740 900 11
742 900 11
747 900 11
801 900 12
822 900 15
823 900 14
842 900 16
877 900 18
20 901 2
93 901 3
140 901 2
385 901 4
538 901 6
568 901 6
583 901 6
590 901 7
596 901 5
608 901 6
665 901 6
673 901 6
677 901 8
685 901 7
703 901 7
708 901 6
713 901 9
725 901 7
727 901 8
738 901 7
782 901 9
18 902 2
163 902 3
213 902 2
296 902 3
315 902 3
345 902 4
395 902 5
452 902 5
455 902 4
479 902 4
485 902 4
624 902 6
632 902 7
707 902 9
767 902 10
778 902 12
817 902 12
896 902 14
136 903 3
205 903 2
230 903 2
297 903 3
299 903 2
428 903 4
436 903 4
445 903 3
489 903 4
534 903 6
572 903 3
575 903 6
641 903 5
664 903 8
706 903 7
736 903 8
750 903 7
768 903 8
805 903 9
856 903 10
862 903 12
275 904 4
330 904 4
630 904 8
724 904 10
743 904 11
757 904 12
761 904 12
772 904 12
776 904 13
777 904 13
837 904 14
872 904 18
891 904 19
50 905 3
63 905 3
179 905 3
194 905 3
203 905 3
238 905 4
260 905 4
510 905 6
559 905 5
652 905 7
702 905 9
775 905 13
812 905 10
813 905 11
844 905 13
859 905 13
878 905 13
892 905 16
45 906 3
116 906 3
121 906 3
164 906 3
208 906 3
308 906 3
379 906 4
380 906 2
638 906 7
692 906 10
730 906 9
735 906 10
744 906 7
756 906 9
786 906 9
803 906 10
818 906 13
819 906 10
850 906 13
851 906 12
870 906 14
116 907 3
155 907 2
164 907 3
240 907 2
349 907 3
379 907 4
380 907 4
382 907 3
494 907 4
525 907 6
638 907 6
684 907 7
730 907 8
756 907 9
786 907 9
803 907 9
818 907 10
819 907 12
833 907 11
850 907 11
870 907 12
906 907 15
2 908 3
217 908 3
314 908 4
407 908 5
514 908 6
550 908 5
561 908 5
602 908 5
620 908 7
629 908 7
651 908 7
672 908 7
705 908 9
717 908 8
785 908 9
800 908 9
848 908 14
866 908 11
871 908 13
887 908 14
134 909 3
220 909 3
377 909 4
384 909 3
393 909 3
408 909 5
425 909 4
443 909 3
579 909 6
601 909 7
613 909 6
637 909 5
660 909 7
686 909 8
709 909 9
734 909 6
741 909 8
797 909 9
824 909 11
855 909 12
863 909 14
22 910 3
160 910 3
165 910 3
182 910 3
195 910 3
288 910 4
324 910 3
354 910 3
366 910 3
373 910 4
399 910 5
405 910 5
406 910 5
423 910 4
482 910 5
495 910 6
569 910 7
655 910 8
661 910 8
663 910 7
676 910 8
754 910 10
35 911 3
65 911 3
106 911 3
159 911 3
192 911 3
286 911 4
442 911 5
458 911 5
474 911 5
563 911 6
564 911 6
584 911 7
646 911 8
699 911 10
746 911 11
791 911 13
802 911 14
811 911 13
838 911 14
839 911 14
853 911 17
885 911 18
889 911 20
897 911 19
16 912 1
56 912 3
213 912 3
298 912 3
309 912 4
332 912 4
452 912 5
485 912 5
507 912 5
512 912 6
624 912 7
632 912 7
636 912 8
707 912 10
767 912 9
778 912 9
781 912 9
817 912 10
896 912 17
902 912 14
19 913 2
84 913 2
134 913 3
135 913 3
172 913 0
257 913 3
264 913 3
377 913 4
393 913 5
404 913 3
408 913 4
425 913 4
579 913 4
580 913 5
601 913 3
709 913 5
734 913 4
741 913 7
797 913 10
824 913 7
863 913 10
909 913 15
39 914 3
249 914 4
587 914 7
700 914 10
724 914 10
743 914 11
757 914 12
761 914 12
772 914 12
776 914 13
777 914 13
837 914 14
872 914 19
891 914 20
904 914 19
10 915 3
52 915 0
76 915 2
136 915 3
297 915 3
312 915 4
394 915 5
398 915 3
436 915 4
489 915 6
534 915 5
567 915 6
603 915 5
641 915 4
657 915 7
664 915 5
736 915 7
750 915 7
768 915 9
805 915 9
856 915 10
862 915 14
903 915 14
5 916 3
26 916 3
32 916 2
70 916 2
108 916 1
115 916 2
122 916 1
191 916 2
199 916 2
224 916 3
245 916 4
295 916 4
306 916 3
344 916 2
453 916 5
463 916 3
524 916 4
556 916 5
571 916 6
591 916 5
682 916 4
780 916 9
792 916 7
831 916 12
18 917 3
167 917 2
293 917 3
296 917 4
332 917 3
365 917 3
409 917 4
455 917 3
479 917 4
485 917 4
507 917 5
512 917 5
533 917 5
632 917 8
636 917 5
707 917 8
767 917 9
778 917 9
781 917 8
817 917 13
896 917 16
902 917 14
912 917 15
29 918 3
61 918 3
62 918 3
139 918 3
201 918 2
228 918 3
248 918 4
263 918 4
290 918 4
333 918 3
342 918 4
353 918 4
460 918 4
471 918 5
515 918 6
535 918 6
548 918 6
610 918 7
618 918 7
626 918 8
647 918 7
715 918 9
769 918 11
829 918 13
19 919 3
53 919 1
84 919 3
134 919 3
135 919 3
220 919 3
377 919 4
393 919 3
404 919 5
408 919 5
425 919 4
579 919 5
580 919 6
637 919 6
660 919 6
686 919 8
709 919 8
741 919 9
797 919 10
824 919 8
855 919 11
863 919 15
909 919 18
913 919 18
3 920 3
38 920 2
92 920 2
123 920 3
233 920 2
321 920 4
334 920 4
419 920 5
478 920 2
492 920 5
499 920 6
531 920 4
578 920 6
617 920 6
640 920 7
645 920 7
670 920 7
681 920 8
694 920 9
748 920 8
764 920 11
810 920 11
820 920 10
847 920 14
865 920 14
31 921 2
118 921 3
157 921 3
179 921 3
194 921 3
226 921 3
255 921 4
266 921 4
506 921 5
510 921 6
652 921 8
696 921 9
702 921 9
775 921 13
812 921 10
813 921 10
844 921 12
859 921 14
878 921 15
892 921 16
905 921 16
121 922 3
164 922 3
208 922 3
210 922 2
308 922 4
380 922 3
382 922 4
525 922 6
614 922 7
684 922 7
730 922 9
735 922 9
744 922 7
756 922 12
786 922 8
803 922 11
818 922 11
819 922 12
833 922 13
850 922 13
851 922 13
870 922 14
906 922 18
907 922 16
102 923 3
105 923 3
209 923 3
235 923 4
246 923 4
477 923 5
502 923 5
527 923 6
545 923 5
574 923 7
598 923 6
616 923 6
639 923 8
649 923 7
666 923 8
763 923 10
808 923 11
832 923 13
854 923 13
858 923 14
884 923 15
116 924 2
121 924 3
208 924 3
240 924 2
349 924 4
379 924 3
382 924 4
494 924 5
525 924 6
614 924 7
625 924 7
684 924 7
692 924 8
735 924 10
744 924 9
756 924 10
786 924 10
803 924 13
818 924 12
819 924 12
833 924 11
851 924 14
870 924 15
906 924 16
907 924 17
922 924 18
202 925 3
212 925 3
273 925 4
361 925 4
369 925 3
375 925 4
434 925 5
476 925 5
633 925 8
683 925 7
688 925 9
722 925 9
788 925 13
793 925 12
816 925 12
827 925 12
836 925 12
874 925 14
875 925 14
888 925 15
29 926 3
61 926 3
62 926 3
139 926 3
201 926 2
228 926 3
248 926 4
263 926 4
290 926 4
342 926 4
353 926 4
356 926 4
370 926 3
460 926 5
471 926 5
515 926 5
535 926 6
548 926 6
610 926 7
618 926 8
626 926 8
647 926 8
715 926 9
769 926 11
829 926 15
918 926 23
0 927 3
4 927 3
83 927 3
96 927 3
177 927 3
185 927 2
211 927 3
234 927 3
388 927 4
441 927 5
444 927 5
456 927 5
466 927 5
505 927 6
526 927 6
615 927 8
631 927 8
642 927 8
723 927 10
773 927 12
798 927 14
826 927 15
834 927 15
879 927 19
898 927 22
899 927 22
43 928 3
78 928 3
86 928 2
107 928 3
120 928 2
200 928 2
236 928 3
253 928 4
347 928 3
348 928 2
364 928 4
403 928 4
427 928 3
433 928 4
519 928 5
588 928 6
643 928 5
648 928 7
662 928 7
716 928 9
720 928 8
759 928 10
762 928 10
784 928 10
843 928 11
881 928 14
21 929 3
143 929 3
176 929 3
187 929 3
274 929 4
392 929 5
413 929 5
431 929 5
496 929 4
541 929 5
543 929 6
573 929 6
622 929 6
726 929 8
733 929 9
745 929 9
752 929 9
779 929 10
789 929 11
804 929 11
849 929 14
22 930 3
36 930 3
51 930 3
87 930 3
146 930 3
160 930 3
165 930 3
182 930 3
183 930 3
195 930 3
288 930 4
324 930 4
354 930 4
366 930 4
373 930 4
399 930 5
405 930 5
423 930 5
482 930 5
495 930 5
569 930 6
655 930 8
661 930 8
663 930 9
676 930 8
754 930 12
910 930 22
72 931 3
249 931 4
316 931 4
520 931 6
570 931 7
577 931 7
630 931 8
700 931 10
724 931 10
743 931 11
757 931 12
761 931 12
772 931 12
776 931 13
777 931 13
837 931 14
872 931 19
891 931 20
904 931 20
914 931 21
22 932 3
36 932 3
51 932 3
87 932 2
146 932 3
160 932 3
165 932 3
182 932 3
183 932 3
195 932 3
288 932 4
324 932 4
366 932 4
373 932 4
399 932 5
405 932 5
406 932 5
423 932 5
482 932 5
495 932 6
569 932 7
655 932 8
661 932 8
663 932 9
676 932 9
754 932 11
910 932 22
930 932 26
27 933 3
80 933 3
128 933 3
173 933 3
376 933 4
381 933 4
432 933 5
449 933 5
597 933 7
695 933 10
711 933 10
714 933 10
740 933 11
742 933 11
747 933 11
801 933 12
822 933 15
823 933 14
842 933 16
877 933 18
900 933 18
15 934 2
21 934 3
187 934 2
252 934 3
258 934 4
277 934 3
355 934 3
358 934 3
413 934 4
543 934 6
558 934 4
573 934 7
594 934 5
622 934 7
697 934 10
733 934 8
745 934 11
752 934 9
779 934 11
789 934 11
804 934 12
849 934 13
929 934 18
143 935 3
187 935 3
242 935 4
252 935 3
258 935 4
270 935 4
272 935 3
274 935 4
302 935 4
355 935 3
392 935 4
522 935 6
543 935 6
547 935 5
573 935 6
622 935 6
726 935 8
752 935 11
779 935 11
789 935 10
804 935 10
849 935 10
929 935 18
934 935 17
142 936 3
221 936 3
307 936 4
359 936 4
424 936 5
448 936 5
488 936 6
516 936 6
633 936 8
668 936 8
671 936 8
683 936 8
688 936 8
722 936 9
737 936 10
788 936 12
793 936 13
816 936 12
827 936 13
874 936 17
875 936 15
888 936 16
925 936 16
41 937 3
97 937 3
100 937 3
175 937 3
181 937 3
237 937 4
261 937 4
265 937 4
464 937 5
487 937 6
509 937 5
546 937 6
560 937 6
593 937 6
612 937 6
621 937 8
669 937 9
704 937 10
732 937 10
739 937 10
753 937 12
796 937 12
814 937 13
868 937 16
895 937 19
73 938 3
232 938 3
269 938 4
465 938 5
504 938 6
520 938 6
577 938 7
700 938 10
724 938 10
743 938 11
757 938 12
761 938 12
772 938 12
776 938 13
777 938 13
837 938 15
872 938 19
891 938 19
904 938 19
914 938 20
931 938 22
73 939 3
90 939 3
336 939 4
446 939 5
465 939 5
520 939 6
570 939 7
577 939 7
587 939 7
700 939 10
743 939 11
757 939 12
761 939 12
772 939 12
776 939 13
777 939 13
837 939 14
872 939 18
891 939 20
904 939 18
914 939 20
931 939 22
938 939 23
16 940 1
18 940 2
137 940 2
163 940 3
167 940 3
298 940 3
309 940 3
315 940 3
345 940 4
365 940 4
395 940 5
452 940 5
485 940 4
507 940 5
512 940 6
533 940 5
624 940 7
632 940 8
636 940 7
707 940 9
767 940 11
778 940 12
817 940 10
896 940 16
902 940 18
912 940 19
917 940 17
43 941 1
78 941 3
86 941 2
147 941 3
156 941 3
200 941 3
236 941 4
253 941 4
304 941 3
343 941 4
347 941 4
364 941 3
403 941 5
427 941 5
433 941 5
519 941 5
588 941 5
643 941 7
644 941 8
648 941 7
662 941 9
720 941 8
755 941 10
759 941 11
762 941 11
784 941 10
843 941 16
881 941 17
928 941 22
98 942 3
118 942 3
119 942 2
157 942 3
194 942 3
226 942 3
238 942 4
374 942 4
414 942 5
457 942 4
472 942 5
506 942 6
537 942 6
559 942 6
652 942 8
696 942 9
702 942 10
775 942 12
812 942 12
813 942 14
844 942 14
859 942 15
878 942 16
892 942 17
905 942 16
921 942 19
7 943 3
8 943 3
125 943 3
152 943 3
217 943 3
250 943 3
300 943 4
310 943 3
314 943 4
339 943 4
341 943 4
407 943 5
430 943 5
462 943 4
561 943 4
629 943 8
651 943 8
705 943 10
785 943 10
800 943 9
848 943 12
866 943 10
871 943 13
883 943 13
887 943 12
908 943 16
94 944 3
97 944 3
175 944 3
181 944 3
218 944 3
237 944 4
261 944 4
265 944 4
387 944 4
461 944 4
487 944 6
509 944 6
546 944 6
560 944 5
593 944 6
621 944 7
623 944 7
669 944 9
704 944 10
732 944 9
739 944 11
753 944 12
796 944 12
814 944 13
868 944 17
895 944 17
937 944 23
49 945 2
137 945 3
163 945 3
167 945 2
293 945 3
298 945 3
309 945 4
332 945 3
365 945 3
395 945 5
452 945 5
455 945 3
479 945 3
485 945 4
507 945 4
512 945 5
533 945 4
624 945 8
636 945 6
707 945 8
767 945 9
778 945 11
781 945 8
817 945 11
896 945 16
902 945 15
912 945 18
940 945 22
95 946 3
143 946 3
158 946 2
270 946 3
277 946 4
302 946 3
355 946 4
358 946 3
363 946 1
392 946 4
431 946 3
496 946 5
522 946 4
558 946 3
573 946 6
594 946 4
622 946 6
697 946 8
726 946 8
733 946 8
745 946 8
752 946 9
779 946 8
789 946 12
849 946 12
929 946 17
934 946 18
935 946 17
19 947 3
53 947 3
58 947 3
59 947 3
113 947 3
134 947 3
135 947 3
257 947 3
276 947 2
377 947 4
404 947 5
408 947 5
425 947 4
443 947 5
579 947 6
580 947 6
613 947 7
637 947 7
660 947 7
686 947 8
709 947 9
734 947 6
741 947 9
797 947 9
824 947 12
855 947 13
863 947 16
909 947 19
913 947 18
919 947 21
49 948 1
56 948 3
163 948 3
167 948 3
293 948 4
296 948 4
309 948 4
332 948 4
345 948 4
365 948 4
395 948 5
409 948 3
452 948 5
507 948 6
512 948 6
533 948 6
624 948 8
632 948 8
636 948 7
707 948 9
767 948 10
778 948 12
781 948 10
817 948 12
896 948 19
902 948 16
912 948 19
917 948 20
940 948 22
945 948 23
41 949 3
60 949 3
94 949 3
100 949 3
109 949 3
175 949 3
218 949 3
237 949 4
261 949 4
387 949 4
461 949 5
464 949 4
487 949 6
509 949 6
546 949 6
593 949 7
612 949 6
623 949 8
669 949 9
704 949 8
732 949 11
739 949 10
753 949 10
796 949 12
814 949 12
868 949 16
895 949 19
937 949 22
944 949 23
9 950 3
17 950 3
66 950 3
91 950 3
130 950 3
197 950 1
268 950 3
281 950 3
282 950 4
283 950 4
328 950 4
362 950 4
397 950 4
416 950 4
498 950 6
532 950 6
589 950 7
634 950 8
675 950 7
687 950 8
689 950 8
765 950 10
815 950 9
821 950 9
825 950 10
845 950 12
846 950 12
857 950 14
876 950 12
294 951 4
331 951 4
389 951 4
391 951 5
468 951 5
470 951 5
486 951 5
508 951 6
536 951 6
554 951 6
566 951 7
581 951 7
653 951 8
690 951 9
728 951 11
766 951 12
783 951 13
809 951 12
840 951 16
841 951 15
852 951 17
864 951 17
867 951 18
873 951 17
890 951 18
894 951 17
95 952 3
158 952 3
176 952 3
242 952 3
258 952 4
270 952 4
272 952 4
277 952 4
302 952 4
363 952 3
413 952 5
431 952 5
541 952 5
543 952 6
558 952 5
573 952 6
697 952 9
726 952 8
733 952 9
745 952 8
752 952 10
779 952 12
789 952 12
804 952 14
849 952 15
929 952 19
934 952 19
935 952 18
946 952 21
81 953 3
170 953 3
357 953 3
402 953 5
411 953 5
420 953 4
450 953 5
451 953 5
459 953 5
469 953 5
481 953 5
493 953 6
518 953 6
530 953 6
539 953 6
585 953 7
600 953 6
605 953 7
679 953 9
680 953 8
698 953 8
719 953 10
721 953 9
731 953 9
795 953 11
860 953 15
893 953 17
33 954 3
294 954 4
346 954 4
352 954 4
391 954 5
437 954 5
438 954 5
468 954 5
475 954 5
500 954 6
508 954 6
581 954 7
599 954 7
690 954 9
728 954 11
766 954 12
783 954 10
809 954 13
840 954 14
841 954 16
852 954 15
864 954 16
867 954 16
873 954 17
890 954 18
894 954 19
951 954 22
112 955 3
133 955 3
180 955 3
219 955 3
307 955 4
424 955 5
434 955 5
448 955 5
484 955 5
488 955 6
516 955 6
633 955 8
671 955 9
683 955 8
688 955 9
722 955 9
737 955 10
788 955 13
793 955 12
816 955 14
827 955 14
836 955 13
874 955 17
875 955 16
888 955 16
925 955 18
936 955 23
128 956 3
215 956 3
259 956 4
381 956 4
422 956 5
426 956 5
432 956 5
449 956 5
523 956 6
542 956 6
551 956 6
557 956 6
597 956 7
695 956 10
711 956 10
714 956 10
740 956 11
742 956 11
747 956 11
801 956 12
822 956 15
823 956 14
842 956 16
877 956 18
900 956 18
933 956 23
13 957 2
76 957 3
136 957 3
205 957 3
243 957 4
297 957 4
299 957 4
329 957 4
394 957 4
418 957 4
436 957 5
445 957 4
480 957 4
489 957 5
534 957 5
567 957 6
572 957 5
575 957 7
603 957 7
641 957 7
657 957 9
664 957 9
706 957 9
736 957 10
750 957 8
751 957 12
768 957 10
805 957 12
856 957 16
862 957 16
903 957 20
915 957 19
47 958 3
55 958 3
110 958 3
111 958 3
216 958 3
367 958 4
376 958 4
426 958 5
523 958 6
542 958 6
551 958 6
557 958 6
597 958 7
695 958 10
711 958 10
714 958 10
740 958 11
742 958 11
747 958 11
801 958 12
822 958 15
823 958 14
842 958 16
877 958 18
900 958 18
933 958 20
956 958 24
2 959 3
42 959 2
141 959 2
144 959 2
145 959 1
217 959 3
250 959 3
310 959 4
341 959 4
430 959 5
462 959 5
514 959 5
550 959 5
561 959 5
620 959 7
629 959 8
651 959 8
658 959 8
659 959 9
672 959 7
705 959 10
717 959 9
785 959 10
800 959 10
848 959 14
866 959 13
871 959 15
883 959 14
908 959 19
943 959 19
6 960 3
71 960 2
93 960 3
196 960 2
204 960 3
206 960 3
271 960 3
311 960 3
385 960 4
517 960 5
538 960 5
553 960 6
555 960 5
562 960 6
568 960 7
583 960 7
590 960 7
596 960 6
608 960 7
673 960 9
677 960 7
685 960 8
693 960 9
703 960 8
708 960 9
713 960 9
725 960 10
727 960 10
738 960 10
782 960 11
901 960 19
40 961 3
85 961 3
151 961 3
214 961 3
225 961 3
402 961 5
411 961 5
420 961 5
450 961 5
451 961 5
459 961 5
469 961 5
481 961 5
493 961 6
518 961 6
530 961 6
539 961 6
604 961 6
605 961 7
627 961 6
679 961 9
680 961 9
698 961 9
719 961 9
721 961 9
731 961 8
795 961 10
860 961 14
893 961 17
953 961 25
39 962 3
101 962 3
154 962 3
171 962 3
249 962 4
330 962 4
446 962 5
447 962 5
504 962 6
570 962 7
577 962 7
587 962 7
630 962 8
724 962 10
743 962 11
757 962 12
761 962 12
772 962 12
776 962 13
777 962 13
837 962 15
872 962 18
891 962 20
904 962 21
914 962 22
931 962 23
938 962 21
939 962 22
7 963 3
8 963 3
125 963 3
152 963 3
300 963 4
314 963 4
339 963 4
341 963 4
407 963 5
462 963 4
467 963 4
513 963 6
514 963 4
550 963 6
602 963 5
629 963 7
651 963 8
658 963 7
659 963 8
672 963 8
705 963 9
717 963 10
785 963 13
800 963 13
848 963 14
866 963 16
871 963 18
883 963 14
887 963 14
908 963 19
943 963 23
959 963 20
50 964 3
63 964 2
75 964 3
98 964 3
124 964 3
131 964 2
179 964 3
203 964 3
226 964 3
255 964 4
260 964 4
266 964 4
285 964 4
374 964 4
414 964 5
421 964 5
457 964 5
506 964 5
510 964 6
537 964 5
696 964 8
702 964 10
775 964 11
813 964 12
844 964 14
859 964 16
878 964 18
892 964 17
905 964 17
921 964 18
942 964 19
1 965 3
90 965 3
232 965 3
316 965 4
330 965 4
336 965 4
447 965 5
465 965 5
520 965 6
570 965 7
577 965 7
587 965 7
630 965 8
700 965 10
724 965 10
743 965 11
757 965 12
761 965 12
772 965 12
776 965 13
777 965 13
837 965 14
872 965 19
891 965 21
904 965 21
914 965 21
931 965 25
938 965 24
939 965 26
962 965 25
31 966 3
50 966 3
75 966 3
98 966 3
118 966 3
119 966 3
124 966 3
157 966 3
238 966 4
255 966 4
260 966 4
266 966 4
285 966 4
374 966 4
472 966 5
506 966 6
510 966 6
537 966 6
559 966 6
652 966 8
696 966 9
702 966 9
775 966 13
812 966 12
813 966 12
844 966 16
859 966 15
878 966 16
892 966 21
905 966 18
921 966 21
942 966 24
964 966 24
6 967 2
20 967 2
71 967 3
93 967 2
140 967 3
196 967 2
198 967 2
204 967 3
206 967 2
271 967 4
311 967 4
322 967 4
454 967 4
517 967 6
538 967 4
553 967 5
555 967 4
562 967 6
568 967 7
583 967 6
590 967 6
608 967 7
673 967 8
677 967 7
685 967 7
693 967 9
703 967 9
708 967 9
713 967 9
725 967 10
727 967 10
782 967 12
901 967 18
960 967 28
57 968 2
66 968 3
74 968 2
91 968 3
130 968 3
168 968 3
268 968 4
278 968 4
281 968 2
282 968 4
287 968 3
303 968 3
328 968 4
397 968 5
416 968 5
429 968 5
439 968 5
483 968 4
498 968 4
503 968 5
532 968 5
589 968 6
619 968 6
675 968 9
687 968 7
689 968 6
815 968 12
825 968 10
845 968 12
846 968 12
857 968 12
876 968 14
950 968 22
85 969 3
151 969 3
162 969 3
169 969 3
170 969 3
186 969 3
214 969 2
225 969 3
313 969 3
325 969 4
357 969 4
402 969 5
411 969 5
450 969 5
459 969 5
493 969 6
518 969 5
530 969 5
539 969 5
585 969 5
600 969 6
604 969 7
605 969 7
627 969 7
679 969 7
680 969 7
698 969 6
721 969 8
731 969 10
860 969 16
893 969 17
953 969 23
961 969 25
55 970 3
77 970 3
111 970 3
247 970 4
367 970 4
376 970 4
381 970 4
422 970 5
426 970 5
432 970 5
449 970 5
523 970 6
542 970 6
551 970 6
557 970 6
597 970 7
695 970 10
711 970 10
714 970 10
740 970 11
742 970 11
747 970 11
801 970 12
822 970 15
823 970 14
842 970 16
877 970 18
900 970 18
933 970 23
956 970 28
958 970 28
37 971 3
44 971 3
102 971 3
105 971 3
209 971 3
229 971 3
246 971 4
262 971 4
284 971 4
317 971 4
410 971 4
473 971 4
477 971 5
491 971 6
502 971 6
527 971 6
545 971 5
552 971 6
574 971 7
576 971 7
598 971 7
616 971 8
639 971 8
649 971 8
678 971 8
763 971 11
808 971 12
832 971 14
854 971 15
858 971 16
884 971 18
923 971 22
5 972 3
23 972 3
26 972 2
32 972 3
34 972 3
64 972 3
70 972 3
108 972 3
115 972 3
122 972 3
149 972 1
191 972 3
199 972 3
224 972 3
239 972 3
244 972 4
245 972 4
295 972 3
301 972 3
306 972 4
351 972 4
360 972 4
453 972 5
463 972 5
556 972 6
571 972 7
591 972 6
595 972 7
682 972 9
691 972 9
780 972 12
792 972 12
831 972 14
882 972 18
916 972 22
47 973 3
77 973 3
80 973 3
173 973 3
215 973 3
216 973 3
247 973 4
259 973 4
367 973 4
422 973 5
449 973 5
523 973 6
542 973 6
551 973 6
557 973 6
597 973 7
695 973 10
711 973 10
714 973 10
740 973 11
742 973 11
747 973 11
801 973 12
822 973 15
823 973 14
842 973 16
877 973 18
900 973 18
933 973 22
956 973 27
958 973 26
970 973 28
41 974 3
60 974 3
94 974 3
97 974 3
100 974 3
109 974 3
175 974 3
181 974 3
218 974 3
237 974 4
261 974 4
265 974 4
387 974 4
461 974 5
464 974 5
487 974 6
509 974 6
546 974 6
560 974 6
593 974 7
612 974 7
621 974 8
623 974 8
669 974 9
704 974 10
732 974 11
739 974 11
753 974 12
796 974 13
814 974 14
868 974 18
895 974 21
937 974 27
944 974 28
949 974 29
14 975 3
37 975 3
44 975 3
229 975 3
235 975 4
246 975 4
262 975 4
280 975 4
284 975 4
317 975 4
410 975 5
473 975 5
477 975 5
491 975 6
502 975 5
527 975 6
545 975 6
552 975 5
574 975 7
598 975 7
616 975 8
639 975 8
649 975 8
666 975 9
678 975 9
763 975 12
808 975 13
832 975 15
854 975 14
858 975 16
884 975 18
923 975 21
971 975 30
14 976 3
37 976 3
44 976 3
102 976 3
188 976 3
209 976 3
229 976 3
235 976 4
246 976 4
280 976 4
284 976 4
410 976 5
473 976 5
477 976 5
491 976 5
502 976 6
527 976 6
545 976 6
552 976 6
574 976 7
576 976 7
616 976 8
639 976 8
649 976 8
666 976 9
678 976 8
763 976 12
808 976 13
832 976 12
854 976 16
858 976 16
884 976 18
923 976 22
971 976 30
975 976 31
14 977 2
44 977 3
102 977 3
105 977 3
188 977 3
209 977 3
229 977 3
235 977 4
246 977 4
262 977 4
280 977 4
284 977 4
317 977 4
473 977 5
491 977 6
502 977 6
527 977 6
545 977 6
552 977 6
574 977 7
576 977 7
598 977 7
616 977 8
639 977 8
649 977 8
666 977 9
678 977 9
763 977 12
808 977 14
832 977 15
854 977 16
858 977 15
884 977 17
923 977 23
971 977 31
975 977 31
976 977 32
27 978 3
80 978 3
110 978 3
111 978 3
173 978 3
215 978 3
216 978 3
247 978 4
259 978 4
367 978 4
381 978 4
422 978 5
426 978 5
432 978 5
523 978 6
542 978 6
551 978 6
557 978 6
597 978 7
695 978 10
711 978 10
714 978 10
740 978 11
742 978 11
747 978 11
801 978 12
822 978 15
823 978 14
842 978 16
877 978 18
900 978 18
933 978 24
956 978 29
958 978 28
970 978 30
973 978 31
1 979 3
39 979 3
72 979 3
73 979 3
101 979 3
154 979 3
171 979 3
184 979 3
269 979 4
275 979 4
316 979 4
446 979 5
447 979 5
465 979 5
504 979 6
570 979 7
630 979 8
700 979 10
724 979 10
743 979 11
757 979 12
761 979 12
772 979 12
776 979 13
777 979 13
837 979 15
872 979 19
891 979 20
904 979 21
914 979 21
931 979 24
938 979 24
939 979 23
962 979 28
965 979 26
15 980 3
21 980 3
158 980 2
242 980 4
252 980 4
270 980 3
272 980 4
274 980 3
302 980 3
358 980 3
363 980 3
378 980 4
392 980 4
413 980 5
431 980 4
496 980 4
522 980 5
541 980 6
543 980 6
547 980 6
558 980 5
573 980 6
594 980 6
622 980 7
697 980 9
726 980 8
733 980 10
745 980 10
752 980 11
779 980 11
789 980 12
804 980 14
849 980 14
929 980 22
934 980 22
935 980 22
952 980 25
72 981 3
90 981 3
154 981 3
184 981 3
232 981 3
269 981 4
275 981 4
330 981 4
336 981 4
446 981 5
447 981 5
504 981 6
520 981 6
570 981 7
577 981 7
587 981 7
630 981 8
700 981 10
724 981 10
743 981 11
757 981 12
761 981 12
772 981 12
776 981 13
777 981 13
837 981 15
872 981 19
891 981 21
904 981 22
914 981 21
931 981 25
938 981 25
939 981 26
962 981 28
965 981 30
979 981 30
1 982 3
101 982 3
171 982 3
184 982 3
249 982 4
269 982 4
275 982 4
316 982 4
336 982 4
446 982 5
447 982 5
465 982 5
504 982 6
520 982 6
570 982 7
577 982 7
587 982 7
630 982 8
700 982 10
724 982 10
743 982 11
757 982 12
761 982 12
772 982 12
776 982 13
777 982 13
837 982 15
872 982 19
891 982 21
904 982 21
914 982 22
931 982 26
938 982 25
939 982 26
962 982 29
965 982 30
979 982 33
981 982 32
27 983 3
47 983 3
55 983 3
77 983 3
80 983 3
110 983 3
128 983 3
215 983 3
247 983 4
259 983 4
376 983 4
422 983 5
426 983 5
432 983 5
449 983 5
523 983 6
542 983 6
551 983 6
557 983 6
597 983 7
695 983 10
711 983 10
714 983 10
740 983 11
742 983 11
747 983 11
801 983 12
822 983 15
823 983 14
842 983 16
877 983 18
900 983 18
933 983 25
956 983 30
958 983 28
970 983 31
973 983 31
978 983 32
15 984 3
21 984 3
95 984 3
104 984 0
143 984 3
176 984 3
242 984 4
258 984 4
270 984 4
272 984 3
274 984 3
277 984 4
302 984 4
355 984 4
358 984 4
378 984 3
431 984 4
496 984 5
522 984 5
541 984 6
543 984 6
547 984 6
573 984 7
594 984 7
622 984 8
697 984 10
726 984 9
733 984 10
745 984 10
752 984 11
779 984 13
789 984 13
804 984 12
849 984 16
929 984 23
934 984 23
935 984 24
946 984 25
952 984 26
980 984 31
40 985 3
81 985 3
85 985 3
151 985 3
162 985 3
169 985 3
170 985 3
186 985 3
193 985 2
225 985 3
325 985 4
402 985 5
411 985 5
420 985 5
450 985 5
451 985 5
459 985 5
469 985 4
481 985 5
493 985 6
530 985 6
539 985 6
585 985 7
600 985 7
604 985 7
605 985 7
627 985 7
679 985 9
680 985 9
698 985 10
719 985 10
721 985 10
731 985 9
795 985 11
860 985 17
893 985 19
953 985 28
961 985 30
969 985 30
27 986 3
47 986 3
55 986 3
77 986 3
110 986 3
111 986 3
128 986 3
173 986 3
216 986 3
247 986 4
259 986 4
367 986 4
376 986 4
381 986 4
422 986 5
426 986 5
432 986 5
449 986 5
523 986 6
542 986 6
551 986 6
557 986 6
597 986 7
695 986 10
711 986 10
714 986 10
740 986 11
742 986 11
747 986 11
801 986 12
822 986 15
823 986 14
842 986 16
877 986 18
900 986 18
933 986 26
956 986 30
958 986 31
970 986 34
973 986 32
978 986 35
983 986 36
9 987 3
17 987 3
24 987 3
57 987 2
66 987 3
74 987 3
91 987 3
130 987 3
168 987 3
268 987 4
278 987 4
282 987 4
283 987 4
287 987 4
303 987 4
328 987 4
362 987 4
397 987 5
416 987 5
429 987 5
439 987 5
483 987 5
498 987 6
503 987 5
511 987 6
532 987 6
589 987 7
619 987 8
634 987 8
675 987 9
687 987 7
689 987 9
765 987 11
815 987 14
821 987 13
825 987 15
845 987 16
846 987 16
857 987 17
876 987 18
950 987 28
968 987 32
2 988 3
7 988 3
8 988 3
42 988 3
125 988 3
141 988 3
144 988 3
152 988 3
217 988 3
250 988 4
314 988 4
339 988 4
341 988 4
407 988 5
430 988 5
462 988 5
467 988 5
513 988 6
514 988 6
550 988 6
561 988 6
582 988 6
602 988 7
620 988 8
629 988 8
651 988 8
658 988 9
659 988 8
672 988 9
705 988 10
717 988 10
785 988 12
800 988 14
848 988 16
866 988 17
871 988 18
883 988 17
887 988 19
908 988 23
943 988 26
959 988 29
963 988 31
31 989 3
50 989 3
63 989 3
75 989 3
98 989 3
118 989 3
119 989 3
124 989 3
131 989 3
157 989 3
179 989 3
194 989 3
203 989 3
226 989 3
238 989 4
255 989 4
260 989 4
266 989 4
285 989 4
374 989 4
414 989 5
421 989 5
457 989 5
472 989 5
506 989 6
510 989 6
537 989 6
559 989 6
652 989 8
696 989 10
702 989 10
775 989 13
812 989 14
813 989 14
844 989 16
859 989 18
878 989 19
892 989 21
905 989 22
921 989 24
942 989 28
964 989 32
966 989 33
40 990 3
81 990 3
85 990 3
151 990 3
162 990 3
169 990 3
170 990 3
186 990 3
193 990 2
214 990 3
225 990 3
313 990 4
325 990 4
357 990 4
402 990 5
411 990 5
420 990 5
450 990 5
451 990 5
459 990 5
469 990 5
481 990 5
493 990 6
518 990 6
530 990 6
539 990 6
585 990 7
600 990 7
604 990 7
605 990 7
627 990 8
679 990 9
680 990 9
698 990 10
719 990 10
721 990 10
731 990 11
795 990 13
860 990 18
893 990 21
953 990 30
961 990 32
969 990 34
985 990 39
12 991 3
33 991 3
48 991 3
117 991 3
150 991 3
174 991 3
223 991 3
289 991 4
331 991 4
346 991 4
352 991 4
368 991 4
371 991 4
391 991 5
437 991 5
438 991 5
468 991 5
470 991 5
475 991 5
500 991 6
508 991 6
536 991 6
554 991 6
566 991 7
581 991 7
653 991 8
690 991 9
728 991 11
766 991 12
783 991 13
809 991 13
840 991 15
841 991 15
852 991 17
864 991 16
867 991 18
873 991 19
890 991 18
894 991 21
951 991 27
954 991 28
12 992 3
48 992 3
117 992 3
150 992 3
174 992 3
223 992 3
289 992 4
294 992 4
331 992 4
346 992 4
352 992 4
368 992 4
371 992 4
389 992 4
391 992 5
437 992 5
438 992 5
468 992 5
470 992 5
475 992 5
486 992 5
500 992 6
508 992 6
536 992 6
554 992 6
566 992 7
581 992 7
599 992 7
653 992 8
690 992 9
766 992 12
783 992 13
809 992 14
840 992 15
841 992 15
852 992 16
864 992 17
867 992 17
873 992 18
890 992 19
894 992 21
951 992 29
954 992 28
991 992 41
1 993 3
39 993 3
72 993 3
73 993 3
90 993 3
101 993 3
154 993 3
171 993 3
184 993 3
232 993 3
249 993 4
269 993 4
275 993 4
316 993 4
330 993 4
336 993 4
446 993 5
447 993 5
465 993 5
504 993 6
520 993 6
570 993 7
577 993 7
587 993 7
630 993 8
700 993 10
724 993 10
743 993 11
757 993 12
761 993 12
772 993 12
776 993 13
777 993 13
837 993 15
872 993 19
891 993 21
904 993 22
914 993 23
931 993 27
938 993 27
939 993 28
962 993 32
965 993 33
979 993 37
981 993 37
982 993 38
11 994 3
82 994 3
88 994 3
138 994 3
142 994 3
161 994 3
180 994 3
202 994 3
207 994 3
219 994 3
221 994 3
273 994 4
307 994 4
318 994 4
326 994 4
335 994 4
359 994 4
361 994 4
369 994 4
375 994 4
424 994 5
434 994 5
440 994 5
448 994 5
484 994 5
516 994 6
633 994 8
668 994 9
671 994 9
683 994 8
688 994 9
722 994 10
737 994 11
788 994 13
793 994 13
816 994 13
827 994 15
836 994 15
874 994 18
875 994 18
888 994 18
925 994 23
936 994 26
955 994 27
12 995 3
33 995 3
48 995 3
117 995 3
150 995 3
174 995 3
223 995 3
289 995 4
294 995 4
331 995 4
346 995 4
352 995 4
368 995 4
371 995 4
389 995 4
391 995 5
437 995 5
438 995 5
468 995 5
470 995 5
475 995 5
486 995 5
500 995 6
508 995 6
536 995 6
554 995 6
566 995 7
581 995 7
599 995 7
653 995 8
690 995 9
728 995 11
766 995 12
783 995 13
809 995 14
840 995 16
841 995 16
852 995 17
864 995 18
867 995 18
873 995 19
890 995 20
894 995 21
951 995 30
954 995 30
991 995 43
992 995 45
12 996 3
33 996 3
48 996 3
117 996 3
150 996 3
174 996 3
223 996 3
289 996 4
294 996 4
331 996 4
346 996 4
352 996 4
368 996 4
371 996 4
389 996 4
391 996 5
437 996 5
438 996 5
468 996 5
470 996 5
475 996 5
486 996 5
500 996 6
508 996 6
536 996 6
554 996 6
566 996 7
581 996 7
599 996 7
653 996 8
690 996 9
728 996 11
766 996 12
783 996 13
809 996 14
840 996 16
841 996 16
852 996 17
864 996 18
867 996 18
873 996 19
890 996 20
894 996 21
951 996 30
954 996 30
991 996 43
992 996 45
995 996 47
11 997 3
82 997 3
112 997 3
133 997 3
138 997 3
142 997 3
161 997 3
202 997 3
207 997 3
212 997 3
219 997 3
273 997 4
318 997 4
326 997 4
335 997 4
359 997 4
361 997 4
369 997 4
375 997 4
424 997 5
434 997 5
440 997 5
448 997 5
476 997 5
484 997 5
488 997 6
516 997 6
633 997 8
668 997 9
671 997 9
683 997 8
688 997 9
722 997 10
737 997 11
788 997 13
793 997 13
816 997 14
827 997 15
836 997 15
874 997 19
875 997 19
888 997 19
925 997 25
936 997 25
955 997 28
994 997 42
11 998 3
82 998 3
88 998 3
112 998 3
133 998 3
138 998 3
161 998 3
180 998 3
202 998 3
207 998 3
212 998 3
221 998 3
273 998 4
307 998 4
326 998 4
335 998 4
359 998 4
361 998 4
369 998 4
375 998 4
424 998 5
434 998 5
440 998 5
448 998 5
476 998 5
484 998 5
488 998 6
516 998 6
633 998 8
668 998 9
671 998 9
683 998 8
688 998 9
722 998 9
737 998 11
788 998 13
793 998 13
816 998 14
827 998 15
836 998 15
874 998 18
875 998 19
888 998 20
925 998 25
936 998 26
955 998 29
994 998 43
997 998 44
11 999 3
82 999 3
88 999 3
133 999 3
138 999 3
142 999 3
161 999 3
180 999 3
207 999 3
212 999 3
219 999 3
221 999 3
273 999 4
307 999 4
318 999 4
326 999 4
335 999 4
359 999 4
361 999 4
375 999 4
424 999 5
434 999 5
440 999 5
448 999 5
476 999 5
484 999 5
488 999 6
516 999 6
633 999 8
668 999 9
671 999 9
683 999 8
688 999 9
722 999 10
737 999 10
788 999 13
793 999 13
816 999 13
827 999 15
836 999 15
874 999 19
875 999 19
888 999 20
925 999 23
936 999 27
955 999 29
994 999 44
997 999 44
998 999 45
