1	28 
2	26 
3	16 
4	23 
5	21 
6	28 
7	16 
8	29 
9	21 
10	12 
11	23 
12	11 
13	19 
14	8 
15	23 
16	29 
17	25 
18	29 
19	17 
20	10 
21	8 
22	4 
23	10 
24	18 
25	16 
26	8 
27	22 
28	13 
29	17 
30	24 
31	28 
32	13 
33	14 
34	26 
35	17 
36	6 
37	15 
38	4 
39	19 
40	11 
41	21 
42	18 
43	29 
44	2 
45	19 
46	18 
47	26 
48	10 
49	12 
50	20 
51	13 
52	10 
53	10 
54	2 
55	20 
56	11 
57	28 
58	9 
59	4 
60	14 
61	5 
62	13 
63	5 
64	13 
65	2 
66	3 
67	22 
68	10 
69	18 
70	21 
71	12 
72	8 
73	6 
74	11 
75	2 
76	23 
77	2 
78	28 
79	22 
80	20 
81	19 
82	27 
83	29 
84	12 
85	1 
86	17 
87	20 
88	13 
89	10 
90	3 
91	22 
92	26 
93	6 
94	23 
95	14 
96	22 
97	11 
98	9 
99	11 
100	25 
101	22 
102	17 
103	14 
104	23 
105	22 
106	24 
107	18 
108	6 
109	4 
110	12 
111	25 
112	16 
113	27 
114	20 
115	12 
116	5 
117	29 
118	23 
119	10 
120	22 
121	16 
122	25 
123	1 
124	27 
125	9 
126	16 
127	5 
128	14 
129	1 
130	16 
131	12 
132	29 
133	29 
134	18 
135	19 
136	23 
137	16 
138	22 
139	21 
140	21 
141	10 
142	12 
143	20 
144	14 
145	2 
146	26 
147	27 
148	15 
149	19 
150	27 
151	25 
152	6 
153	2 
154	4 
155	14 
156	4 
157	23 
158	17 
159	20 
160	3 
161	18 
162	2 
163	26 
164	7 
165	3 
166	8 
167	15 
168	23 
169	16 
170	1 
171	8 
172	6 
173	28 
174	1 
175	9 
176	11 
177	19 
178	29 
179	4 
180	19 
181	16 
182	12 
183	6 
184	22 
185	22 
186	10 
187	5 
188	17 
189	9 
190	28 
191	29 
192	28 
193	6 
194	25 
195	2 
196	13 
197	23 
198	27 
199	29 
200	27 
201	2 
202	8 
203	26 
204	23 
205	16 
206	22 
207	20 
208	23 
209	18 
210	14 
211	6 
212	6 
213	5 
214	14 
215	3 
216	4 
217	3 
218	15 
219	26 
220	25 
221	9 
222	29 
223	7 
224	28 
225	17 
226	27 
227	19 
228	16 
229	18 
230	19 
231	26 
232	10 
233	3 
234	10 
235	4 
236	8 
237	5 
238	10 
239	29 
240	19 
241	20 
242	17 
243	19 
244	9 
245	24 
246	28 
247	25 
248	3 
249	11 
250	5 
251	14 
252	20 
253	8 
254	20 
255	17 
256	13 
257	14 
258	25 
259	26 
260	24 
261	19 
262	3 
263	10 
264	4 
265	15 
266	21 
267	23 
268	6 
269	9 
270	10 
271	22 
272	20 
273	8 
274	25 
275	23 
276	22 
277	26 
278	14 
279	19 
280	28 
281	11 
282	6 
283	8 
284	23 
285	15 
286	14 
287	27 
288	7 
289	26 
290	14 
291	18 
292	10 
293	18 
294	22 
295	27 
296	5 
297	8 
298	19 
299	14 
300	21 
301	11 
302	10 
303	9 
304	13 
305	23 
306	4 
307	9 
308	19 
309	24 
310	20 
311	27 
312	3 
313	18 
314	21 
315	28 
316	13 
317	3 
318	15 
319	21 
320	7 
321	11 
322	16 
323	11 
324	26 
325	17 
326	6 
327	7 
328	18 
329	8 
330	4 
331	22 
332	8 
333	10 
334	26 
335	14 
336	7 
337	4 
338	26 
339	10 
340	28 
341	25 
342	19 
343	17 
344	22 
345	17 
346	9 
347	2 
348	24 
349	8 
350	9 
351	20 
352	18 
353	17 
354	25 
355	8 
356	13 
357	15 
358	16 
359	7 
360	6 
361	21 
362	16 
363	13 
364	9 
365	18 
366	19 
367	6 
368	15 
369	4 
370	15 
371	10 
372	24 
373	8 
374	3 
375	25 
376	25 
377	27 
378	4 
379	14 
380	2 
381	20 
382	23 
383	18 
384	23 
385	8 
386	6 
387	25 
388	28 
389	23 
390	3 
391	27 
392	22 
393	10 
394	3 
395	23 
396	27 
397	5 
398	29 
399	9 
400	7 
401	17 
402	4 
403	3 
404	4 
405	19 
406	26 
407	28 
408	27 
409	11 
410	26 
411	3 
412	7 
413	22 
414	5 
415	28 
416	10 
417	19 
418	23 
419	11 
420	15 
421	3 
422	26 
423	27 
424	17 
425	13 
426	17 
427	2 
428	5 
429	7 
430	15 
431	13 
432	6 
433	6 
434	25 
435	9 
436	28 
437	2 
438	2 
439	20 
440	14 
441	8 
442	7 
443	28 
444	4 
445	18 
446	2 
447	28 
448	26 
449	8 
450	3 
451	24 
452	16 
453	14 
454	14 
455	18 
456	27 
457	11 
458	13 
459	13 
460	13 
461	3 
462	27 
463	12 
464	18 
465	28 
466	11 
467	1 
468	22 
469	20 
470	14 
471	1 
472	4 
473	29 
474	7 
475	14 
476	7 
477	26 
478	16 
479	18 
480	16 
481	25 
482	7 
483	9 
484	6 
485	23 
486	19 
487	29 
488	4 
489	9 
490	19 
491	22 
492	5 
493	6 
494	28 
495	15 
496	20 
497	1 
498	5 
499	16 
500	8 
501	17 
502	22 
503	26 
504	9 
505	28 
506	11 
507	25 
508	8 
509	20 
510	16 
511	24 
512	2 
513	8 
514	21 
515	14 
516	1 
517	9 
518	8 
519	8 
520	18 
521	10 
522	3 
523	22 
524	25 
525	23 
526	23 
527	24 
528	9 
529	24 
530	23 
531	13 
532	8 
533	10 
534	25 
535	18 
536	19 
537	24 
538	2 
539	11 
540	8 
541	16 
542	10 
543	3 
544	6 
545	16 
546	15 
547	19 
548	8 
549	14 
550	1 
551	24 
552	12 
553	18 
554	9 
555	10 
556	26 
557	8 
558	21 
559	16 
560	12 
561	5 
562	18 
563	14 
564	28 
565	22 
566	14 
567	11 
568	25 
569	25 
570	26 
571	27 
572	7 
573	6 
574	13 
575	19 
576	13 
577	22 
578	9 
579	6 
580	25 
581	29 
582	13 
583	6 
584	5 
585	14 
586	19 
587	10 
588	27 
589	10 
590	7 
591	26 
592	9 
593	10 
594	7 
595	8 
596	17 
597	5 
598	28 
599	18 
600	3 
601	16 
602	3 
603	24 
604	7 
605	28 
606	10 
607	14 
608	5 
609	27 
610	28 
611	27 
612	9 
613	12 
614	23 
615	6 
616	14 
617	8 
618	22 
619	17 
620	21 
621	16 
622	22 
623	15 
624	11 
625	12 
626	28 
627	17 
628	13 
629	9 
630	1 
631	25 
632	9 
633	26 
634	22 
635	13 
636	26 
637	5 
638	26 
639	28 
640	19 
641	12 
642	1 
643	16 
644	9 
645	16 
646	29 
647	16 
648	17 
649	9 
650	16 
651	25 
652	12 
653	9 
654	20 
655	2 
656	16 
657	26 
658	16 
659	23 
660	3 
661	21 
662	28 
663	7 
664	4 
665	10 
666	5 
667	14 
668	11 
669	11 
670	21 
671	23 
672	10 
673	5 
674	27 
675	6 
676	16 
677	10 
678	15 
679	23 
680	5 
681	14 
682	23 
683	16 
684	14 
685	8 
686	29 
687	25 
688	13 
689	19 
690	19 
691	5 
692	15 
693	13 
694	22 
695	19 
696	19 
697	22 
698	21 
699	17 
700	19 
701	8 
702	16 
703	24 
704	22 
705	3 
706	11 
707	3 
708	21 
709	11 
710	3 
711	17 
712	26 
713	25 
714	15 
715	11 
716	24 
717	4 
718	18 
719	1 
720	23 
721	5 
722	5 
723	23 
724	1 
725	9 
726	22 
727	25 
728	28 
729	22 
730	26 
731	25 
732	28 
733	2 
734	28 
735	25 
736	26 
737	8 
738	11 
739	19 
740	6 
741	27 
742	28 
743	5 
744	14 
745	26 
746	29 
747	5 
748	4 
749	28 
750	6 
751	28 
752	28 
753	28 
754	8 
755	12 
756	27 
757	18 
758	26 
759	25 
760	27 
761	12 
762	19 
763	8 
764	21 
765	17 
766	6 
767	28 
768	7 
769	9 
770	13 
771	29 
772	1 
773	8 
774	9 
775	22 
776	26 
777	11 
778	7 
779	11 
780	23 
781	11 
782	19 
783	10 
784	8 
785	17 
786	7 
787	11 
788	6 
789	29 
790	19 
791	3 
792	8 
793	20 
794	22 
795	20 
796	23 
797	10 
798	28 
799	23 
800	17 
801	1 
802	24 
803	25 
804	21 
805	18 
806	24 
807	12 
808	11 
809	26 
810	11 
811	7 
812	8 
813	2 
814	14 
815	9 
816	6 
817	24 
818	24 
819	8 
820	26 
821	24 
822	20 
823	1 
824	26 
825	27 
826	22 
827	17 
828	26 
829	2 
830	15 
831	11 
832	29 
833	5 
834	27 
835	29 
836	13 
837	14 
838	14 
839	3 
840	18 
841	3 
842	11 
843	4 
844	12 
845	25 
846	16 
847	10 
848	9 
849	14 
850	5 
851	15 
852	25 
853	15 
854	8 
855	6 
856	11 
857	26 
858	16 
859	25 
860	19 
861	26 
862	16 
863	27 
864	27 
865	9 
866	16 
867	16 
868	11 
869	8 
870	17 
871	14 
872	25 
873	27 
874	1 
875	11 
876	13 
877	3 
878	20 
879	17 
880	8 
881	4 
882	29 
883	17 
884	27 
885	18 
886	19 
887	22 
888	4 
889	3 
890	17 
891	10 
892	12 
893	27 
894	14 
895	4 
896	20 
897	10 
898	25 
899	3 
900	1 
901	17 
902	9 
903	26 
904	17 
905	2 
906	20 
907	8 
908	14 
909	17 
910	9 
911	9 
912	14 
913	19 
914	12 
915	6 
916	19 
917	3 
918	10 
919	23 
920	7 
921	25 
922	7 
923	21 
924	14 
925	5 
926	21 
927	9 
928	26 
929	16 
930	29 
931	11 
932	19 
933	10 
934	11 
935	28 
936	26 
937	20 
938	13 
939	22 
940	13 
941	19 
942	2 
943	7 
944	6 
945	27 
946	7 
947	29 
948	17 
949	27 
950	11 
951	29 
952	6 
953	26 
954	4 
955	23 
956	11 
957	28 
958	22 
959	15 
960	8 
961	17 
962	28 
963	11 
964	22 
965	4 
966	11 
967	28 
968	15 
969	8 
970	9 
971	21 
972	17 
973	20 
974	24 
975	26 
976	5 
977	10 
978	1 
979	7 
980	3 
981	4 
982	8 
983	1 
984	17 
985	20 
986	27 
987	29 
988	4 
989	11 
990	23 
991	3 
992	15 
993	7 
994	20 
995	4 
996	23 
997	7 
998	9 
999	25 
1000	13 
