13
33
25
17
13
21
38
8
13
17
13
7
39
37
32
32
22
20
10
34
17
23
3
37
36
17
20
25
36
1
27
31
27
19
4
10
25
7
29
5
36
27
37
8
26
26
8
5
3
28
4
25
10
16
14
31
39
30
32
8
8
23
22
32
2
8
13
10
26
1
35
34
38
11
14
12
19
2
34
4
26
14
13
3
11
36
26
3
13
38
17
13
20
36
20
11
3
3
11
25
36
23
11
26
33
9
31
34
6
4
29
19
11
11
37
15
6
9
8
19
33
16
20
37
2
39
12
11
5
36
27
5
18
18
10
28
5
25
37
26
4
1
22
39
31
4
3
17
14
23
33
12
9
19
17
33
30
10
28
20
11
4
10
13
39
14
26
37
11
27
23
22
19
13
19
9
24
14
9
39
13
13
33
21
10
18
32
12
33
36
22
8
25
26
6
31
8
7
39
27
10
37
11
21
19
39
20
14
25
16
8
21
36
5
37
2
6
15
5
7
19
10
8
13
28
6
4
34
19
20
26
14
30
21
5
33
6
29
9
27
9
3
19
36
35
2
26
27
23
17
29
1
7
1
25
3
11
15
18
31
19
19
25
8
4
16
35
34
33
22
10
9
11
2
33
27
4
2
37
8
22
33
18
16
9
30
28
26
8
24
33
30
27
23
31
19
36
6
8
19
8
32
7
7
3
39
26
6
35
39
8
23
14
25
11
24
31
28
3
7
7
21
38
39
30
25
35
9
25
26
19
17
11
26
11
1
8
21
33
5
23
26
15
34
36
26
25
7
26
26
37
16
28
36
13
8
5
39
25
1
33
5
8
17
37
6
39
29
29
1
25
37
34
18
16
31
33
12
23
23
34
26
17
14
15
28
39
23
29
29
8
19
12
1
11
9
6
31
7
28
26
31
10
28
15
2
16
24
26
3
25
22
27
8
38
23
28
22
3
2
30
22
12
19
36
35
4
33
9
18
22
11
14
19
5
26
12
14
27
19
37
17
28
24
12
11
2
10
31
20
26
37
18
29
33
5
28
15
39
8
36
27
2
33
31
39
35
22
14
2
12
16
15
23
32
9
38
27
9
22
31
21
30
19
13
15
8
10
11
38
15
24
31
31
24
27
31
16
8
4
38
8
4
8
37
37
10
16
27
33
25
26
35
14
34
11
16
39
11
30
35
28
1
6
6
16
33
33
33
33
34
20
37
18
29
21
14
11
34
35
23
23
16
26
7
14
22
2
18
9
19
6
15
4
4
27
36
16
24
24
15
37
34
32
29
24
30
22
36
6
36
36
38
20
36
25
23
20
8
6
31
22
15
36
9
21
33
18
28
28
29
19
14
23
28
26
16
38
38
28
6
18
10
38
27
12
2
33
10
23
10
33
5
25
9
9
27
36
31
20
9
33
31
31
11
33
27
9
6
14
17
3
19
16
16
39
12
20
19
20
28
4
8
28
32
36
27
25
21
32
14
24
8
4
17
13
19
36
25
21
7
38
7
17
29
26
25
33
27
1
11
33
14
3
25
17
17
20
13
9
5
9
16
30
22
10
4
37
26
4
8
7
20
8
37
8
28
6
14
26
8
3
5
33
29
22
36
28
14
18
17
10
33
22
36
11
31
25
26
10
23
23
31
23
28
3
9
19
14
38
33
37
10
32
23
18
10
8
22
5
36
21
22
28
14
32
28
5
19
17
28
11
16
39
29
37
9
10
22
18
26
36
20
5
13
16
11
22
28
27
25
6
19
28
9
6
22
9
13
33
27
11
5
11
18
10
29
16
36
38
7
33
39
39
8
18
17
39
14
25
9
39
22
11
19
17
25
16
3
32
17
36
26
28
5
22
8
36
26
26
31
10
19
7
10
9
32
33
36
10
26
36
25
19
8
36
23
6
11
7
29
25
8
14
23
10
4
3
16
18
16
14
13
36
11
23
8
16
10
3
33
28
32
3
11
3
16
32
32
17
28
28
23
20
33
31
20
36
18
11
22
33
10
6
11
14
23
23
6
27
22
37
32
36
29
36
8
39
25
26
4
3
28
14
36
6
19
18
16
4
31
17
33
19
26
8
23
13
3
39
6
33
26
29
8
14
7
28
22
6
16
4
9
7
14
9
22
27
11
25
16
22
37
37
14
32
10
32
23
28
32
3
36
11
9
9
16
17
28
19
14
32
36
16
23
17
22
3
36
27
26
28
22
6
33
14
14
10
36
23
23
26
8
14
9
9
17
33
16
27
19
8
10
3
22
11
10
8
36
9
