24
16
34
16
17
12
23
6
10
8
13
7
27
13
37
11
24
16
17
4
22
30
6
28
2
33
31
12
14
31
37
23
6
14
24
11
23
16
10
21
6
37
2
10
13
24
18
12
32
33
9
20
18
37
1
26
19
34
28
17
37
14
8
27
36
17
6
24
21
26
2
6
36
11
26
5
4
23
6
27
36
16
26
8
26
30
18
30
28
17
13
34
27
34
24
15
27
16
27
35
13
33
23
37
16
9
30
7
3
9
15
13
14
21
10
16
14
9
6
15
11
1
23
16
16
6
30
27
11
1
37
36
4
19
27
27
35
11
28
34
21
9
19
30
28
16
12
34
18
15
16
16
17
22
18
8
7
35
14
7
34
30
14
3
16
32
24
13
11
8
10
11
17
27
26
18
21
10
26
17
19
37
23
6
34
2
20
15
1
28
6
21
5
6
14
1
13
13
37
18
31
5
37
34
14
29
36
5
6
16
16
4
32
24
10
12
3
35
37
24
13
27
28
13
23
27
6
23
24
25
2
13
4
35
25
34
19
17
17
17
34
34
24
24
2
19
28
7
14
14
18
9
18
4
8
24
13
32
2
24
22
15
23
30
10
8
2
22
17
17
19
17
23
28
21
34
1
10
28
14
6
26
25
30
35
17
23
15
14
24
34
8
7
26
30
12
2
23
30
13
26
23
27
12
5
17
10
12
24
32
16
17
10
6
4
34
16
16
37
32
35
18
32
1
26
28
4
4
16
15
7
28
36
23
7
26
26
20
37
37
14
12
1
27
16
9
37
30
28
4
9
23
2
30
37
21
4
16
30
37
17
16
11
2
12
7
22
21
32
16
23
21
7
26
34
37
35
5
28
35
15
32
10
10
34
29
17
37
14
14
36
2
6
19
37
30
11
3
12
17
12
15
30
8
33
12
9
26
1
15
2
3
36
17
26
29
34
31
36
25
14
11
28
11
11
26
2
21
15
10
22
6
9
2
8
24
18
7
28
10
23
32
1
37
1
26
6
15
1
7
34
14
27
23
5
24
6
26
3
26
15
21
6
15
6
16
37
18
24
16
37
8
17
6
12
17
24
30
20
30
13
20
17
27
37
35
17
4
16
5
34
11
9
30
19
15
27
7
10
27
7
15
14
18
9
25
33
37
22
33
27
7
33
9
20
18
30
23
16
17
24
26
37
1
13
13
28
9
34
6
6
35
14
27
12
4
32
10
37
27
6
8
9
13
29
30
30
3
2
13
25
15
13
8
2
17
37
4
13
32
18
11
26
37
37
23
17
6
28
1
36
2
26
30
11
1
17
21
7
16
4
23
34
18
22
6
26
28
30
23
26
4
3
2
12
27
3
12
23
7
4
9
26
22
11
29
15
1
8
34
12
9
30
11
32
11
17
31
19
27
11
5
11
16
29
4
22
26
31
16
7
8
24
10
13
22
2
19
4
34
6
16
16
2
20
26
4
11
31
16
32
10
14
35
7
27
12
25
16
16
35
12
13
11
1
11
37
2
37
17
9
34
23
26
2
30
30
12
23
19
17
28
30
24
32
37
35
15
13
2
23
15
3
19
14
16
24
27
10
17
17
26
35
26
34
13
8
9
18
34
34
31
25
29
8
4
27
12
28
37
4
8
27
18
15
31
3
20
15
11
10
15
27
27
21
36
10
17
34
1
14
34
32
34
1
8
28
27
31
4
34
26
14
4
24
30
27
28
37
30
8
23
14
37
29
14
12
23
30
24
37
13
21
20
9
23
7
7
8
26
16
16
8
27
33
11
2
1
26
13
30
34
1
14
4
16
4
30
9
2
2
13
2
20
4
21
6
18
4
30
26
16
23
25
37
6
7
10
28
2
29
26
33
34
7
1
10
23
12
20
18
33
16
12
36
9
34
13
35
34
1
34
19
22
9
37
12
37
26
15
28
16
13
11
9
26
26
15
36
18
26
4
19
10
24
23
34
4
4
8
34
1
37
6
17
16
29
36
11
4
27
37
17
10
35
10
34
19
6
15
21
9
6
35
14
30
16
10
15
19
2
5
36
6
24
25
19
19
37
12
2
8
4
8
17
6
30
2
15
12
5
20
35
30
28
34
9
3
26
12
16
20
15
15
14
20
15
4
10
11
13
34
35
26
35
27
8
4
10
37
22
4
26
23
11
4
27
12
4
23
37
8
14
2
37
34
23
10
33
4
30
11
15
15
4
26
21
21
34
11
37
16
37
10
34
2
30
29
31
2
13
28
1
11
30
37
34
12
5
4
