10
12
21
36
11
36
28
15
9
27
10
31
5
30
8
9
36
35
34
6
36
19
30
36
1
15
3
8
30
17
5
36
26
5
24
30
27
33
15
19
3
31
3
1
30
30
33
14
19
21
20
8
31
8
21
21
21
6
23
24
30
12
26
17
28
7
36
24
30
21
30
36
29
22
6
16
12
7
26
28
2
4
24
10
31
7
27
28
3
36
12
27
3
12
23
23
18
29
36
13
30
16
14
21
6
11
34
17
8
10
16
35
13
1
8
14
24
15
17
35
15
24
21
10
27
4
27
19
28
26
24
8
16
20
28
31
17
14
6
27
18
27
17
23
4
14
5
10
9
27
7
18
22
16
27
15
3
10
17
35
26
29
6
34
20
10
6
11
8
15
19
16
5
18
12
21
22
29
1
21
27
19
32
5
5
7
6
4
25
2
15
10
12
15
13
32
20
5
26
19
25
35
27
4
13
18
4
31
34
2
33
24
5
21
22
1
24
35
35
34
13
4
7
24
33
28
22
5
6
3
34
35
20
5
23
28
8
10
19
13
28
31
15
7
9
13
11
1
2
31
14
13
18
29
24
1
11
8
22
3
34
28
1
14
3
34
19
17
1
8
27
20
34
5
1
7
35
35
24
25
8
32
18
2
14
13
21
11
32
29
11
22
11
23
4
14
27
16
4
12
1
2
2
28
25
3
35
10
17
26
8
12
16
10
33
22
6
7
4
13
23
11
25
12
16
17
22
23
35
21
12
25
34
2
10
17
15
27
25
2
25
12
16
33
13
3
18
12
26
26
13
28
6
29
31
25
1
12
23
4
7
35
20
22
21
31
34
7
4
19
34
31
33
26
11
31
29
11
15
34
29
18
21
16
16
6
18
16
6
15
32
2
17
28
14
20
1
6
28
1
32
35
29
3
9
13
21
20
3
11
3
14
32
27
28
33
26
9
27
4
25
1
12
3
25
20
29
17
31
32
1
20
12
21
26
32
21
25
15
15
12
14
25
1
26
20
6
20
19
1
6
28
21
14
14
2
32
3
11
14
29
1
33
12
18
25
16
32
9
19
20
14
2
7
32
17
16
33
17
7
7
1
9
34
9
15
26
21
32
9
19
4
1
3
32
7
25
27
12
17
18
33
27
26
9
20
2
22
25
17
25
33
2
29
29
18
7
6
1
23
22
26
15
32
18
23
23
35
25
31
6
33
18
26
19
23
15
22
26
2
7
15
23
34
14
6
26
14
34
14
32
3
21
11
28
19
34
9
2
25
34
4
12
22
20
28
31
4
6
11
29
34
11
23
7
14
7
9
19
23
4
7
31
33
34
23
25
20
11
14
20
26
14
35
32
26
3
21
31
35
23
27
34
12
33
12
31
35
22
26
1
19
29
11
18
27
11
33
35
31
9
31
11
32
21
21
14
33
26
1
18
29
34
14
31
9
18
2
31
34
23
25
21
14
18
18
12
7
19
15
2
2
29
9
14
7
12
1
33
27
33
15
7
9
27
32
15
34
9
31
19
2
25
28
9
34
14
28
9
1
27
18
35
28
25
18
3
31
35
22
25
35
18
18
34
33
22
29
11
1
29
26
18
22
1
7
21
15
18
3
7
22
29
27
22
7
19
6
15
21
29
27
28
19
6
22
1
6
27
34
21
29
3
25
18
22
28
29
28
2
18
18
28
6
2
25
14
2
19
29
15
33
33
28
19
7
14
11
15
22
33
1
22
1
21
31
26
29
18
31
6
22
3
15
26
26
19
15
21
3
26
15
19
34
34
26
3
6
19
15
25
11
7
2
15
18
27
28
7
21
22
34
21
19
11
7
31
15
26
14
11
18
33
19
12
26
11
19
28
12
33
14
21
25
29
6
33
25
26
12
15
28
34
6
19
6
1
6
28
25
33
11
33
6
21
28
12
14
1
28
33
1
34
7
29
19
6
28
29
6
6
6
11
28
28
18
25
34
6
11
15
11
6
28
33
26
33
29
18
25
21
21
6
1
15
6
29
14
14
6
14
6
29
34
26
12
18
26
34
7
34
25
25
14
29
7
7
33
12
6
1
26
6
18
6
33
12
25
28
26
12
18
12
18
33
6
21
14
25
12
21
33
18
26
7
7
12
15
34
7
21
7
34
6
14
12
12
7
33
14
12
33
7
21
34
14
18
15
33
15
21
15
12
12
33
15
7
33
18
15
18
12
33
14
6
14
12
33
12
12
14
18
12
7
7
15
15
18
15
7
18
14
15
7
7
18
18
15
18
12
