14
23
7
30
6
15
14
2
9
17
19
18
18
8
13
12
31
4
10
2
13
29
31
19
5
20
9
28
15
31
6
26
24
21
8
7
27
9
6
17
5
5
6
22
12
20
28
14
23
13
9
23
23
11
15
24
29
27
14
24
8
19
18
18
14
4
22
22
29
6
11
26
28
28
8
25
24
12
8
11
19
31
2
22
5
28
28
5
26
3
26
9
20
3
5
30
22
25
12
28
21
6
28
1
11
6
1
5
22
28
11
4
20
14
7
2
4
2
21
14
12
31
23
22
19
10
11
31
3
22
27
10
24
8
20
15
19
10
29
2
8
15
30
4
10
6
26
28
13
9
9
23
19
18
27
18
6
6
24
27
28
27
19
25
8
28
4
6
8
24
17
2
22
8
31
4
20
4
3
28
22
20
27
19
5
3
2
18
9
6
4
29
17
27
8
27
15
28
3
10
8
19
6
22
19
23
2
7
11
15
15
7
26
21
7
12
15
22
18
4
20
5
31
24
18
10
16
10
18
6
16
17
4
8
16
19
27
6
27
4
15
18
10
20
15
28
29
14
15
26
11
20
4
16
25
4
9
11
31
28
1
22
4
16
28
24
17
31
26
19
10
9
28
3
13
7
28
23
22
11
5
4
4
2
12
1
14
16
23
17
25
2
15
27
16
17
25
15
8
21
21
12
30
18
22
2
5
4
27
10
21
25
14
13
8
22
23
24
14
11
20
31
21
28
31
17
29
21
4
26
30
2
5
6
27
29
4
6
1
14
8
8
12
22
25
22
3
28
5
30
1
11
7
30
15
19
22
26
10
16
10
27
31
5
6
20
4
10
13
16
5
24
21
1
4
28
26
14
8
14
13
12
13
16
1
19
28
28
17
19
28
1
25
20
26
19
9
26
21
12
13
8
12
12
15
20
18
24
8
17
7
14
17
19
24
14
5
10
25
10
10
4
22
27
5
21
17
3
5
27
22
31
1
26
26
2
15
7
16
14
8
6
8
28
29
18
14
3
17
14
2
6
10
15
26
22
5
19
14
6
1
14
16
22
14
20
4
22
2
24
11
8
20
11
15
4
26
28
6
30
11
22
2
27
26
14
3
25
22
29
7
17
31
14
26
28
13
29
5
28
12
21
29
27
19
8
14
9
30
5
5
26
17
11
20
18
6
31
26
11
21
28
19
3
10
15
14
29
22
25
27
27
19
30
22
14
5
8
8
4
18
11
25
4
10
16
18
26
17
4
23
9
23
30
4
14
7
19
6
16
14
10
27
14
5
18
4
5
5
2
8
5
28
9
23
8
18
15
2
10
8
17
8
20
26
6
29
5
22
17
10
4
8
10
4
16
11
26
6
31
30
14
10
16
27
10
8
22
20
27
26
17
19
7
12
5
29
4
8
17
1
23
6
9
22
29
25
28
19
28
2
15
12
9
24
28
9
15
29
6
21
13
14
8
26
18
20
29
25
1
25
10
5
7
26
10
26
7
2
16
29
15
15
11
4
8
20
29
4
30
10
6
22
10
23
6
2
16
4
14
28
28
18
16
3
5
5
16
12
23
27
27
3
15
15
22
24
5
15
10
14
26
13
14
21
27
17
22
22
12
26
26
18
24
22
10
1
28
15
22
2
19
8
24
19
30
13
21
28
13
30
25
4
1
8
2
6
29
8
22
21
19
6
15
9
21
3
5
10
12
11
2
4
26
26
22
6
8
10
10
4
8
15
18
12
3
17
1
16
16
1
4
24
5
15
5
14
30
2
14
21
22
15
6
4
19
3
21
12
23
2
26
8
27
1
22
19
20
10
22
7
10
9
16
16
14
2
20
13
15
17
8
26
5
26
18
26
12
23
20
14
3
2
14
9
15
26
5
27
26
10
8
21
17
19
13
10
18
22
15
29
4
14
8
14
22
10
5
8
19
30
2
6
14
18
31
22
13
25
9
6
26
17
16
10
15
15
8
22
2
11
17
19
3
25
7
28
16
28
18
5
16
15
14
12
16
29
28
5
8
15
9
5
23
1
2
30
14
5
2
30
2
16
6
7
18
9
30
19
27
31
4
9
13
15
18
5
13
10
29
29
15
19
31
17
21
6
19
21
27
7
5
3
25
21
13
25
22
24
13
23
14
21
15
3
18
25
10
5
28
8
9
8
29
27
12
26
12
1
23
26
16
19
19
14
21
29
3
16
22
1
17
31
28
8
4
25
7
9
14
9
22
14
15
26
19
22
19
17
20
29
15
15
26
7
5
6
28
30
25
