4
7
17
32
30
7
27
6
37
39
4
32
16
30
16
16
26
26
6
9
20
1
24
1
27
6
31
31
4
32
30
26
33
22
6
28
29
10
6
17
13
31
30
27
25
3
36
24
10
9
30
24
7
26
11
31
21
13
34
16
23
26
4
18
14
39
1
26
28
1
34
10
30
39
33
34
31
9
23
26
15
10
30
24
2
14
31
26
9
27
24
11
16
12
31
12
16
35
26
31
25
30
21
3
4
4
9
22
19
3
31
6
8
28
22
6
33
33
35
26
33
23
8
39
9
35
10
33
10
24
21
11
10
18
3
9
34
16
1
35
27
30
1
15
37
9
27
35
36
35
30
25
4
3
30
31
31
13
33
16
29
23
11
1
30
30
10
12
3
27
7
37
19
24
23
19
1
17
9
26
29
18
32
7
17
24
1
10
5
10
24
35
10
38
16
25
36
23
35
23
10
16
6
30
30
30
10
36
17
18
26
38
29
11
36
28
5
30
23
16
29
16
32
3
23
33
1
16
7
1
3
39
9
6
36
35
38
23
39
13
28
39
39
1
39
29
26
1
34
34
1
26
8
24
30
25
15
19
5
22
8
35
26
28
20
17
26
23
9
19
20
18
33
30
6
26
19
4
23
2
24
30
4
11
23
7
31
4
33
28
18
25
11
26
16
35
10
39
11
24
24
31
33
21
29
16
29
33
37
35
4
1
39
3
16
2
33
31
7
14
24
12
30
1
17
23
39
35
16
7
34
6
36
12
31
3
37
26
16
9
1
16
1
2
31
8
16
38
27
10
1
19
13
18
39
39
20
24
17
6
15
18
16
16
35
26
5
25
3
14
31
19
30
21
34
22
37
14
4
26
8
7
1
30
10
18
1
6
28
31
24
15
16
26
34
18
27
26
24
2
22
27
10
21
25
39
5
13
10
22
22
25
36
12
27
18
18
27
9
7
16
21
7
7
37
11
25
29
33
7
30
39
16
24
10
18
10
2
7
31
1
13
35
26
1
13
14
35
31
23
7
20
1
16
3
16
27
31
38
33
5
20
14
3
23
17
20
27
11
16
11
8
1
26
28
6
15
4
15
5
10
35
8
39
26
37
24
33
31
24
39
9
10
7
28
1
34
16
21
39
38
3
26
22
35
16
25
18
38
25
32
16
3
31
39
1
4
16
24
14
9
4
33
30
2
18
33
6
29
16
8
9
39
37
39
10
39
6
5
4
33
18
2
18
23
22
12
38
14
34
30
27
33
9
18
31
15
4
10
39
8
31
3
27
10
22
3
2
15
4
18
34
34
10
24
29
31
32
24
28
20
31
1
11
39
37
34
18
28
34
30
24
15
31
24
24
36
4
29
20
1
35
27
9
37
23
16
9
29
16
5
7
30
2
12
12
4
31
36
28
10
7
16
29
10
4
19
34
15
30
27
18
33
37
19
35
9
26
21
30
34
29
11
5
7
35
4
18
39
16
24
7
36
15
6
18
22
33
7
26
31
27
8
8
39
37
26
16
18
26
35
30
34
16
7
4
4
16
1
33
1
6
35
21
18
7
32
31
2
2
25
21
4
35
39
22
34
20
25
24
34
22
31
25
9
16
17
3
3
15
30
30
10
16
39
1
14
9
25
12
29
9
30
30
26
10
12
5
30
9
18
21
30
1
38
4
10
1
33
5
30
11
12
4
34
2
26
21
15
18
23
4
8
39
6
23
25
3
19
4
10
18
22
16
31
20
10
1
38
17
9
7
10
10
35
24
8
10
1
26
9
26
18
23
34
31
10
4
2
26
1
22
33
5
39
30
24
4
18
16
12
35
37
11
34
4
2
10
30
14
21
9
23
33
23
38
1
25
20
25
25
4
10
30
27
32
33
35
18
23
5
1
35
6
10
19
8
10
3
22
35
39
22
11
34
7
3
19
20
1
35
18
31
21
30
27
5
1
27
23
31
15
26
10
13
19
3
10
9
35
24
10
8
36
22
22
35
19
21
24
1
17
26
23
13
3
8
10
6
1
34
4
37
10
27
9
34
1
7
4
12
31
2
16
31
24
31
7
31
6
31
35
38
35
35
8
16
26
38
39
34
14
18
4
24
32
4
6
1
35
30
39
10
24
12
4
6
15
5
8
16
5
33
24
24
10
3
7
18
24
31
23
7
30
1
4
1
34
38
31
4
27
17
33
38
1
15
26
18
18
22
4
4
13
38
9
36
29
16
26
32
32
34
1
6
10
3
4
24
26
36
19
32
5
27
6
16
33
29
39
