1
40
41
8
42
33
18
5
21
37
6
42
19
17
27
14
6
20
40
41
37
32
6
18
28
26
41
27
37
17
32
2
25
41
37
34
42
19
7
16
37
32
30
17
25
30
13
5
11
4
11
7
33
29
5
15
19
35
6
19
12
9
9
14
14
5
39
30
34
15
14
1
9
27
1
1
33
33
30
14
37
40
36
33
19
15
30
27
31
35
21
14
3
42
38
6
17
6
28
36
38
30
41
30
35
3
28
20
4
13
35
8
5
6
41
39
35
31
28
30
30
38
42
13
19
10
7
9
17
10
28
37
13
37
7
39
41
37
18
8
40
32
15
20
32
33
39
9
37
13
9
4
25
39
38
10
33
17
2
40
38
6
26
19
37
28
37
30
34
19
37
22
42
35
4
19
27
16
15
39
26
16
8
31
14
2
22
35
2
35
34
13
10
42
11
18
5
34
30
29
8
42
38
33
30
15
25
14
7
38
30
27
1
32
30
37
3
17
38
33
33
39
7
15
41
41
21
14
40
6
27
39
17
6
39
41
30
30
12
31
29
32
21
41
4
5
5
34
25
9
6
15
7
37
40
42
35
30
23
42
33
1
13
2
30
37
17
38
3
28
11
14
14
39
34
1
34
28
23
37
41
30
8
5
13
25
3
9
29
25
30
1
9
17
28
31
6
27
39
7
18
15
33
28
32
18
24
39
28
39
38
37
3
3
30
28
35
16
5
32
39
31
39
2
6
37
18
25
39
42
7
28
21
38
7
42
18
23
14
27
30
36
28
33
10
6
34
6
21
37
3
42
17
39
40
23
40
3
16
39
42
28
8
41
35
34
30
38
38
6
35
28
29
22
21
38
13
36
42
10
40
21
42
35
6
33
32
13
41
12
18
37
36
20
15
21
40
24
18
7
26
13
19
3
42
19
34
13
28
7
23
28
34
11
6
37
2
28
3
19
30
25
16
18
10
36
27
3
38
42
24
35
19
33
37
39
11
29
30
20
7
9
18
7
14
7
15
22
33
17
39
2
26
30
3
42
17
3
27
24
30
32
27
33
6
17
5
14
37
28
27
28
35
20
9
31
28
17
7
14
7
2
29
35
28
19
15
36
11
37
18
36
5
39
13
7
37
39
21
28
34
18
17
36
8
12
5
18
8
6
37
23
20
8
2
7
33
32
17
3
5
33
6
2
6
33
2
29
14
40
41
15
14
21
27
33
22
14
41
12
3
12
1
6
7
15
17
11
33
6
30
17
7
13
20
35
5
39
39
39
28
19
39
22
30
28
39
5
18
24
41
14
13
41
13
38
30
29
37
23
8
4
41
33
28
38
39
39
39
5
20
35
32
30
38
18
35
39
21
32
31
6
19
19
39
10
42
27
1
6
9
17
3
6
30
38
34
14
37
28
10
33
7
39
6
9
30
17
6
37
24
17
2
14
24
12
37
33
37
37
31
16
6
19
39
5
41
17
11
6
13
11
7
33
2
7
30
37
42
14
30
19
28
11
12
36
40
7
34
17
17
35
39
24
16
28
31
28
8
24
31
5
25
29
19
42
30
12
28
23
6
35
9
15
29
19
11
16
40
16
5
37
7
30
25
6
42
14
38
14
39
3
39
30
19
39
2
10
12
33
26
11
6
33
14
42
3
15
40
7
7
2
19
18
21
3
14
1
17
10
37
9
38
28
17
15
30
4
5
5
8
24
40
1
14
24
30
6
35
17
7
14
20
37
1
6
17
12
16
19
5
14
15
8
29
8
38
28
19
23
4
32
41
23
19
4
34
2
26
27
6
7
17
6
41
19
25
28
37
35
14
37
28
24
37
14
3
30
22
39
26
22
18
23
39
4
26
36
22
40
41
37
38
29
28
26
28
31
14
34
31
28
25
13
5
4
36
38
40
40
10
30
39
22
11
29
18
18
37
41
7
7
23
14
32
6
16
3
41
8
33
25
37
7
1
39
21
3
19
28
38
26
37
32
42
5
26
35
32
12
38
14
6
6
38
19
23
19
42
17
37
16
32
31
17
12
30
33
41
34
42
38
30
7
14
12
35
15
30
9
42
14
38
28
6
30
35
40
36
12
14
6
17
18
39
42
30
38
34
2
7
17
41
3
38
28
14
7
6
13
33
23
13
1
35
37
15
29
17
18
17
14
5
8
11
27
1
39
6
39
1
12
12
5
23
8
9
12
18
9
18
17
39
6
27
42
14
5
6
23
33
6
28
14
14
42
29
18
12
8
34
39
23
3
9
40
15
17
15
39
