27
8
22
41
22
7
30
40
27
25
16
38
12
19
35
2
24
32
5
23
23
18
4
3
11
6
22
15
30
17
22
32
2
2
28
41
29
14
34
4
41
20
38
20
8
37
36
35
2
2
20
28
7
21
8
16
32
19
36
15
38
30
24
5
12
1
21
33
39
35
35
41
16
3
28
28
7
10
37
31
41
33
14
12
8
38
13
10
4
24
39
38
14
9
36
40
35
21
35
18
4
16
7
22
6
6
15
7
26
21
12
10
31
14
41
2
8
6
39
8
20
7
36
8
18
5
24
40
33
38
41
34
8
33
29
17
3
34
38
14
6
36
5
28
14
3
33
31
1
9
26
36
35
4
20
38
8
19
5
14
19
39
28
29
7
8
29
30
4
20
5
39
33
35
6
3
14
15
5
29
15
5
35
1
31
29
13
24
1
36
11
31
4
31
3
31
19
2
28
23
41
10
10
35
14
15
14
4
24
9
30
5
12
20
14
39
15
20
4
22
35
21
39
29
30
22
14
1
16
35
39
41
33
30
23
36
40
33
12
13
7
16
27
9
34
32
24
17
26
8
38
11
29
4
37
14
34
24
41
12
30
21
6
5
28
11
4
17
15
6
32
27
40
1
9
32
1
31
9
25
18
10
30
36
29
23
16
29
17
2
19
3
13
8
14
24
11
14
9
41
5
30
5
1
29
40
16
26
10
33
27
6
13
26
8
6
10
30
26
20
19
8
38
7
5
32
37
16
35
39
16
13
11
12
21
6
41
8
40
12
16
32
40
4
3
16
37
5
15
8
25
36
33
9
18
17
41
10
39
33
37
6
27
19
27
36
25
23
12
1
34
23
37
7
41
32
16
40
33
8
20
5
41
12
12
6
37
6
15
18
2
6
14
3
21
24
29
27
8
37
23
14
4
36
29
17
39
8
18
35
34
25
18
23
41
5
10
4
14
18
17
24
37
34
19
14
23
10
17
34
18
8
21
38
30
8
39
13
17
5
13
29
15
31
34
4
1
39
15
36
22
6
29
16
1
8
11
18
24
26
26
19
41
41
3
7
13
9
32
19
29
2
14
21
2
25
11
27
33
38
30
28
14
40
31
31
1
40
33
17
24
5
26
8
36
24
36
38
8
3
33
31
20
1
20
35
41
29
17
33
13
25
30
35
39
4
21
32
11
29
14
22
29
35
25
14
5
20
7
8
10
26
22
19
9
22
30
15
8
29
22
14
17
36
38
21
20
14
41
29
17
39
27
37
38
37
35
11
17
38
28
8
13
16
38
17
5
34
21
34
6
25
16
18
18
10
18
15
34
18
41
17
5
16
35
5
41
13
19
30
33
31
6
17
10
24
11
3
33
18
26
25
36
19
28
8
24
25
38
28
35
6
20
35
16
37
5
16
30
20
27
28
24
8
41
9
3
31
18
36
30
8
38
19
29
24
5
9
38
38
29
15
17
27
35
38
33
22
27
2
35
38
38
6
19
8
16
1
36
25
8
35
5
36
5
7
12
33
41
36
35
35
8
28
17
31
9
24
5
38
14
36
15
32
5
27
18
9
32
17
41
33
35
30
20
33
1
27
12
8
6
38
38
7
4
25
5
9
7
33
36
41
37
9
32
31
2
19
8
27
33
6
1
29
22
24
20
25
29
15
17
2
5
39
8
4
3
41
22
6
19
2
29
36
35
33
9
7
29
35
29
8
2
12
19
6
32
30
18
7
5
35
12
33
8
14
6
1
29
22
29
15
41
41
12
20
6
25
33
15
41
6
32
17
8
20
25
3
35
3
35
7
32
41
8
25
8
8
4
39
14
5
36
33
19
25
20
17
32
17
3
14
29
7
14
25
35
18
9
33
31
14
39
31
14
6
38
16
35
39
35
25
1
9
32
1
17
38
16
31
25
32
41
31
32
8
30
19
3
17
17
14
18
5
1
3
20
39
33
39
4
25
18
25
38
41
8
31
1
8
17
32
8
1
20
18
16
18
20
4
16
32
17
19
7
19
20
20
30
19
20
35
20
17
30
8
17
38
38
24
33
5
17
14
1
41
5
17
24
25
17
31
4
18
18
38
33
30
29
32
4
14
14
6
36
38
17
35
6
29
25
36
14
30
4
29
5
20
20
29
14
5
29
14
29
25
30
41
20
5
14
17
8
20
33
25
18
41
35
36
18
30
35
5
30
5
14
8
5
35
17
20
18
33
41
6
14
6
17
35
38
35
18
14
17
20
17
41
8
14
33
14
5
14
6
5
35
6
17
29
