33
24
14
15
10
13
12
9
9
1
37
34
10
26
24
39
16
29
33
32
24
2
35
2
39
15
38
36
26
17
21
20
9
22
33
24
12
31
30
15
33
7
29
14
38
24
14
22
39
21
22
33
3
26
12
24
6
23
1
26
37
39
30
30
25
13
26
12
9
32
4
34
38
6
4
29
38
10
30
22
2
13
32
38
36
26
4
32
36
11
32
5
38
10
33
19
32
33
13
23
9
13
29
25
25
15
34
26
39
6
25
8
3
8
39
6
14
19
30
33
36
17
6
19
33
7
13
5
1
30
31
5
21
30
22
15
27
33
6
26
32
17
34
8
36
28
36
9
36
5
36
18
17
24
30
24
22
6
16
1
17
16
2
10
12
27
10
23
16
24
39
7
10
39
6
15
17
20
18
2
30
32
10
33
5
35
5
33
12
31
5
32
23
23
36
36
15
35
1
33
6
26
30
13
11
36
32
33
18
14
17
13
32
6
24
36
10
36
19
20
30
27
8
35
22
4
36
32
26
31
19
24
17
16
10
28
25
17
18
15
33
16
33
12
22
16
26
36
9
8
32
9
6
23
38
36
3
35
25
21
21
12
26
29
39
21
26
32
36
6
39
36
36
13
19
39
27
6
15
16
13
18
20
39
39
14
30
7
6
19
14
30
32
10
37
20
26
3
26
18
5
20
32
18
11
27
32
27
6
39
13
33
22
29
36
29
7
33
32
26
32
30
24
17
33
36
37
39
25
1
12
24
25
26
14
11
23
2
1
23
18
8
35
29
17
32
26
39
18
21
26
4
33
38
9
23
12
15
24
35
32
29
37
1
12
1
16
27
8
2
29
31
33
33
12
17
24
24
32
36
15
25
4
11
36
36
18
17
20
5
25
38
15
39
4
26
24
25
20
32
4
33
17
10
17
6
39
32
16
36
22
3
32
12
24
8
15
6
15
21
17
15
15
36
15
26
39
21
33
16
16
17
17
31
28
22
39
11
15
20
12
28
12
13
28
30
31
34
9
25
3
23
39
19
15
33
15
24
8
12
16
30
33
30
8
18
2
5
29
32
22
32
25
27
30
6
17
15
24
15
10
24
29
11
26
20
34
37
21
33
28
24
12
32
26
36
15
31
24
32
24
39
17
39
37
39
17
34
4
5
30
2
24
39
6
24
31
15
29
18
23
24
11
3
3
6
39
23
30
10
20
34
12
12
36
7
17
6
16
21
27
4
15
19
15
4
4
11
13
18
29
4
24
30
14
14
9
36
36
30
20
22
33
15
15
24
36
29
24
15
4
26
31
35
33
7
4
26
29
16
33
5
39
17
4
24
33
1
26
6
28
36
36
30
6
11
28
32
15
36
29
7
27
3
13
18
32
3
13
29
19
2
24
25
6
19
12
4
38
37
33
37
18
8
9
10
12
30
15
10
16
21
8
18
18
5
11
15
23
36
39
12
36
2
9
29
2
32
4
32
16
18
33
7
32
23
19
27
14
6
25
17
25
6
32
17
37
4
18
38
2
22
9
30
20
30
13
6
15
34
19
32
29
10
36
33
9
24
25
1
4
32
28
19
12
12
26
36
32
13
27
4
13
30
6
17
26
39
3
4
6
30
32
36
38
27
33
34
20
7
14
8
39
6
38
31
30
15
33
35
8
19
25
18
26
6
30
25
25
32
30
24
36
23
1
31
14
24
1
27
33
35
25
32
14
33
28
5
26
13
24
23
39
14
17
36
36
28
30
19
4
20
14
34
39
15
18
15
34
12
16
13
30
21
11
5
18
17
24
15
18
27
32
17
7
28
33
31
23
24
30
15
15
38
31
32
4
9
15
3
30
17
36
20
35
9
36
39
17
15
30
1
27
32
26
28
13
24
5
15
17
25
6
36
35
4
9
2
37
33
12
32
37
38
36
15
39
37
25
20
25
38
5
38
15
25
14
17
17
39
36
6
11
2
17
12
22
29
8
14
1
18
2
39
32
7
13
8
18
18
31
5
6
15
20
38
25
4
11
33
29
4
6
24
20
30
33
17
1
9
10
32
15
12
26
15
7
30
20
36
20
26
30
2
13
39
7
7
13
18
4
29
14
24
7
26
6
33
16
39
6
33
26
5
5
39
10
10
13
39
1
27
24
12
25
25
30
17
1
26
6
4
36
33
10
18
18
18
7
32
16
5
27
1
39
20
29
24
6
29
16
5
15
20
7
4
38
18
7
30
6
38
33
38
29
25
18
6
38
4
6
33
10
20
20
4
17
17
39
26
