3
26
8
8
33
1
30
40
38
6
4
6
3
19
17
37
31
8
12
6
4
13
22
26
13
29
40
6
22
22
28
5
32
23
29
10
6
28
8
31
21
7
27
24
39
1
31
12
29
14
21
21
15
24
31
10
20
41
33
16
35
11
20
14
26
26
13
27
34
38
19
30
30
30
28
8
31
22
20
8
11
8
32
1
12
30
18
35
18
22
13
32
13
5
1
9
38
26
12
15
29
20
19
37
4
26
12
23
19
41
15
25
19
9
27
30
34
2
24
18
36
1
23
2
17
12
5
16
6
15
6
25
40
30
24
5
13
13
8
40
8
30
21
2
5
16
2
32
14
34
10
30
16
1
15
28
23
23
30
8
37
8
32
34
8
31
40
20
24
22
20
14
22
19
18
36
27
4
22
25
11
29
3
26
27
30
1
13
23
21
10
25
23
27
5
26
28
34
34
12
19
12
21
19
32
18
14
10
27
13
22
13
19
11
16
41
41
33
24
11
6
22
21
32
8
3
7
25
33
10
16
23
36
4
8
23
10
26
3
11
18
1
22
6
19
1
21
18
26
27
41
10
3
30
31
20
8
22
22
35
8
5
14
9
19
32
34
2
15
12
15
23
15
17
10
1
5
19
12
2
23
24
26
26
41
38
18
23
7
19
22
22
16
33
18
12
12
23
15
22
39
39
40
8
21
16
36
23
36
23
32
30
20
10
41
32
27
23
20
24
36
36
19
26
4
24
7
11
3
28
19
33
11
10
37
8
19
33
35
8
39
22
7
22
6
11
30
37
18
39
3
19
40
34
26
8
21
35
1
27
34
6
36
17
19
2
35
3
28
20
23
24
13
19
28
6
15
12
10
23
29
12
31
25
4
33
19
11
17
3
19
28
28
7
17
26
8
30
32
15
40
41
13
6
9
14
22
39
3
10
27
8
41
17
38
23
30
30
35
23
32
9
33
37
36
22
20
17
33
10
14
40
3
3
28
6
6
19
30
29
20
1
6
26
5
7
21
19
18
29
3
36
19
12
20
15
19
6
35
31
5
1
9
5
7
5
4
23
16
28
26
12
8
22
22
34
13
32
20
1
16
5
35
6
41
20
10
7
8
30
19
8
37
34
24
33
14
29
19
28
22
22
20
37
5
23
23
26
32
34
20
34
20
15
5
18
5
9
32
4
30
1
38
8
34
30
27
22
19
4
38
22
32
34
28
20
26
12
41
1
26
40
3
38
20
21
9
9
26
40
17
4
40
12
27
12
37
30
24
35
6
3
19
14
17
3
26
19
6
2
23
18
1
15
30
28
4
38
23
26
16
41
4
30
22
19
25
39
30
21
8
12
29
20
22
39
30
4
35
31
37
14
20
1
8
2
35
3
31
37
6
10
18
31
12
1
8
12
25
12
12
23
18
35
23
2
38
6
2
5
30
18
26
18
23
19
1
3
3
32
38
30
23
13
3
20
30
9
3
4
23
21
14
29
10
39
37
8
35
5
23
21
28
36
32
38
38
10
32
8
3
35
21
35
28
5
17
36
37
8
36
37
23
6
23
11
41
23
38
25
26
6
8
22
7
26
25
6
1
25
32
8
30
39
17
13
22
23
24
8
32
2
20
23
39
35
40
23
9
40
4
12
31
13
38
13
34
25
16
28
30
31
26
20
22
37
9
4
5
5
5
2
30
10
24
14
19
19
23
19
32
30
29
22
26
34
20
37
13
29
20
39
7
13
7
39
35
21
15
23
32
36
15
7
32
1
1
26
10
12
19
5
20
30
26
26
3
5
38
41
3
20
30
20
19
35
7
4
22
20
8
6
21
22
21
30
6
3
19
39
39
30
20
4
7
12
16
6
31
20
4
6
28
35
16
26
6
16
8
36
39
6
12
34
26
37
26
22
23
3
8
22
35
20
4
8
36
26
20
12
8
15
15
23
28
18
15
19
37
36
38
28
31
3
20
3
5
15
21
19
12
19
8
19
15
30
20
22
15
22
1
30
28
30
8
18
26
30
21
36
3
13
32
26
30
5
35
8
34
21
20
8
36
20
3
38
19
20
37
20
20
1
12
13
18
10
23
32
23
19
35
20
28
12
19
5
19
23
10
28
12
20
12
34
6
28
12
6
12
12
12
21
26
23
3
21
19
26
30
34
26
8
12
12
15
30
19
19
1
34
20
15
30
22
26
6
26
32
6
12
22
1
35
28
23
28
32
12
12
26
23
12
8
5
35
26
6
30
21
6
19
35
21
23
5
30
12
28
5
6
