25
6
9
21
32
29
28
24
35
19
5
13
21
41
9
13
32
24
17
24
41
18
44
23
40
40
39
20
13
38
16
35
23
24
13
5
25
8
2
35
40
34
26
5
14
10
15
30
18
20
6
4
21
9
7
9
40
34
9
26
37
2
35
1
20
10
8
15
4
30
9
1
41
28
6
37
5
17
29
13
26
42
41
19
39
36
20
5
21
27
29
25
3
3
4
3
35
5
24
2
31
17
7
21
40
44
19
28
3
22
43
17
23
2
38
28
23
21
38
1
43
9
37
31
40
16
32
32
12
8
12
18
20
44
33
36
33
26
38
25
15
8
25
27
29
27
32
19
36
20
5
18
35
28
1
18
13
44
41
27
11
13
26
44
43
17
26
5
24
40
38
29
41
4
24
19
19
44
9
42
14
23
11
27
20
6
25
41
32
33
2
26
13
33
35
16
10
8
44
13
28
3
40
13
30
35
18
15
41
21
24
22
22
42
9
7
15
36
28
32
33
39
2
42
42
39
29
34
14
36
22
43
14
34
8
9
22
32
10
13
19
29
28
10
20
21
16
23
34
20
43
33
35
8
3
20
11
1
11
10
7
37
8
34
24
36
27
3
32
31
16
37
32
38
39
23
7
35
16
4
2
8
44
14
3
1
30
21
17
13
30
9
14
10
2
41
31
4
20
22
9
15
14
7
41
16
41
22
36
26
32
16
19
10
6
41
18
10
1
15
6
1
3
14
1
44
33
40
26
20
38
29
27
7
20
43
3
1
27
23
34
30
30
33
41
1
13
17
44
30
10
11
39
16
41
37
14
15
31
11
21
31
7
25
28
4
5
23
18
40
43
25
19
4
27
11
6
6
40
28
34
12
37
7
42
24
34
5
11
20
6
12
11
19
14
4
36
12
7
18
33
5
16
6
23
22
31
24
20
21
16
6
13
13
9
19
36
37
41
14
23
43
42
29
27
6
4
20
25
31
18
30
9
23
29
14
27
20
23
15
18
10
42
22
5
33
33
10
3
42
29
14
14
23
19
23
23
14
38
38
35
43
2
32
31
19
11
25
5
17
15
7
37
30
22
27
39
36
26
4
12
18
10
14
36
41
24
6
38
16
34
30
36
25
2
41
10
32
22
17
43
9
39
43
26
38
20
33
2
25
15
30
25
32
42
24
23
11
10
37
7
31
25
37
33
17
19
37
33
2
8
24
34
34
8
16
31
9
8
16
6
30
42
5
14
22
19
7
24
42
39
39
26
24
14
23
5
22
33
10
31
17
11
6
36
8
12
41
22
34
41
11
41
5
9
9
39
13
15
8
12
9
19
5
5
8
5
43
6
12
8
15
13
43
24
5
23
14
11
20
43
32
13
30
8
39
2
36
26
2
34
12
6
12
11
10
16
33
24
23
12
11
15
6
7
38
33
31
24
32
7
25
38
38
34
41
19
42
38
5
2
9
13
15
32
12
24
2
25
17
42
26
36
18
9
12
34
19
33
19
39
16
18
14
9
16
12
25
33
2
8
13
31
22
17
8
31
12
41
26
2
41
13
17
9
10
15
2
13
18
22
5
9
17
11
12
34
20
18
15
22
8
19
23
10
23
15
14
7
26
24
6
33
9
6
26
34
17
41
13
19
18
26
19
17
26
12
20
5
11
8
38
33
6
38
5
10
16
5
9
5
16
22
22
34
26
5
31
23
10
10
25
33
34
39
39
23
19
22
32
16
8
24
38
39
42
39
5
11
31
34
16
8
22
18
31
5
13
11
8
10
15
42
42
5
41
23
31
5
15
16
13
34
24
6
17
15
23
11
16
19
34
11
42
25
5
25
6
17
20
14
39
11
33
42
13
39
39
17
8
42
13
6
39
11
13
24
39
24
39
13
22
8
5
6
33
19
5
39
42
33
8
20
25
19
5
25
13
34
19
25
13
9
34
16
10
16
42
14
13
8
20
19
13
17
42
16
34
13
14
14
17
8
17
42
41
8
20
23
8
41
24
20
24
17
39
39
14
6
23
39
8
13
8
16
39
8
23
14
8
20
25
24
14
5
23
8
8
39
13
23
19
14
16
17
25
5
9
20
5
13
13
39
20
14
17
24
8
17
39
25
33
24
23
23
5
23
23
13
17
16
25
17
33
19
13
8
25
13
33
16
5
13
16
33
19
19
33
39
25
17
33
23
17
17
25
39
8
25
23
33
5
25
5
25
5
5
39
23
5
23
13
25
8
23
25
25
8
23
23
8
8
5
5
25
23
8
25
23
23
