0 23
0 25
0 66
0 79
0 111
0 158
0 165
0 231
0 258
0 292
0 315
0 325
0 340
0 375
0 399
0 407
0 417
0 443
1 90
1 136
1 180
1 191
1 196
1 197
1 219
1 220
1 255
1 282
1 318
1 329
1 334
1 398
1 428
1 450
1 491
1 494
2 46
2 69
2 153
2 172
2 186
2 220
2 250
2 254
2 267
2 275
2 302
2 303
2 352
2 365
2 367
2 430
2 436
2 488
3 92
3 110
3 146
3 160
3 182
3 232
3 235
3 242
3 264
3 269
3 337
3 339
3 366
3 380
3 448
3 464
3 483
3 487
4 10
4 196
4 219
4 238
4 246
4 249
4 265
4 280
4 284
4 291
4 320
4 379
4 403
4 441
4 456
4 462
4 477
4 491
5 14
5 128
5 158
5 179
5 234
5 241
5 289
5 306
5 323
5 337
5 339
5 364
5 377
5 403
5 414
5 431
5 459
5 498
6 61
6 74
6 113
6 190
6 231
6 252
6 256
6 284
6 286
6 369
6 380
6 412
6 434
6 439
6 462
6 471
6 476
6 498
7 19
7 43
7 63
7 64
7 77
7 109
7 114
7 139
7 236
7 239
7 323
7 353
7 399
7 407
7 408
7 433
7 468
7 485
8 11
8 162
8 177
8 189
8 196
8 198
8 223
8 278
8 314
8 316
8 318
8 325
8 360
8 366
8 411
8 421
8 448
8 478
9 32
9 45
9 64
9 88
9 99
9 166
9 181
9 194
9 202
9 212
9 224
9 236
9 329
9 385
9 395
9 423
9 425
9 447
10 4
10 51
10 62
10 67
10 79
10 102
10 124
10 135
10 164
10 296
10 312
10 342
10 352
10 394
10 395
10 406
10 421
10 486
11 8
11 35
11 38
11 44
11 83
11 88
11 118
11 224
11 252
11 334
11 345
11 404
11 413
11 421
11 453
11 472
11 478
11 491
12 38
12 62
12 109
12 164
12 207
12 222
12 224
12 240
12 243
12 245
12 268
12 360
12 402
12 421
12 431
12 453
12 474
12 478
13 26
13 104
13 119
13 245
13 255
13 267
13 269
13 362
13 363
13 370
13 395
13 398
13 413
13 425
13 437
13 448
13 462
13 486
14 5
14 133
14 224
14 232
14 242
14 278
14 283
14 300
14 324
14 329
14 370
14 377
14 419
14 425
14 434
14 454
14 489
14 496
15 32
15 86
15 143
15 194
15 202
15 203
15 209
15 212
15 219
15 221
15 322
15 360
15 385
15 392
15 435
15 450
15 458
15 491
16 18
16 27
16 30
16 65
16 91
16 125
16 131
16 176
16 204
16 214
16 225
16 306
16 309
16 312
16 336
16 394
16 439
16 463
17 58
17 69
17 82
17 94
17 95
17 136
17 157
17 191
17 203
17 284
17 298
17 336
17 415
17 428
17 458
17 477
17 487
17 491
18 16
18 23
18 43
18 165
18 218
18 235
18 252
18 281
18 286
18 292
18 332
18 374
18 399
18 407
18 419
18 467
18 468
18 485
19 7
19 38
19 47
19 62
19 138
19 139
19 194
19 202
19 228
19 247
19 255
19 273
19 346
19 356
19 358
19 390
19 427
19 450
20 46
20 57
20 82
20 121
20 124
20 188
20 202
20 221
20 230
20 239
20 253
20 281
20 340
20 354
20 357
20 371
20 396
20 397
21 51
21 88
21 120
21 126
21 173
21 190
21 211
21 268
21 269
21 308
21 313
21 316
21 334
21 357
21 377
21 405
21 476
21 498
22 24
22 51
22 59
22 120
22 157
22 171
22 203
22 238
22 257
22 269
22 273
22 311
22 313
22 348
22 382
22 387
22 401
22 462
23 0
23 18
23 63
23 86
23 88
23 104
23 170
23 193
23 238
23 292
23 346
23 366
23 375
23 386
23 407
23 467
23 479
23 487
24 22
24 35
24 45
24 66
24 107
24 124
24 127
24 136
24 140
24 182
24 227
24 228
24 289
24 322
24 329
24 375
24 438
24 442
25 0
25 34
25 97
25 101
25 102
25 150
25 177
25 195
25 210
25 251
25 350
25 359
25 396
25 449
25 451
25 459
25 474
25 479
26 13
26 37
26 59
26 65
26 94
26 171
26 254
26 281
26 318
26 328
26 330
26 365
26 366
26 373
26 420
26 459
26 469
26 496
27 16
27 42
27 55
27 59
27 82
27 120
27 171
27 204
27 209
27 240
27 249
27 278
27 279
27 323
27 392
27 453
27 478
27 482
28 48
28 168
28 179
28 196
28 215
28 223
28 224
28 243
28 267
28 283
28 300
28 348
28 384
28 397
28 414
28 426
28 458
28 473
29 57
29 106
29 125
29 132
29 147
29 149
29 150
29 218
29 249
29 277
29 289
29 300
29 301
29 316
29 341
29 410
29 422
29 439
30 16
30 52
30 120
30 150
30 157
30 174
30 175
30 237
30 275
30 284
30 347
30 402
30 422
30 445
30 473
30 476
30 488
30 493
31 35
31 73
31 123
31 160
31 202
31 312
31 322
31 375
31 383
31 401
31 417
31 424
31 434
31 436
31 440
31 449
31 450
31 462
32 9
32 15
32 85
32 90
32 96
32 116
32 150
32 287
32 296
32 328
32 348
32 426
32 429
32 436
32 448
32 461
32 488
32 495
33 71
33 138
33 146
33 159
33 166
33 228
33 258
33 276
33 315
33 317
33 385
33 392
33 404
33 447
33 449
33 450
33 453
33 455
34 25
34 52
34 113
34 125
34 154
34 177
34 182
34 195
34 266
34 291
34 309
34 322
34 342
34 385
34 426
34 441
34 479
34 488
35 11
35 24
35 31
35 48
35 50
35 84
35 108
35 133
35 181
35 209
35 236
35 346
35 379
35 418
35 427
35 440
35 449
35 455
36 41
36 79
36 85
36 131
36 133
36 144
36 171
36 262
36 276
36 287
36 348
36 366
36 379
36 399
36 426
36 440
36 469
36 478
37 26
37 56
37 76
37 187
37 205
37 241
37 271
37 274
37 323
37 330
37 340
37 382
37 383
37 400
37 463
37 473
37 497
37 499
38 11
38 12
38 19
38 46
38 61
38 118
38 159
38 207
38 233
38 245
38 252
38 286
38 385
38 411
38 421
38 465
38 466
38 482
39 42
39 66
39 79
39 110
39 111
39 127
39 138
39 153
39 180
39 214
39 222
39 260
39 264
39 283
39 345
39 358
39 461
39 485
40 72
40 103
40 156
40 158
40 159
40 250
40 259
40 264
40 305
40 308
40 313
40 314
40 337
40 364
40 370
40 377
40 442
40 456
41 36
41 93
41 96
41 150
41 188
41 261
41 300
41 301
41 319
41 325
41 342
41 363
41 375
41 439
41 443
41 447
41 483
41 484
42 27
42 39
42 141
42 158
42 196
42 222
42 231
42 243
42 250
42 291
42 323
42 367
42 384
42 390
42 411
42 422
42 432
42 493
43 7
43 18
43 54
43 58
43 59
43 71
43 76
43 111
43 150
43 156
43 187
43 203
43 326
43 416
43 443
43 464
43 484
43 492
44 11
44 68
44 94
44 131
44 143
44 155
44 173
44 176
44 217
44 237
44 338
44 363
44 392
44 410
44 443
44 460
44 472
44 482
45 9
45 24
45 48
45 107
45 117
45 149
45 171
45 183
45 191
45 322
45 332
45 409
45 418
45 427
45 440
45 449
45 450
45 454
46 2
46 20
46 38
46 66
46 105
46 219
46 248
46 253
46 281
46 283
46 292
46 295
46 307
46 345
46 384
46 400
46 412
46 417
47 19
47 53
47 94
47 132
47 167
47 214
47 299
47 327
47 328
47 330
47 332
47 367
47 371
47 373
47 439
47 452
47 475
47 494
48 28
48 35
48 45
48 57
48 71
48 120
48 182
48 208
48 242
48 281
48 345
48 365
48 371
48 378
48 426
48 431
48 439
48 451
49 54
49 61
49 74
49 173
49 199
49 200
49 201
49 225
49 232
49 313
49 365
49 382
49 398
49 414
49 425
49 474
49 493
49 494
50 35
50 61
50 135
50 139
50 236
50 238
50 276
50 299
50 331
50 344
50 353
50 380
50 392
50 408
50 432
50 446
50 467
50 468
51 10
51 21
51 22
51 84
51 114
51 180
51 194
51 200
51 254
51 270
51 293
51 300
51 313
51 327
51 396
51 415
51 474
51 494
52 30
52 34
52 92
52 101
52 114
52 147
52 148
52 153
52 170
52 185
52 206
52 342
52 347
52 366
52 428
52 441
52 454
52 476
53 47
53 135
53 150
53 182
53 213
53 242
53 250
53 322
53 323
53 328
53 330
53 332
53 355
53 413
53 420
53 422
53 431
53 452
54 43
54 49
54 175
54 195
54 230
54 237
54 253
54 270
54 274
54 276
54 325
54 339
54 408
54 424
54 427
54 451
54 476
54 479
55 27
55 108
55 112
55 124
55 158
55 163
55 199
55 227
55 245
55 255
55 293
55 303
55 362
55 422
55 425
55 437
55 448
55 491
56 37
56 72
56 99
56 114
56 156
56 160
56 167
56 282
56 289
56 297
56 306
56 309
56 329
56 376
56 382
56 432
56 441
56 484
57 20
57 29
57 48
57 66
57 117
57 145
57 148
57 189
57 205
57 256
57 273
57 288
57 344
57 345
57 374
57 426
57 431
57 481
58 17
58 43
58 76
58 116
58 136
58 142
58 173
58 191
58 219
58 284
58 291
58 355
58 356
58 358
58 360
58 445
58 477
58 483
59 22
59 26
59 27
59 43
59 83
59 88
59 106
59 121
59 141
59 240
59 244
59 248
59 261
59 262
59 278
59 323
59 390
59 484
60 138
60 152
60 158
60 159
60 204
60 209
60 228
60 238
60 251
60 346
60 380
60 392
60 409
60 420
60 427
60 435
60 449
60 452
61 6
61 38
61 49
61 50
61 70
61 74
61 80
61 86
61 120
61 201
61 208
61 301
61 311
61 326
61 327
61 423
61 454
61 494
62 10
62 12
62 19
62 112
62 123
62 152
62 156
62 202
62 272
62 315
62 346
62 356
62 392
62 427
62 448
62 451
62 465
62 499
63 7
63 23
63 65
63 76
63 165
63 170
63 196
63 219
63 268
63 304
63 340
63 391
63 402
63 407
63 417
63 424
63 433
63 435
64 7
64 9
64 107
64 235
64 270
64 291
64 329
64 346
64 350
64 356
64 375
64 392
64 401
64 432
64 447
64 450
64 457
64 465
65 16
65 26
65 63
65 71
65 86
65 110
65 120
65 169
65 265
65 273
65 318
65 387
65 440
65 443
65 471
65 474
65 480
65 494
66 0
66 24
66 39
66 46
66 57
66 78
66 87
66 140
66 239
66 244
66 254
66 260
66 372
66 374
66 380
66 455
66 464
66 475
67 10
67 74
67 128
67 173
67 183
67 235
67 239
67 277
67 283
67 310
67 320
67 321
67 337
67 362
67 380
67 381
67 396
67 406
68 44
68 98
68 104
68 130
68 180
68 270
68 292
68 335
68 341
68 347
68 358
68 389
68 390
68 393
68 446
68 457
68 472
68 495
69 2
69 17
69 94
69 129
69 146
69 165
69 186
69 246
69 298
69 318
69 330
69 332
69 365
69 415
69 441
69 452
69 467
69 492
70 61
70 73
70 80
70 93
70 192
70 285
70 324
70 339
70 361
70 374
70 391
70 442
70 449
70 454
70 460
70 464
70 471
70 481
71 33
71 43
71 48
71 65
71 113
71 190
71 214
71 231
71 246
71 253
71 268
71 269
71 357
71 361
71 386
71 415
71 434
71 462
72 40
72 56
72 139
72 157
72 194
72 259
72 288
72 296
72 300
72 305
72 310
72 326
72 361
72 417
72 454
72 479
72 487
72 489
73 31
73 70
73 81
73 115
73 167
73 175
73 181
73 189
73 247
73 252
73 316
73 347
73 363
73 436
73 443
73 447
73 472
73 497
74 6
74 49
74 61
74 67
74 100
74 141
74 200
74 235
74 258
74 285
74 330
74 345
74 384
74 394
74 402
74 434
74 462
74 498
75 168
75 173
75 208
75 221
75 239
75 266
75 271
75 274
75 279
75 325
75 347
75 349
75 386
75 392
75 426
75 439
75 441
75 490
76 37
76 43
76 58
76 63
76 122
76 139
76 154
76 212
76 247
76 277
76 321
76 376
76 382
76 416
76 424
76 484
76 490
76 492
77 7
77 80
77 91
77 97
77 115
77 146
77 175
77 180
77 259
77 324
77 357
77 376
77 377
77 401
77 403
77 460
77 480
77 487
78 66
78 123
78 181
78 186
78 202
78 206
78 212
78 271
78 293
78 315
78 356
78 377
78 385
78 418
78 427
78 444
78 446
78 480
79 0
79 10
79 36
79 39
79 86
79 99
79 185
79 229
79 235
79 244
79 255
79 262
79 308
79 317
79 336
79 415
79 423
79 475
80 61
80 70
80 77
80 84
80 134
80 136
80 192
80 310
80 318
80 321
80 337
80 379
80 402
80 437
80 438
80 460
80 464
80 482
81 73
81 139
81 155
81 177
81 178
81 243
81 276
81 293
81 296
81 312
81 334
81 391
81 405
81 412
81 436
81 443
81 447
81 461
82 17
82 20
82 27
82 145
82 182
82 234
82 256
82 281
82 289
82 330
82 365
82 378
82 384
82 426
82 431
82 442
82 444
82 485
83 11
83 59
83 85
83 93
83 95
83 124
83 153
83 223
83 239
83 257
83 272
83 292
83 309
83 312
83 313
83 317
83 333
83 425
84 35
84 51
84 80
84 142
84 152
84 169
84 202
84 216
84 240
84 285
84 357
84 392
84 445
84 458
84 471
84 474
84 494
84 498
85 32
85 36
85 83
85 106
85 133
85 191
85 237
85 246
85 260
85 262
85 276
85 290
85 324
85 386
85 419
85 443
85 469
85 484
86 15
86 23
86 61
86 65
86 79
86 88
86 100
86 158
86 204
86 254
86 268
86 327
86 349
86 391
86 434
86 436
86 458
86 498
87 66
87 110
87 138
87 140
87 142
87 168
87 214
87 244
87 272
87 279
87 312
87 319
87 327
87 343
87 396
87 416
87 438
87 478
88 9
88 11
88 21
88 23
88 59
88 86
88 118
88 141
88 159
88 228
88 252
88 261
88 314
88 354
88 366
88 376
88 390
88 482
89 93
89 120
89 154
89 193
89 196
89 220
89 286
89 349
89 387
89 397
89 401
89 418
89 434
89 474
89 476
89 493
89 494
89 498
90 1
90 32
90 112
90 152
90 183
90 188
90 211
90 226
90 239
90 294
90 315
90 382
90 392
90 405
90 413
90 437
90 470
90 490
91 16
91 77
91 99
91 105
91 124
91 153
91 185
91 189
91 192
91 198
91 240
91 257
91 281
91 380
91 394
91 412
91 422
91 479
92 3
92 52
92 116
92 131
92 134
92 135
92 149
92 178
92 252
92 262
92 287
92 295
92 320
92 322
92 336
92 379
92 429
92 439
93 41
93 70
93 83
93 89
93 99
93 133
93 145
93 169
93 190
93 215
93 268
93 269
93 313
93 319
93 386
93 431
93 462
93 474
94 17
94 26
94 44
94 47
94 69
94 148
94 175
94 186
94 199
94 213
94 250
94 278
94 333
94 343
94 373
94 376
94 422
94 428
95 17
95 83
95 114
95 174
95 226
95 263
95 268
95 298
95 319
95 372
95 388
95 423
95 445
95 456
95 480
95 488
95 495
95 499
96 32
96 41
96 115
96 129
96 131
96 157
96 180
96 261
96 266
96 276
96 301
96 316
96 357
96 379
96 439
96 459
96 478
96 498
97 25
97 77
97 106
97 116
97 125
97 190
97 247
97 262
97 276
97 316
97 339
97 363
97 423
97 443
97 471
97 472
97 486
97 490
98 68
98 277
98 312
98 335
98 339
98 381
98 388
98 400
98 401
98 423
98 444
98 446
98 456
98 457
98 465
98 477
98 485
98 496
99 9
99 56
99 79
99 91
99 93
99 125
99 133
99 134
99 142
99 183
99 230
99 239
99 300
99 322
99 336
99 358
99 447
99 472
100 74
100 86
100 208
100 219
100 225
100 269
100 285
100 287
100 308
100 319
100 332
100 349
100 387
100 398
100 428
100 474
100 485
100 498
101 25
101 52
101 163
101 174
101 175
101 183
101 186
101 188
101 195
101 221
101 270
101 272
101 327
101 348
101 368
101 412
101 437
101 488
102 10
102 25
102 103
102 125
102 137
102 148
102 180
102 214
102 225
102 309
102 336
102 358
102 371
102 392
102 430
102 455
102 469
102 494
103 40
103 102
103 105
103 182
103 222
103 239
103 256
103 281
103 295
103 302
103 304
103 307
103 311
103 354
103 369
103 371
103 466
103 473
104 13
104 23
104 68
104 127
104 160
104 179
104 181
104 277
104 288
104 290
104 297
104 355
104 389
104 393
104 446
104 457
104 458
104 459
105 46
105 91
105 103
105 108
105 140
105 145
105 161
105 215
105 223
105 230
105 249
105 256
105 292
105 342
105 397
105 406
105 412
105 448
106 29
106 59
106 85
106 97
106 111
106 116
106 167
106 258
106 262
106 270
106 284
106 296
106 316
106 375
106 382
106 389
106 436
106 442
107 24
107 45
107 64
107 112
107 123
107 128
107 181
107 199
107 228
107 273
107 309
107 375
107 392
107 418
107 436
107 444
107 451
107 472
108 35
108 55
108 105
108 129
108 130
108 205
108 206
108 245
108 274
108 356
108 362
108 378
108 405
108 413
108 425
108 437
108 441
108 470
109 7
109 12
109 135
109 183
109 212
109 218
109 222
109 345
109 360
109 373
109 404
109 421
109 438
109 452
109 466
109 478
109 482
109 493
110 3
110 39
110 65
110 87
110 153
110 225
110 249
110 288
110 303
110 307
110 333
110 367
110 380
110 395
110 396
110 399
110 406
110 418
111 0
111 39
111 43
111 106
111 126
111 145
111 205
111 229
111 239
111 282
111 286
111 326
111 372
111 415
111 424
111 431
111 484
111 499
112 55
112 62
112 90
112 107
112 115
112 130
112 178
112 188
112 240
112 267
112 270
112 293
112 304
112 402
112 413
112 448
112 470
112 496
113 6
113 34
113 71
113 120
113 125
113 149
113 169
113 269
113 273
113 285
113 319
113 349
113 374
113 385
113 397
113 411
113 444
113 491
114 7
114 51
114 52
114 56
114 95
114 136
114 177
114 191
114 226
114 303
114 398
114 423
114 445
114 451
114 466
114 467
114 480
114 483
115 73
115 77
115 96
115 112
115 140
115 192
115 193
115 232
115 264
115 291
115 300
115 310
115 345
115 361
115 402
115 435
115 460
115 494
116 32
116 58
116 92
116 97
116 106
116 118
116 150
116 171
116 246
116 247
116 298
116 309
116 316
116 394
116 410
116 428
116 438
116 469
117 45
117 57
117 128
117 162
117 184
117 233
117 263
117 290
117 335
117 349
117 381
117 401
117 420
117 444
117 457
117 459
117 482
117 492
118 11
118 38
118 88
118 116
118 121
118 164
118 171
118 195
118 199
118 247
118 290
118 314
118 380
118 430
118 442
118 449
118 482
118 493
119 13
119 122
119 155
119 171
119 230
119 232
119 259
119 263
119 308
119 337
119 364
119 373
119 386
119 409
119 442
119 458
119 460
119 489
120 21
120 22
120 27
120 30
120 48
120 61
120 65
120 89
120 113
120 199
120 200
120 268
120 272
120 387
120 442
120 450
120 469
120 499
121 20
121 59
121 118
121 141
121 143
121 196
121 209
121 248
121 300
121 310
121 323
121 333
121 353
121 360
121 390
121 400
121 404
121 406
122 76
122 119
122 154
122 172
122 199
122 250
122 288
122 318
122 328
122 330
122 352
122 365
122 375
122 383
122 387
122 422
122 430
122 493
123 31
123 62
123 78
123 107
123 137
123 147
123 149
123 156
123 202
123 227
123 239
123 248
123 315
123 375
123 385
123 409
123 416
123 457
124 10
124 20
124 24
124 55
124 83
124 91
124 140
124 182
124 185
124 198
124 317
124 321
124 363
124 393
124 414
124 427
124 448
124 486
125 16
125 29
125 34
125 97
125 99
125 102
125 113
125 183
125 223
125 253
125 260
125 264
125 283
125 333
125 409
125 475
125 486
125 492
126 21
126 111
126 143
126 149
126 155
126 178
126 215
126 217
126 326
126 336
126 351
126 360
126 409
126 439
126 443
126 447
126 469
126 472
127 24
127 39
127 104
127 138
127 166
127 194
127 248
127 256
127 258
127 289
127 329
127 332
127 356
127 363
127 435
127 440
127 465
127 489
128 5
128 67
128 107
128 117
128 162
128 179
128 212
128 274
128 279
128 288
128 331
128 343
128 381
128 391
128 415
128 417
128 446
128 477
129 69
129 96
129 108
129 184
129 193
129 194
129 236
129 238
129 344
129 374
129 385
129 387
129 408
129 429
129 433
129 465
129 467
129 468
130 68
130 108
130 112
130 137
130 152
130 211
130 228
130 241
130 250
130 255
130 268
130 334
130 344
130 362
130 370
130 437
130 460
130 470
130 479
131 16
131 36
131 44
131 92
131 96
131 137
131 150
131 155
131 174
131 301
131 313
131 331
131 342
131 394
131 429
131 439
131 443
131 468
131 480
132 29
132 47
132 149
132 150
132 155
132 176
132 178
132 184
132 195
132 247
132 256
132 257
132 360
132 372
132 400
132 409
132 439
132 469
132 481
133 14
133 35
133 36
133 85
133 93
133 99
133 143
133 149
133 150
133 206
133 220
133 396
133 400
133 429
133 439
133 461
133 466
133 469
133 478
134 80
134 92
134 99
134 144
134 153
134 204
134 225
134 259
134 272
134 309
134 312
134 322
134 324
134 333
134 378
134 384
134 433
134 455
134 473
135 10
135 50
135 53
135 92
135 109
135 151
135 170
135 217
135 218
135 239
135 258
135 326
135 344
135 374
135 389
135 425
135 440
135 467
135 468
136 1
136 17
136 24
136 58
136 80
136 114
136 165
136 256
136 265
136 271
136 278
136 295
136 319
136 351
136 391
136 428
136 456
136 491
136 495
137 102
137 123
137 130
137 131
137 152
137 188
137 190
137 205
137 211
137 267
137 293
137 294
137 311
137 373
137 425
137 442
137 448
137 470
137 474
138 19
138 33
138 39
138 60
138 87
138 127
138 160
138 175
138 198
138 209
138 213
138 325
138 357
138 375
138 420
138 427
138 435
138 449
138 494
139 7
139 19
139 50
139 72
139 76
139 81
139 172
139 217
139 232
139 352
139 353
139 361
139 374
139 399
139 407
139 433
139 467
139 482
139 484
140 24
140 66
140 87
140 105
140 115
140 124
140 157
140 198
140 236
140 239
140 272
140 297
140 305
140 317
140 378
140 395
140 406
140 421
140 433
141 42
141 59
141 74
141 88
141 121
141 150
141 170
141 177
141 222
141 233
141 240
141 314
141 315
141 390
141 416
141 455
141 466
141 468
141 498
142 58
142 84
142 87
142 99
142 152
142 153
142 169
142 180
142 187
142 235
142 243
142 244
142 267
142 306
142 312
142 358
142 396
142 402
142 498
143 15
143 44
143 121
143 126
143 133
143 173
143 231
143 234
143 247
143 249
143 261
143 262
143 339
143 346
143 379
143 400
143 410
143 422
143 430
144 36
144 134
144 171
144 201
144 222
144 231
144 233
144 236
144 242
144 248
144 323
144 403
144 435
144 448
144 451
144 453
144 466
144 489
144 493
145 57
145 82
145 93
145 105
145 111
145 158
145 215
145 238
145 244
145 269
145 281
145 295
145 313
145 327
145 345
145 384
145 388
145 456
145 481
146 3
146 33
146 69
146 77
146 200
146 209
146 259
146 305
146 387
146 398
146 402
146 404
146 406
146 438
146 442
146 460
146 470
146 474
146 489
147 29
147 52
147 123
147 150
147 157
147 190
147 210
147 214
147 250
147 274
147 275
147 332
147 338
147 350
147 369
147 386
147 451
147 476
147 488
148 52
148 57
148 94
148 102
148 151
148 213
148 254
148 328
148 330
148 352
148 361
148 365
148 397
148 422
148 452
148 465
148 469
148 491
148 496
149 29
149 45
149 92
149 113
149 123
149 126
149 132
149 133
149 291
149 296
149 305
149 338
149 363
149 367
149 378
149 408
149 436
149 443
149 468
150 25
150 29
150 30
150 32
150 41
150 43
150 53
150 116
150 131
150 132
150 133
150 141
150 147
150 176
150 257
150 271
150 301
150 430
150 472
151 135
151 148
151 181
151 216
151 217
151 251
151 258
151 268
151 280
151 297
151 304
151 344
151 353
151 400
151 404
151 419
151 433
151 468
151 499
152 60
152 62
152 84
152 90
152 130
152 137
152 142
152 188
152 238
152 267
152 284
152 286
152 294
152 362
152 363
152 370
152 389
152 413
152 484
153 2
153 39
153 52
153 83
153 91
153 110
153 134
153 142
153 183
153 237
153 261
153 270
153 274
153 309
153 313
153 395
153 396
153 443
153 483
154 34
154 76
154 89
154 122
154 156
154 173
154 187
154 256
154 326
154 329
154 354
154 372
154 376
154 382
154 383
154 432
154 473
154 490
154 497
155 44
155 81
155 119
155 126
155 131
155 132
155 230
155 261
155 265
155 332
155 338
155 339
155 358
155 379
155 404
155 410
155 449
155 488
155 494
156 40
156 43
156 56
156 62
156 123
156 154
156 165
156 206
156 312
156 313
156 376
156 405
156 424
156 463
156 468
156 484
156 492
156 497
156 499
157 17
157 22
157 30
157 72
157 96
157 140
157 147
157 195
157 208
157 270
157 279
157 342
157 350
157 352
157 359
157 438
157 476
157 488
157 496
158 0
158 5
158 40
158 42
158 55
158 60
158 86
158 145
158 193
158 218
158 238
158 258
158 283
158 314
158 340
158 344
158 408
158 433
158 483
159 33
159 38
159 40
159 60
159 88
159 181
159 227
159 237
159 255
159 262
159 320
159 329
159 344
159 385
159 418
159 435
159 440
159 466
159 490
160 3
160 31
160 56
160 104
160 138
160 166
160 201
160 230
160 302
160 315
160 356
160 373
160 380
160 392
160 418
160 435
160 450
160 456
160 465
161 105
161 182
161 234
161 250
161 251
161 280
161 290
161 291
161 292
161 311
161 320
161 333
161 334
161 351
161 388
161 391
161 454
161 480
161 491
162 8
162 117
162 128
162 164
162 184
162 187
162 194
162 221
162 302
162 316
162 331
162 345
162 361
162 381
162 401
162 435
162 446
162 485
162 486
163 55
163 101
163 175
163 177
163 206
163 221
163 247
163 249
163 289
163 325
163 331
163 342
163 350
163 367
163 368
163 383
163 451
163 469
163 499
164 10
164 12
164 118
164 162
164 165
164 171
164 193
164 196
164 222
164 240
164 242
164 244
164 278
164 341
164 347
164 360
164 411
164 453
164 477
165 0
165 18
165 63
165 69
165 136
165 156
165 164
165 236
165 238
165 264
165 285
165 320
165 336
165 340
165 394
165 417
165 468
165 470
165 490
166 9
166 33
166 127
166 160
166 167
166 202
166 204
166 209
166 268
166 273
166 292
166 347
166 375
166 385
166 418
166 431
166 437
166 459
166 489
167 47
167 56
167 73
167 106
167 166
167 190
167 225
167 231
167 249
167 276
167 296
167 301
167 319
167 356
167 410
167 429
167 433
167 445
167 461
168 28
168 75
168 87
168 189
168 213
168 215
168 229
168 245
168 256
168 281
168 307
168 345
168 353
168 356
168 378
168 403
168 415
168 422
168 481
169 65
169 84
169 93
169 113
169 142
169 179
169 190
169 199
169 234
169 243
169 265
169 327
169 348
169 362
169 370
169 389
169 415
169 453
169 462
170 23
170 52
170 63
170 135
170 141
170 193
170 226
170 238
170 240
170 301
170 333
170 360
170 406
170 407
170 408
170 417
170 487
170 490
170 496
171 22
171 26
171 27
171 36
171 45
171 116
171 118
171 119
171 144
171 164
171 181
171 225
171 231
171 252
171 322
171 366
171 474
171 478
171 493
172 2
172 122
172 139
172 185
172 186
172 194
172 213
172 217
172 303
172 305
172 307
172 318
172 328
172 332
172 342
172 352
172 364
172 408
172 496
173 21
173 44
173 49
173 58
173 67
173 75
173 143
173 154
173 199
173 253
173 259
173 269
173 286
173 313
173 319
173 348
173 459
173 468
173 471
174 30
174 95
174 101
174 131
174 177
174 196
174 208
174 210
174 275
174 296
174 302
174 347
174 378
174 407
174 445
174 451
174 469
174 479
174 488
175 30
175 54
175 73
175 77
175 94
175 101
175 138
175 163
175 192
175 195
175 206
175 229
175 275
175 347
175 363
175 404
175 476
175 488
175 489
176 16
176 44
176 132
176 150
176 177
176 261
176 276
176 338
176 363
176 383
176 392
176 401
176 430
176 436
176 450
176 468
176 469
176 472
176 483
177 8
177 25
177 34
177 81
177 114
177 141
177 163
177 174
177 176
177 198
177 206
177 237
177 266
177 275
177 353
177 386
177 423
177 462
177 479
178 81
178 92
178 112
178 126
178 132
178 228
178 261
178 262
178 272
178 304
178 354
178 369
178 374
178 379
178 400
178 446
178 469
178 477
178 485
179 5
179 28
179 104
179 128
179 169
179 189
179 231
179 234
179 254
179 288
179 302
179 308
179 343
179 381
179 385
179 393
179 401
179 450
179 495
180 1
180 39
180 51
180 68
180 77
180 96
180 102
180 142
180 191
180 198
180 260
180 276
180 321
180 394
180 406
180 452
180 463
180 475
180 486
181 9
181 35
181 73
181 78
181 104
181 107
181 151
181 159
181 171
181 201
181 212
181 260
181 315
181 322
181 326
181 371
181 430
181 449
181 473
182 3
182 24
182 34
182 48
182 53
182 82
182 103
182 124
182 161
182 223
182 230
182 243
182 295
182 328
182 378
182 388
182 412
182 450
182 483
183 45
183 67
183 90
183 99
183 101
183 109
183 125
183 153
183 235
183 256
183 309
183 321
183 353
183 391
183 406
183 447
183 455
183 486
183 492
184 117
184 129
184 132
184 162
184 186
184 209
184 254
184 261
184 277
184 279
184 293
184 341
184 389
184 393
184 401
184 424
184 444
184 478
184 495
185 52
185 79
185 91
185 124
185 172
185 198
185 204
185 232
185 260
185 272
185 283
185 326
185 341
185 372
185 392
185 399
185 455
185 469
185 486
186 2
186 69
186 78
186 94
186 101
186 172
186 184
186 206
186 215
186 227
186 246
186 299
186 344
186 365
186 420
186 422
186 430
186 486
186 489
187 37
187 43
187 142
187 154
187 162
187 207
187 258
187 317
187 359
187 382
187 383
187 411
187 429
187 432
187 435
187 445
187 449
187 463
187 499
188 20
188 41
188 90
188 101
188 112
188 137
188 152
188 211
188 218
188 244
188 260
188 293
188 294
188 303
188 405
188 413
188 470
188 487
188 495
189 8
189 57
189 73
189 91
189 168
189 179
189 195
189 215
189 223
189 307
189 327
189 345
189 363
189 368
189 384
189 395
189 403
189 426
189 473
190 6
190 21
190 71
190 93
190 97
190 137
190 147
190 167
190 169
190 208
190 273
190 277
190 285
190 301
190 311
190 387
190 443
190 447
190 474
191 1
191 17
191 45
191 58
191 85
191 114
191 180
191 215
191 246
191 255
191 258
191 262
191 290
191 309
191 320
191 334
191 423
191 445
191 477
192 70
192 80
192 91
192 115
192 175
192 218
192 229
192 241
192 242
192 259
192 300
192 304
192 305
192 312
192 339
192 414
192 416
192 467
192 497
193 23
193 89
193 115
193 129
193 158
193 164
193 170
193 218
193 233
193 255
193 258
193 314
193 316
193 340
193 408
193 433
193 449
193 456
193 463
194 9
194 15
194 19
194 51
194 72
194 127
194 129
194 162
194 172
194 215
194 220
194 225
194 227
194 295
194 329
194 346
194 392
194 440
194 465
195 25
195 34
195 54
195 101
195 118
195 132
195 157
195 175
195 189
195 237
195 327
195 328
195 342
195 347
195 386
195 406
195 421
195 433
195 497
196 1
196 4
196 8
196 28
196 42
196 63
196 89
196 121
196 164
196 174
196 252
196 278
196 323
196 343
196 366
196 452
196 453
196 471
196 478
197 1
197 206
197 225
197 226
197 251
197 263
197 280
197 303
197 307
197 316
197 331
197 355
197 369
197 397
197 398
197 442
197 455
197 465
197 482
198 8
198 91
198 124
198 138
198 140
198 177
198 180
198 185
198 214
198 258
198 283
198 317
198 370
198 390
198 394
198 400
198 407
198 437
198 475
199 49
199 55
199 94
199 107
199 118
199 120
199 122
199 169
199 173
199 242
199 273
199 311
199 313
199 357
199 361
199 376
199 380
199 416
199 458
200 49
200 51
200 74
200 120
200 146
200 287
200 311
200 319
200 320
200 344
200 357
200 364
200 383
200 390
200 415
200 426
200 458
200 462
200 483
201 49
201 61
201 144
201 160
201 181
201 204
201 269
201 285
201 286
201 308
201 319
201 326
201 338
201 369
201 386
201 437
201 458
201 462
201 471
202 9
202 15
202 19
202 20
202 31
202 62
202 78
202 84
202 123
202 166
202 241
202 259
202 344
202 346
202 435
202 443
202 464
202 493
202 497
203 15
203 17
203 22
203 43
203 204
203 205
203 207
203 282
203 355
203 376
203 382
203 425
203 433
203 463
203 471
203 484
203 487
203 497
203 498
204 16
204 27
204 60
204 86
204 134
204 166
204 185
204 201
204 203
204 208
204 244
204 257
204 260
204 266
204 336
204 352
204 354
204 358
204 406
205 37
205 57
205 108
205 111
205 137
205 203
205 207
205 229
205 249
205 279
205 288
205 289
205 306
205 321
205 336
205 359
205 463
205 492
205 497
206 52
206 78
206 108
206 133
206 156
206 163
206 175
206 177
206 186
206 197
206 211
206 247
206 274
206 305
206 350
206 359
206 386
206 441
206 479
207 12
207 38
207 187
207 203
207 205
207 229
207 252
207 289
207 306
207 326
207 365
207 372
207 388
207 395
207 416
207 452
207 469
207 478
207 492
208 48
208 61
208 75
208 100
208 157
208 174
208 190
208 204
208 210
208 237
208 271
208 274
208 279
208 315
208 354
208 359
208 371
208 386
208 457
209 15
209 27
209 35
209 60
209 121
209 138
209 146
209 166
209 184
209 225
209 228
209 322
209 329
209 334
209 337
209 412
209 435
209 436
209 466
210 25
210 147
210 174
210 208
210 235
210 270
210 271
210 275
210 312
210 319
210 350
210 359
210 364
210 368
210 393
210 441
210 450
210 482
210 483
211 21
211 90
211 130
211 137
211 188
211 206
211 228
211 255
211 267
211 290
211 293
211 307
211 330
211 362
211 366
211 370
211 374
211 390
211 425
212 9
212 15
212 76
212 78
212 109
212 128
212 181
212 228
212 328
212 351
212 378
212 380
212 392
212 418
212 423
212 440
212 450
212 488
212 497
213 53
213 94
213 138
213 148
213 168
213 172
213 214
213 246
213 294
213 310
213 318
213 332
213 411
213 420
213 430
213 437
213 457
213 479
213 496
214 16
214 39
214 47
214 71
214 87
214 102
214 147
214 198
214 213
214 221
214 225
214 309
214 320
214 334
214 355
214 358
214 396
214 405
214 486
215 28
215 93
215 105
215 126
215 145
215 168
215 186
215 189
215 191
215 194
215 230
215 243
215 256
215 261
215 305
215 359
215 360
215 412
215 497
216 84
216 151
216 218
216 257
216 258
216 281
216 292
216 304
216 321
216 334
216 337
216 340
216 383
216 399
216 408
216 417
216 468
216 472
216 485
217 44
217 126
217 135
217 139
217 151
217 172
217 227
217 255
217 304
217 305
217 344
217 353
217 364
217 399
217 405
217 407
217 417
217 449
217 467
218 18
218 29
218 109
218 135
218 158
218 188
218 192
218 193
218 216
218 230
218 236
218 292
218 326
218 377
218 397
218 408
218 417
218 463
218 499
219 1
219 4
219 15
219 46
219 58
219 63
219 100
219 265
219 275
219 298
219 320
219 334
219 347
219 351
219 354
219 369
219 409
219 434
219 445
220 1
220 2
220 89
220 133
220 194
220 251
220 263
220 265
220 282
220 290
220 320
220 353
220 361
220 391
220 408
220 423
220 453
220 480
220 491
221 15
221 20
221 75
221 101
221 162
221 163
221 214
221 254
221 266
221 270
221 271
221 332
221 349
221 350
221 353
221 372
221 441
221 460
221 488
222 12
222 39
222 42
222 103
222 109
222 141
222 144
222 164
222 233
222 248
222 280
222 304
222 367
222 368
222 390
222 440
222 453
222 463
222 468
223 8
223 28
223 83
223 105
223 125
223 182
223 189
223 239
223 241
223 253
223 274
223 287
223 368
223 371
223 388
223 397
223 419
223 435
223 467
224 9
224 11
224 12
224 14
224 28
224 228
224 263
224 265
224 290
224 301
224 303
224 320
224 334
224 369
224 377
224 391
224 396
224 429
224 463
225 16
225 49
225 100
225 102
225 110
225 134
225 167
225 171
225 194
225 197
225 209
225 214
225 272
225 312
225 321
225 332
225 388
225 395
225 458
226 90
226 95
226 114
226 170
226 197
226 229
226 251
226 263
226 282
226 284
226 294
226 303
226 344
226 355
226 380
226 398
226 423
226 436
226 448
227 24
227 55
227 123
227 159
227 186
227 194
227 217
227 228
227 267
227 278
227 305
227 306
227 322
227 385
227 427
227 437
227 446
227 450
227 465
228 19
228 24
228 33
228 60
228 88
228 107
228 130
228 178
228 209
228 211
228 212
228 224
228 227
228 236
228 435
228 438
228 462
228 487
228 497
229 79
229 111
229 168
229 175
229 192
229 205
229 207
229 226
229 281
229 282
229 289
229 306
229 339
229 343
229 372
229 376
229 383
229 406
229 497
230 20
230 54
230 99
230 105
230 119
230 155
230 160
230 182
230 215
230 218
230 278
230 345
230 351
230 354
230 368
230 371
230 402
230 431
230 497
231 0
231 6
231 42
231 71
231 143
231 144
231 167
231 171
231 179
231 240
231 241
231 248
231 302
231 314
231 339
231 349
231 404
231 482
231 493
232 3
232 14
232 49
232 115
232 119
232 139
232 185
232 242
232 264
232 310
232 333
232 339
232 351
232 377
232 389
232 417
232 422
232 461
232 483
233 38
233 117
233 141
233 144
233 193
233 222
233 278
233 280
233 292
233 324
233 360
233 404
233 411
233 413
233 418
233 456
233 461
233 478
233 493
234 5
234 82
234 143
234 161
234 169
234 179
234 241
234 364
234 371
234 377
234 403
234 433
234 438
234 442
234 454
234 467
234 484
234 489
234 493
235 3
235 18
235 64
235 67
235 74
235 79
235 142
235 183
235 210
235 244
235 260
235 272
235 316
235 333
235 336
235 363
235 380
235 416
235 496
236 7
236 9
236 35
236 50
236 129
236 140
236 144
236 165
236 218
236 228
236 314
236 340
236 381
236 405
236 407
236 417
236 453
236 467
236 493
237 30
237 44
237 54
237 85
237 153
237 159
237 177
237 195
237 208
237 254
237 266
237 275
237 310
237 368
237 371
237 376
237 386
237 441
237 460
238 4
238 22
238 23
238 50
238 60
238 129
238 145
238 152
238 158
238 165
238 170
238 246
238 262
238 287
238 303
238 353
238 417
238 471
238 490
239 7
239 20
239 66
239 67
239 75
239 83
239 90
239 99
239 103
239 111
239 123
239 135
239 140
239 223
239 283
239 309
239 380
239 395
239 418
240 12
240 27
240 59
240 84
240 91
240 112
240 141
240 164
240 170
240 231
240 248
240 314
240 359
240 369
240 391
240 405
240 411
240 429
240 493
241 5
241 37
241 130
241 192
241 202
241 223
241 231
241 234
241 242
241 256
241 276
241 277
241 308
241 315
241 414
241 464
241 487
241 489
241 497
242 3
242 14
242 48
242 53
242 144
242 164
242 192
242 199
242 232
242 241
242 284
242 391
242 409
242 414
242 424
242 438
242 442
242 479
242 487
242 493
243 12
243 28
243 42
243 81
243 142
243 169
243 182
243 215
243 268
243 281
243 295
243 307
243 320
243 345
243 359
243 371
243 461
243 473
243 481
243 489
244 59
244 66
244 79
244 87
244 142
244 145
244 164
244 188
244 204
244 235
244 257
244 272
244 289
244 321
244 336
244 402
244 412
244 427
244 450
244 482
245 12
245 13
245 38
245 55
245 108
245 168
245 255
245 265
245 267
245 272
245 293
245 302
245 315
245 370
245 396
245 405
245 437
245 470
245 474
245 492
246 4
246 69
246 71
246 85
246 116
246 186
246 191
246 213
246 238
246 282
246 328
246 332
246 352
246 367
246 373
246 420
246 441
246 473
246 484
246 496
247 19
247 73
247 76
247 97
247 116
247 118
247 132
247 143
247 163
247 206
247 263
247 265
247 276
247 316
247 373
247 438
247 443
247 447
247 461
247 491
248 46
248 59
248 121
248 123
248 127
248 144
248 222
248 231
248 240
248 252
248 281
248 288
248 314
248 315
248 343
248 365
248 366
248 437
248 451
248 466
249 4
249 27
249 29
249 105
249 110
249 143
249 163
249 167
249 205
249 262
249 266
249 315
249 316
249 400
249 410
249 412
249 439
249 447
249 461
249 487
250 2
250 40
250 42
250 53
250 94
250 122
250 130
250 147
250 161
250 254
250 260
250 284
250 328
250 367
250 373
250 385
250 418
250 422
250 430
250 448
251 25
251 60
251 151
251 161
251 197
251 220
251 226
251 274
251 280
251 339
251 350
251 355
251 362
251 398
251 428
251 445
251 449
251 452
251 474
251 480
252 6
252 11
252 18
252 38
252 73
252 88
252 92
252 171
252 196
252 207
252 248
252 257
252 314
252 324
252 367
252 390
252 404
252 418
252 476
252 478
253 20
253 46
253 54
253 71
253 125
253 173
253 223
253 271
253 303
253 308
253 345
253 346
253 353
253 354
253 368
253 371
253 384
253 436
253 473
253 481
254 2
254 26
254 51
254 66
254 86
254 148
254 179
254 184
254 221
254 237
254 250
254 352
254 365
254 373
254 389
254 405
254 422
254 437
254 452
254 496
255 1
255 13
255 19
255 55
255 79
255 130
255 159
255 191
255 193
255 211
255 217
255 245
255 273
255 294
255 300
255 362
255 370
255 405
255 413
255 439
256 6
256 57
256 82
256 103
256 105
256 127
256 132
256 136
256 154
256 168
256 183
256 215
256 241
256 260
256 304
256 371
256 411
256 412
256 426
256 481
257 22
257 83
257 91
257 132
257 150
257 204
257 216
257 244
257 252
257 283
257 301
257 312
257 317
257 325
257 350
257 384
257 394
257 395
257 419
257 475
258 0
258 33
258 74
258 106
258 127
258 135
258 151
258 158
258 187
258 191
258 193
258 198
258 216
258 262
258 292
258 304
258 344
258 347
258 374
258 455
259 40
259 72
259 77
259 119
259 134
259 146
259 173
259 192
259 202
259 260
259 264
259 287
259 308
259 310
259 321
259 335
259 360
259 361
259 399
259 476
260 39
260 66
260 85
260 125
260 180
260 181
260 185
260 188
260 204
260 235
260 250
260 256
260 259
260 283
260 309
260 380
260 383
260 387
260 397
260 402
261 41
261 59
261 88
261 96
261 143
261 153
261 155
261 176
261 178
261 184
261 215
261 272
261 276
261 287
261 404
261 429
261 430
261 447
261 450
261 466
262 36
262 59
262 79
262 85
262 92
262 97
262 106
262 143
262 159
262 178
262 191
262 238
262 249
262 258
262 276
262 301
262 330
262 349
262 393
262 497
263 95
263 117
263 119
263 197
263 220
263 224
263 226
263 247
263 265
263 294
263 322
263 340
263 369
263 375
263 398
263 428
263 441
263 456
263 461
263 474
264 3
264 39
264 40
264 115
264 125
264 165
264 232
264 259
264 294
264 339
264 364
264 367
264 382
264 396
264 402
264 409
264 416
264 419
264 420
264 476
265 4
265 65
265 136
265 155
265 169
265 219
265 220
265 224
265 245
265 247
265 263
265 284
265 292
265 333
265 337
265 355
265 368
265 391
265 423
265 439
266 34
266 75
266 96
266 177
266 204
266 221
266 237
266 249
266 270
266 274
266 297
266 341
266 359
266 393
266 445
266 451
266 455
266 459
266 479
266 487
267 2
267 13
267 28
267 112
267 137
267 142
267 152
267 211
267 227
267 245
267 308
267 311
267 362
267 405
267 406
267 420
267 428
267 429
267 448
267 470
268 12
268 21
268 63
268 71
268 86
268 93
268 95
268 120
268 130
268 151
268 166
268 243
268 273
268 286
268 327
268 337
268 364
268 375
268 415
268 434
269 3
269 13
269 21
269 22
269 71
269 93
269 100
269 113
269 145
269 173
269 201
269 275
269 290
269 296
269 310
269 311
269 411
269 424
269 453
269 498
270 51
270 54
270 64
270 68
270 101
270 106
270 112
270 153
270 157
270 210
270 221
270 266
270 276
270 282
270 296
270 325
270 342
270 359
270 386
270 480
271 37
271 75
271 78
271 136
271 150
271 208
271 210
271 221
271 253
271 274
271 325
271 335
271 342
271 347
271 359
271 389
271 434
271 435
271 456
271 476
272 62
272 83
272 87
272 101
272 120
272 134
272 140
272 178
272 185
272 225
272 235
272 244
272 245
272 261
272 350
272 351
272 370
272 407
272 455
272 475
273 19
273 22
273 57
273 65
273 107
273 113
273 166
273 190
273 199
273 255
273 268
273 327
273 357
273 361
273 414
273 415
273 426
273 431
273 446
273 498
274 37
274 54
274 75
274 108
274 128
274 147
274 153
274 206
274 208
274 223
274 251
274 266
274 271
274 275
274 342
274 372
274 454
274 476
274 490
274 494
275 2
275 30
275 147
275 174
275 175
275 177
275 210
275 219
275 237
275 269
275 274
275 329
275 338
275 350
275 367
275 404
275 413
275 415
275 436
275 476
276 33
276 36
276 50
276 54
276 81
276 85
276 96
276 97
276 167
276 176
276 180
276 241
276 247
276 261
276 262
276 270
276 285
276 317
276 359
276 415
277 29
277 67
277 76
277 98
277 104
277 184
277 190
277 241
277 297
277 302
277 331
277 343
277 387
277 391
277 394
277 434
277 444
277 446
277 459
277 485
278 8
278 14
278 27
278 59
278 94
278 136
278 164
278 196
278 227
278 230
278 233
278 314
278 344
278 360
278 381
278 418
278 453
278 459
278 479
278 482
279 27
279 75
279 87
279 128
279 157
279 184
279 205
279 208
279 288
279 331
279 335
279 343
279 351
279 381
279 395
279 444
279 457
279 459
279 464
279 467
280 4
280 151
280 161
280 197
280 222
280 233
280 251
280 284
280 290
280 330
280 334
280 340
280 360
280 369
280 384
280 399
280 428
280 470
280 490
280 491
281 18
281 20
281 26
281 46
281 48
281 82
281 91
281 103
281 145
281 168
281 216
281 229
281 243
281 248
281 368
281 420
281 421
281 441
281 471
281 473
282 1
282 56
282 111
282 203
282 220
282 226
282 229
282 246
282 270
282 289
282 306
282 314
282 326
282 341
282 355
282 382
282 416
282 472
282 478
282 499
283 14
283 28
283 39
283 46
283 67
283 125
283 158
283 185
283 198
283 239
283 257
283 260
283 285
283 301
283 324
283 394
283 396
283 430
283 434
283 436
284 4
284 6
284 17
284 30
284 58
284 106
284 152
284 226
284 242
284 250
284 265
284 280
284 295
284 299
284 303
284 351
284 356
284 423
284 438
284 456
285 70
285 74
285 84
285 100
285 113
285 165
285 190
285 201
285 276
285 283
285 286
285 293
285 366
285 381
285 418
285 462
285 477
285 491
285 494
285 498
286 6
286 18
286 38
286 89
286 111
286 152
286 173
286 201
286 268
286 285
286 311
286 319
286 336
286 355
286 407
286 434
286 439
286 458
286 491
286 492
287 32
287 36
287 92
287 100
287 200
287 223
287 238
287 259
287 261
287 291
287 296
287 301
287 336
287 363
287 370
287 408
287 429
287 447
287 468
287 472
288 57
288 72
288 104
288 110
288 122
288 128
288 179
288 205
288 248
288 279
288 324
288 331
288 335
288 341
288 343
288 380
288 423
288 432
288 444
288 457
289 5
289 24
289 29
289 56
289 82
289 127
289 163
289 205
289 207
289 229
289 244
289 282
289 306
289 324
289 372
289 376
289 382
289 394
289 397
289 416
290 85
290 104
290 117
290 118
290 161
290 191
290 211
290 220
290 224
290 269
290 280
290 315
290 347
290 351
290 391
290 410
290 423
290 477
290 478
290 491
291 4
291 34
291 42
291 58
291 64
291 115
291 149
291 161
291 287
291 303
291 334
291 343
291 410
291 413
291 428
291 445
291 456
291 460
291 480
291 491
292 0
292 18
292 23
292 46
292 68
292 83
292 105
292 161
292 166
292 216
292 218
292 233
292 258
292 265
292 304
292 326
292 328
292 399
292 468
292 490
293 51
293 55
293 78
293 81
293 112
293 137
293 184
293 188
293 211
293 245
293 285
293 331
293 333
293 362
293 370
293 395
293 425
293 437
293 440
293 464
294 90
294 137
294 152
294 188
294 213
294 226
294 255
294 263
294 264
294 311
294 323
294 370
294 405
294 420
294 425
294 437
294 440
294 447
294 448
294 486
295 46
295 92
295 103
295 136
295 145
295 182
295 194
295 243
295 284
295 297
295 342
295 352
295 358
295 365
295 368
295 383
295 384
295 397
295 417
295 473
296 10
296 32
296 72
296 81
296 106
296 149
296 167
296 174
296 269
296 270
296 287
296 299
296 341
296 343
296 363
296 379
296 436
296 447
296 464
296 468
297 56
297 104
297 140
297 151
297 266
297 277
297 295
297 352
297 371
297 378
297 381
297 384
297 388
297 397
297 412
297 424
297 426
297 431
297 443
297 481
298 17
298 69
298 95
298 116
298 219
298 299
298 312
298 334
298 351
298 360
298 369
298 379
298 391
298 395
298 398
298 403
298 428
298 470
298 477
298 489
299 47
299 50
299 186
299 284
299 296
299 298
299 318
299 323
299 330
299 352
299 356
299 365
299 367
299 384
299 387
299 388
299 420
299 422
299 475
299 496
300 14
300 28
300 29
300 41
300 51
300 72
300 99
300 115
300 121
300 192
300 255
300 308
300 324
300 364
300 402
300 417
300 446
300 454
300 464
300 479
301 29
301 41
301 61
301 96
301 131
301 150
301 167
301 170
301 190
301 224
301 257
301 262
301 283
301 287
301 356
301 379
301 410
301 427
301 459
301 462
302 2
302 103
302 160
302 162
302 174
302 179
302 231
302 245
302 277
302 320
302 335
302 343
302 389
302 403
302 444
302 451
302 459
302 482
302 485
302 495
303 2
303 55
303 110
303 114
303 172
303 188
303 197
303 224
303 226
303 238
303 253
303 284
303 291
303 359
303 369
303 391
303 398
303 413
303 420
303 480
304 63
304 103
304 112
304 151
304 178
304 192
304 216
304 217
304 222
304 256
304 258
304 292
304 340
304 346
304 349
304 374
304 399
304 401
304 422
304 433
305 40
305 72
305 140
305 146
305 149
305 172
305 192
305 206
305 215
305 217
305 227
305 364
305 377
305 414
305 418
305 457
305 464
305 465
305 483
305 487
306 5
306 16
306 56
306 142
306 205
306 207
306 227
306 229
306 282
306 289
306 322
306 341
306 350
306 383
306 394
306 407
306 416
306 432
306 449
306 499
307 46
307 103
307 110
307 168
307 172
307 189
307 197
307 211
307 243
307 314
307 354
307 368
307 378
307 408
307 426
307 431
307 432
307 440
307 446
307 495
308 21
308 40
308 79
308 100
308 119
308 179
308 201
308 241
308 253
308 259
308 267
308 300
308 337
308 348
308 403
308 409
308 435
308 483
308 486
308 487
309 16
309 34
309 56
309 83
309 102
309 107
309 116
309 134
309 153
309 183
309 191
309 214
309 239
309 260
309 370
309 411
309 414
309 455
309 484
309 499
310 67
310 72
310 80
310 115
310 121
310 213
310 232
310 237
310 259
310 269
310 337
310 358
310 361
310 383
310 409
310 422
310 478
310 483
310 489
310 498
311 22
311 61
311 103
311 137
311 161
311 190
311 199
311 200
311 267
311 269
311 286
311 294
311 331
311 349
311 357
311 384
311 410
311 443
311 462
311 488
312 10
312 16
312 31
312 81
312 83
312 87
312 98
312 134
312 142
312 156
312 192
312 210
312 225
312 257
312 298
312 380
312 386
312 394
312 468
312 496
313 21
313 22
313 40
313 49
313 51
313 83
313 93
313 131
313 145
313 153
313 156
313 173
313 199
313 319
313 329
313 349
313 393
313 408
313 454
313 458
314 8
314 40
314 88
314 118
314 141
314 158
314 193
314 231
314 236
314 240
314 248
314 252
314 278
314 282
314 307
314 323
314 329
314 373
314 395
314 409
315 0
315 33
315 62
315 78
315 90
315 123
315 141
315 160
315 181
315 208
315 241
315 245
315 248
315 249
315 290
315 322
315 346
315 350
315 356
315 440
316 8
316 21
316 29
316 73
316 96
316 97
316 106
316 116
316 162
316 193
316 197
316 235
316 247
316 249
316 326
316 338
316 373
316 429
316 440
316 450
317 33
317 79
317 83
317 124
317 140
317 187
317 198
317 257
317 276
317 321
317 330
317 333
317 347
317 364
317 373
317 395
317 423
317 428
317 460
317 475
318 1
318 8
318 26
318 65
318 69
318 80
318 122
318 172
318 213
318 299
318 325
318 330
318 342
318 346
318 353
318 367
318 369
318 373
318 420
318 466
319 41
319 87
319 93
319 95
319 100
319 113
319 136
319 167
319 173
319 200
319 201
319 210
319 286
319 313
319 335
319 343
319 357
319 410
319 442
319 474
320 4
320 67
320 92
320 159
320 161
320 165
320 191
320 200
320 214
320 219
320 220
320 224
320 243
320 302
320 355
320 374
320 428
320 436
320 456
320 477
321 67
321 76
321 80
321 124
321 180
321 183
321 205
321 216
321 225
321 244
321 259
321 317
321 333
321 394
321 406
321 454
321 467
321 471
321 484
321 492
322 15
322 24
322 31
322 34
322 45
322 53
322 92
322 99
322 134
322 171
322 181
322 209
322 227
322 263
322 306
322 315
322 395
322 418
322 435
322 481
323 5
323 7
323 27
323 37
323 42
323 53
323 59
323 121
323 144
323 196
323 294
323 299
323 314
323 328
323 360
323 404
323 430
323 443
323 461
323 482
324 14
324 70
324 77
324 85
324 134
324 233
324 252
324 283
324 288
324 289
324 300
324 361
324 364
324 381
324 407
324 419
324 438
324 451
324 460
324 464
325 0
325 8
325 41
325 54
325 75
325 138
325 163
325 257
325 270
325 271
325 318
325 347
325 350
325 359
325 362
325 375
325 451
325 453
325 455
325 488
326 43
326 61
326 72
326 111
326 126
326 135
326 154
326 181
326 185
326 201
326 207
326 218
326 282
326 292
326 316
326 383
326 432
326 484
326 492
326 499
327 47
327 51
327 61
327 86
327 87
327 101
327 145
327 169
327 189
327 195
327 268
327 273
327 349
327 389
327 415
327 434
327 435
327 442
327 455
327 458
328 26
328 32
328 47
328 53
328 122
328 148
328 172
328 182
328 195
328 212
328 246
328 250
328 292
328 323
328 338
328 358
328 422
328 430
328 453
328 494
329 1
329 9
329 14
329 24
329 56
329 64
329 127
329 154
329 159
329 194
329 209
329 275
329 313
329 314
329 356
329 371
329 377
329 417
329 418
329 465
330 26
330 37
330 47
330 53
330 69
330 74
330 82
330 122
330 148
330 211
330 262
330 280
330 299
330 317
330 318
330 343
330 373
330 397
330 420
330 485
331 50
331 128
331 131
331 162
331 163
331 197
331 277
331 279
331 288
331 293
331 311
331 341
331 351
331 393
331 409
331 415
331 416
331 459
331 485
331 495
332 18
332 45
332 47
332 53
332 69
332 100
332 127
332 147
332 155
332 172
332 213
332 221
332 225
332 246
332 365
332 367
332 373
332 381
332 452
332 492
333 83
333 94
333 110
333 121
333 125
333 134
333 161
333 170
333 232
333 235
333 265
333 293
333 317
333 321
333 336
333 379
333 396
333 452
333 455
333 476
334 1
334 11
334 21
334 81
334 130
334 161
334 191
334 209
334 214
334 216
334 219
334 224
334 280
334 291
334 298
334 361
334 379
334 398
334 444
334 445
335 68
335 98
335 117
335 259
335 271
335 279
335 288
335 302
335 319
335 341
335 348
335 370
335 376
335 381
335 388
335 407
335 459
335 475
335 491
335 495
336 16
336 17
336 79
336 92
336 99
336 102
336 126
336 165
336 204
336 205
336 235
336 244
336 286
336 287
336 333
336 358
336 386
336 403
336 461
336 475
337 3
337 5
337 40
337 67
337 80
337 119
337 209
337 216
337 265
337 268
337 308
337 310
337 380
337 402
337 448
337 460
337 474
337 483
337 491
337 494
338 44
338 147
338 149
338 155
338 176
338 201
338 275
338 316
338 328
338 355
338 363
338 393
338 400
338 404
338 410
338 416
338 447
338 461
338 472
338 481
338 496
339 3
339 5
339 54
339 70
339 97
339 98
339 143
339 155
339 192
339 229
339 231
339 232
339 251
339 264
339 368
339 414
339 419
339 437
339 438
339 452
339 454
340 0
340 20
340 37
340 63
340 158
340 165
340 193
340 216
340 236
340 263
340 280
340 304
340 346
340 353
340 363
340 366
340 427
340 433
340 464
340 490
340 499
341 29
341 68
341 164
341 184
341 185
341 266
341 282
341 288
341 296
341 306
341 331
341 335
341 343
341 381
341 388
341 414
341 429
341 444
341 446
341 459
341 485
342 10
342 34
342 41
342 52
342 105
342 131
342 157
342 163
342 172
342 195
342 270
342 271
342 274
342 295
342 318
342 349
342 350
342 387
342 441
342 477
342 479
343 87
343 94
343 128
343 179
343 196
343 229
343 248
343 277
343 279
343 288
343 291
343 296
343 302
343 319
343 330
343 341
343 361
343 401
343 429
343 446
343 485
344 50
344 57
344 129
344 130
344 135
344 151
344 158
344 159
344 186
344 200
344 202
344 217
344 226
344 258
344 278
344 353
344 408
344 434
344 467
344 472
344 490
345 11
345 39
345 46
345 48
345 57
345 74
345 109
345 115
345 145
345 162
345 168
345 189
345 230
345 243
345 253
345 379
345 388
345 394
345 396
345 424
345 469
346 19
346 23
346 35
346 60
346 62
346 64
346 143
346 194
346 202
346 253
346 304
346 315
346 318
346 340
346 358
346 404
346 449
346 450
346 452
346 457
346 462
347 30
347 52
347 68
347 73
347 75
347 164
347 166
347 174
347 175
347 195
347 219
347 258
347 271
347 290
347 317
347 325
347 365
347 382
347 451
347 465
347 476
348 22
348 28
348 32
348 36
348 101
348 169
348 173
348 308
348 335
348 349
348 357
348 387
348 415
348 427
348 431
348 433
348 439
348 458
348 471
348 474
348 494
349 75
349 86
349 89
349 100
349 113
349 117
349 221
349 231
349 262
349 304
349 311
349 313
349 327
349 342
349 348
349 411
349 414
349 451
349 458
349 471
349 498
350 25
350 64
350 147
350 157
350 163
350 206
350 210
350 221
350 251
350 257
350 272
350 275
350 306
350 315
350 325
350 342
350 357
350 378
350 403
350 451
350 454
351 126
351 136
351 161
351 212
351 219
351 230
351 232
351 272
351 279
351 284
351 290
351 298
351 331
351 355
351 369
351 376
351 417
351 423
351 429
351 432
351 477
352 2
352 10
352 122
352 139
352 148
352 157
352 172
352 204
352 246
352 254
352 295
352 297
352 299
352 360
352 367
352 420
352 430
352 452
352 466
352 489
352 490
353 7
353 50
353 121
353 139
353 151
353 168
353 177
353 183
353 217
353 220
353 221
353 238
353 253
353 318
353 340
353 344
353 374
353 398
353 465
353 468
353 490
354 20
354 88
354 103
354 154
354 178
354 204
354 208
354 219
354 230
354 253
354 307
354 368
354 384
354 388
354 399
354 401
354 431
354 470
354 471
354 472
354 481
355 53
355 58
355 104
355 197
355 203
355 214
355 226
355 251
355 265
355 282
355 286
355 320
355 338
355 351
355 369
355 372
355 400
355 423
355 425
355 477
355 481
356 19
356 58
356 62
356 64
356 78
356 108
356 127
356 160
356 167
356 168
356 284
356 299
356 301
356 315
356 329
356 375
356 392
356 447
356 450
356 459
356 477
357 20
357 21
357 71
357 77
357 84
357 96
357 138
357 199
357 200
357 273
357 311
357 319
357 348
357 350
357 364
357 405
357 424
357 439
357 444
357 458
357 471
358 19
358 39
358 58
358 68
358 99
358 102
358 142
358 155
358 204
358 214
358 295
358 310
358 328
358 336
358 346
358 375
358 394
358 475
358 484
358 486
358 489
359 25
359 157
359 187
359 205
359 206
359 208
359 210
359 215
359 240
359 243
359 266
359 270
359 271
359 276
359 303
359 325
359 419
359 437
359 441
359 452
359 463
360 8
360 12
360 15
360 58
360 109
360 121
360 126
360 132
360 164
360 170
360 215
360 233
360 259
360 278
360 280
360 298
360 323
360 352
360 366
360 411
360 421
361 70
361 71
361 72
361 115
361 139
361 148
361 162
361 199
361 220
361 259
361 273
361 310
361 324
361 334
361 343
361 403
361 409
361 414
361 419
361 456
361 483
362 13
362 55
362 67
362 108
362 130
362 152
362 169
362 211
362 251
362 255
362 267
362 293
362 325
362 405
362 410
362 413
362 428
362 448
362 456
362 481
362 499
363 13
363 41
363 44
363 73
363 97
363 124
363 127
363 149
363 152
363 175
363 176
363 189
363 235
363 287
363 296
363 338
363 340
363 379
363 443
363 445
363 450
364 5
364 40
364 119
364 172
364 200
364 210
364 217
364 234
364 264
364 268
364 300
364 305
364 317
364 324
364 357
364 377
364 427
364 442
364 457
364 483
364 484
365 2
365 26
365 48
365 49
365 69
365 82
365 122
365 148
365 186
365 207
365 248
365 254
365 295
365 299
365 332
365 347
365 444
365 452
365 490
365 496
365 499
366 3
366 8
366 23
366 26
366 36
366 52
366 88
366 171
366 196
366 211
366 248
366 285
366 340
366 360
366 390
366 401
366 404
366 411
366 466
366 481
366 493
367 2
367 42
367 47
367 110
367 149
367 163
367 222
367 246
367 250
367 252
367 264
367 275
367 299
367 318
367 332
367 352
367 422
367 436
367 461
367 495
367 496
368 101
368 163
368 189
368 210
368 222
368 223
368 230
368 237
368 253
368 265
368 281
368 295
368 307
368 339
368 354
368 369
368 371
368 372
368 376
368 393
368 481
369 6
369 103
369 147
369 178
369 197
369 201
369 219
369 224
369 240
369 263
369 280
369 298
369 303
369 318
369 351
369 355
369 368
369 391
369 426
369 445
369 495
370 13
370 14
370 40
370 130
370 152
370 169
370 198
370 211
370 245
370 255
370 272
370 287
370 293
370 294
370 309
370 335
370 405
370 415
370 432
370 448
370 487
371 20
371 47
371 48
371 102
371 103
371 181
371 208
371 223
371 230
371 234
371 237
371 243
371 253
371 256
371 297
371 329
371 368
371 387
371 431
371 475
371 479
372 66
372 95
372 111
372 132
372 154
372 185
372 207
372 221
372 229
372 274
372 289
372 355
372 368
372 416
372 424
372 428
372 432
372 473
372 484
372 492
372 497
373 26
373 47
373 94
373 109
373 119
373 137
373 160
373 246
373 247
373 250
373 254
373 314
373 316
373 317
373 318
373 330
373 332
373 430
373 431
373 452
373 458
374 18
374 57
374 66
374 70
374 113
374 129
374 135
374 139
374 178
374 211
374 258
374 304
374 320
374 353
374 385
374 407
374 408
374 411
374 414
374 455
374 490
375 0
375 23
375 24
375 31
375 41
375 64
375 106
375 107
375 122
375 123
375 138
375 166
375 263
375 268
375 325
375 356
375 358
375 376
375 379
375 427
375 440
376 56
376 76
376 77
376 88
376 94
376 154
376 156
376 199
376 203
376 229
376 237
376 289
376 335
376 351
376 368
376 375
376 424
376 463
376 470
376 497
376 499
377 5
377 14
377 21
377 40
377 77
377 78
377 218
377 224
377 232
377 234
377 305
377 329
377 364
377 386
377 402
377 409
377 455
377 461
377 475
377 489
377 494
378 48
378 82
378 108
378 134
378 140
378 149
378 168
378 174
378 182
378 212
378 297
378 307
378 350
378 384
378 397
378 419
378 432
378 446
378 454
378 473
378 481
379 4
379 35
379 36
379 80
379 92
379 96
379 143
379 155
379 178
379 296
379 298
379 301
379 333
379 334
379 345
379 363
379 375
379 400
379 410
379 445
379 455
380 3
380 6
380 50
380 60
380 66
380 67
380 91
380 110
380 118
380 160
380 199
380 212
380 226
380 235
380 239
380 260
380 288
380 312
380 337
380 396
380 406
381 67
381 98
381 117
381 128
381 162
381 179
381 236
381 278
381 279
381 285
381 297
381 324
381 332
381 335
381 341
381 385
381 389
381 406
381 444
381 492
381 495
382 22
382 37
382 49
382 56
382 76
382 90
382 106
382 154
382 187
382 203
382 264
382 282
382 289
382 347
382 383
382 402
382 432
382 461
382 466
382 472
382 497
383 31
383 37
383 122
383 154
383 163
383 176
383 187
383 200
383 216
383 229
383 260
383 295
383 306
383 310
383 326
383 382
383 398
383 416
383 427
383 463
383 492
384 28
384 42
384 46
384 74
384 82
384 134
384 145
384 189
384 253
384 257
384 280
384 295
384 297
384 299
384 311
384 354
384 378
384 412
384 464
384 475
384 488
385 9
385 15
385 33
385 34
385 38
385 78
385 113
385 123
385 129
385 159
385 166
385 179
385 227
385 250
385 374
385 381
385 392
385 399
385 421
385 426
385 449
386 23
386 71
386 75
386 85
386 93
386 119
386 147
386 177
386 195
386 201
386 206
386 208
386 237
386 270
386 312
386 336
386 377
386 393
386 397
386 441
386 451
387 22
387 65
387 89
387 100
387 120
387 122
387 129
387 146
387 190
387 260
387 277
387 299
387 342
387 348
387 371
387 409
387 434
387 446
387 471
387 488
387 494
388 95
388 98
388 145
388 161
388 182
388 207
388 223
388 225
388 297
388 299
388 335
388 341
388 345
388 354
388 390
388 397
388 412
388 418
388 473
388 481
388 496
389 68
389 104
389 106
389 135
389 152
389 169
389 184
389 232
389 254
389 271
389 302
389 327
389 381
389 393
389 401
389 406
389 457
389 470
389 478
389 485
389 495
390 19
390 42
390 59
390 68
390 88
390 121
390 141
390 198
390 200
390 211
390 222
390 252
390 366
390 388
390 400
390 419
390 445
390 453
390 466
390 482
390 483
391 63
391 70
391 81
391 86
391 128
391 136
391 161
391 183
391 220
391 224
391 240
391 242
391 265
391 277
391 290
391 298
391 303
391 369
391 394
391 456
391 485
392 15
392 27
392 33
392 44
392 50
392 60
392 62
392 64
392 75
392 84
392 90
392 102
392 107
392 160
392 176
392 185
392 194
392 212
392 356
392 385
392 461
393 68
393 104
393 124
393 179
393 184
393 210
393 262
393 266
393 313
393 331
393 338
393 368
393 386
393 389
393 446
393 453
393 457
393 458
393 465
393 480
393 495
394 10
394 16
394 74
394 91
394 116
394 131
394 165
394 180
394 198
394 257
394 277
394 283
394 289
394 306
394 312
394 321
394 345
394 358
394 391
394 445
394 450
395 9
395 10
395 13
395 110
395 140
395 153
395 189
395 207
395 225
395 239
395 257
395 279
395 293
395 298
395 314
395 317
395 322
395 407
395 431
395 455
395 486
396 20
396 25
396 51
396 67
396 87
396 110
396 133
396 142
396 153
396 214
396 224
396 245
396 264
396 283
396 333
396 345
396 380
396 431
396 455
396 471
396 486
397 20
397 28
397 89
397 105
397 113
397 148
397 197
397 218
397 223
397 260
397 289
397 295
397 297
397 330
397 378
397 386
397 388
397 405
397 423
397 431
397 442
398 1
398 13
398 49
398 100
398 114
398 146
398 197
398 226
398 251
398 263
398 298
398 303
398 334
398 353
398 383
398 411
398 428
398 442
398 460
398 467
398 480
399 0
399 7
399 18
399 36
399 110
399 139
399 185
399 216
399 217
399 259
399 280
399 292
399 304
399 354
399 385
399 417
399 441
399 479
399 490
399 496
399 498
400 37
400 46
400 98
400 121
400 132
400 133
400 143
400 151
400 178
400 198
400 249
400 338
400 355
400 379
400 390
400 428
400 436
400 439
400 461
400 472
400 481
401 22
401 31
401 64
401 77
401 89
401 98
401 117
401 162
401 176
401 179
401 184
401 304
401 343
401 354
401 366
401 389
401 403
401 410
401 446
401 457
401 485
402 12
402 30
402 63
402 74
402 80
402 112
402 115
402 142
402 146
402 230
402 244
402 260
402 264
402 300
402 337
402 377
402 382
402 403
402 442
402 454
402 487
403 4
403 5
403 77
403 144
403 168
403 189
403 234
403 298
403 302
403 308
403 336
403 350
403 361
403 401
403 402
403 409
403 438
403 442
403 454
403 470
403 485
404 11
404 33
404 109
404 121
404 146
404 151
404 155
404 175
404 231
404 233
404 252
404 261
404 275
404 323
404 338
404 346
404 366
404 421
404 432
404 463
404 466
405 21
405 81
405 90
405 108
405 156
405 188
405 214
405 217
405 236
405 240
405 245
405 254
405 255
405 267
405 294
405 357
405 362
405 370
405 397
405 448
405 470
406 10
406 67
406 105
406 110
406 121
406 140
406 146
406 170
406 180
406 183
406 195
406 204
406 229
406 267
406 321
406 380
406 381
406 389
406 412
406 455
406 462
407 0
407 7
407 18
407 23
407 63
407 139
407 170
407 174
407 198
407 217
407 236
407 272
407 286
407 306
407 324
407 335
407 374
407 395
407 447
407 490
407 498
408 7
408 50
408 54
408 129
408 149
408 158
408 170
408 172
408 193
408 216
408 218
408 220
408 287
408 307
408 313
408 344
408 374
408 445
408 447
408 471
408 490
409 45
409 60
409 119
409 123
409 125
409 126
409 132
409 219
409 242
409 264
409 308
409 310
409 314
409 331
409 361
409 377
409 387
409 403
409 419
409 460
409 464
410 29
410 44
410 116
410 143
410 155
410 167
410 249
410 290
410 291
410 301
410 311
410 319
410 338
410 362
410 379
410 401
410 416
410 425
410 464
410 467
410 493
411 8
411 38
411 42
411 113
411 164
411 187
411 213
411 233
411 240
411 256
411 269
411 309
411 349
411 360
411 366
411 374
411 398
411 421
411 434
411 475
411 478
412 6
412 46
412 81
412 91
412 101
412 105
412 182
412 209
412 215
412 244
412 249
412 256
412 297
412 384
412 388
412 406
412 419
412 426
412 431
412 473
412 489
413 11
413 13
413 53
413 90
413 108
413 112
413 152
413 188
413 233
413 255
413 275
413 291
413 303
413 362
413 414
413 417
413 425
413 437
413 448
413 451
413 458
414 5
414 28
414 49
414 124
414 192
414 241
414 242
414 273
414 305
414 309
414 339
414 341
414 349
414 361
414 374
414 413
414 419
414 433
414 454
414 464
414 487
415 17
415 51
415 69
415 71
415 79
415 111
415 128
415 168
415 169
415 200
415 268
415 273
415 275
415 276
415 327
415 331
415 348
415 370
415 441
415 462
415 471
416 43
416 76
416 87
416 123
416 141
416 192
416 199
416 207
416 235
416 264
416 282
416 289
416 306
416 331
416 338
416 372
416 383
416 410
416 432
416 469
416 499
417 0
417 31
417 46
417 63
417 72
417 128
417 165
417 170
417 216
417 217
417 218
417 232
417 236
417 238
417 295
417 300
417 329
417 351
417 399
417 413
417 433
418 35
418 45
418 78
418 89
418 107
418 110
418 159
418 160
418 166
418 212
418 233
418 239
418 250
418 252
418 278
418 285
418 305
418 322
418 329
418 388
418 465
419 14
419 18
419 85
419 151
419 223
419 257
419 264
419 324
419 339
419 359
419 361
419 378
419 390
419 409
419 412
419 414
419 428
419 438
419 481
419 487
419 489
420 26
420 53
420 60
420 117
420 138
420 186
420 213
420 246
420 264
420 267
420 281
420 294
420 299
420 303
420 318
420 330
420 352
420 451
420 452
420 475
420 496
421 8
421 10
421 11
421 12
421 38
421 109
421 140
421 195
421 281
421 360
421 385
421 404
421 411
421 441
421 444
421 453
421 477
421 480
421 482
421 486
421 495
422 29
422 30
422 42
422 53
422 55
422 91
422 94
422 122
422 143
422 148
422 168
422 186
422 232
422 250
422 254
422 299
422 304
422 310
422 328
422 367
422 498
423 9
423 61
423 79
423 95
423 97
423 98
423 114
423 177
423 191
423 212
423 220
423 226
423 265
423 284
423 288
423 290
423 317
423 351
423 355
423 397
423 491
424 31
424 54
424 63
424 76
424 111
424 156
424 184
424 242
424 269
424 297
424 345
424 357
424 372
424 376
424 432
424 438
424 463
424 473
424 484
424 492
424 499
425 9
425 13
425 14
425 49
425 55
425 83
425 108
425 135
425 137
425 203
425 211
425 293
425 294
425 355
425 410
425 413
425 437
425 448
425 470
425 486
425 499
426 28
426 32
426 34
426 36
426 48
426 57
426 75
426 82
426 189
426 200
426 256
426 273
426 297
426 307
426 369
426 385
426 412
426 438
426 473
426 476
426 495
427 19
427 35
427 45
427 54
427 60
427 62
427 78
427 124
427 138
427 227
427 244
427 301
427 340
427 348
427 364
427 375
427 383
427 449
427 465
427 470
427 471
428 1
428 17
428 52
428 94
428 100
428 116
428 136
428 251
428 263
428 267
428 280
428 291
428 298
428 317
428 320
428 362
428 372
428 398
428 400
428 419
428 491
429 32
429 92
429 129
429 131
429 133
429 167
429 187
429 224
429 240
429 261
429 267
429 287
429 316
429 341
429 343
429 351
429 436
429 440
429 463
429 469
429 472
430 2
430 102
430 118
430 122
430 143
430 150
430 176
430 181
430 186
430 213
430 250
430 261
430 283
430 323
430 328
430 352
430 373
430 452
430 488
430 496
430 498
431 5
431 12
431 48
431 53
431 57
431 82
431 93
431 111
431 166
431 230
431 273
431 297
431 307
431 348
431 354
431 371
431 373
431 395
431 396
431 397
431 412
432 42
432 50
432 56
432 64
432 154
432 187
432 288
432 306
432 307
432 326
432 351
432 370
432 372
432 378
432 382
432 404
432 416
432 424
432 448
432 454
432 492
432 497
433 7
433 63
433 129
433 134
433 139
433 140
433 151
433 158
433 167
433 193
433 195
433 203
433 234
433 304
433 340
433 348
433 414
433 417
433 434
433 467
433 473
433 486
434 6
434 14
434 31
434 71
434 74
434 86
434 89
434 219
434 268
434 271
434 277
434 283
434 286
434 327
434 344
434 387
434 411
434 433
434 471
434 473
434 480
434 494
435 15
435 60
435 63
435 115
435 127
435 138
435 144
435 159
435 160
435 162
435 187
435 202
435 209
435 223
435 228
435 271
435 308
435 322
435 327
435 465
435 474
435 477
436 2
436 31
436 32
436 73
436 81
436 86
436 106
436 107
436 149
436 176
436 209
436 226
436 253
436 275
436 283
436 296
436 320
436 367
436 400
436 429
436 439
436 461
437 13
437 55
437 80
437 90
437 101
437 108
437 130
437 166
437 198
437 201
437 213
437 227
437 245
437 248
437 254
437 293
437 294
437 339
437 359
437 413
437 425
437 470
438 24
438 80
438 87
438 109
438 116
438 146
438 157
438 228
438 234
438 242
438 247
438 284
438 324
438 339
438 403
438 419
438 424
438 426
438 442
438 454
438 487
438 492
439 6
439 16
439 29
439 41
439 47
439 48
439 75
439 92
439 96
439 126
439 131
439 132
439 133
439 249
439 255
439 265
439 286
439 348
439 357
439 400
439 436
439 460
440 31
440 35
440 36
440 45
440 65
440 127
440 135
440 159
440 194
440 212
440 222
440 293
440 294
440 307
440 315
440 316
440 375
440 429
440 446
440 449
440 465
440 480
441 4
441 34
441 52
441 56
441 69
441 75
441 108
441 206
441 210
441 221
441 237
441 246
441 263
441 281
441 342
441 359
441 386
441 399
441 415
441 421
441 488
441 490
442 24
442 40
442 70
442 82
442 106
442 118
442 119
442 120
442 137
442 146
442 197
442 234
442 242
442 319
442 327
442 364
442 397
442 398
442 402
442 403
442 438
442 483
443 0
443 41
443 43
443 44
443 65
443 73
443 81
443 85
443 97
443 126
443 131
443 149
443 153
443 190
443 202
443 247
443 297
443 311
443 323
443 363
443 454
443 481
444 78
444 82
444 98
444 107
444 113
444 117
444 184
444 277
444 279
444 288
444 302
444 334
444 341
444 357
444 365
444 381
444 421
444 453
444 459
444 476
444 486
444 495
445 30
445 58
445 84
445 95
445 114
445 167
445 174
445 187
445 191
445 219
445 251
445 266
445 291
445 334
445 363
445 369
445 379
445 390
445 394
445 408
445 456
445 480
446 50
446 68
446 78
446 98
446 104
446 128
446 162
446 178
446 227
446 273
446 277
446 300
446 307
446 341
446 343
446 378
446 387
446 393
446 401
446 440
446 459
446 492
447 9
447 33
447 41
447 64
447 73
447 81
447 99
447 126
447 183
447 190
447 247
447 249
447 261
447 287
447 294
447 296
447 338
447 356
447 407
447 408
447 460
447 469
448 3
448 8
448 13
448 32
448 55
448 62
448 105
448 112
448 124
448 137
448 144
448 226
448 250
448 267
448 294
448 337
448 362
448 370
448 405
448 413
448 425
448 432
449 25
449 31
449 33
449 35
449 45
449 60
449 70
449 118
449 138
449 155
449 181
449 187
449 193
449 217
449 251
449 306
449 346
449 385
449 427
449 440
449 458
449 495
450 1
450 15
450 19
450 31
450 33
450 45
450 64
450 120
450 160
450 176
450 179
450 182
450 210
450 212
450 227
450 244
450 261
450 316
450 346
450 356
450 363
450 394
451 25
451 48
451 54
451 62
451 107
451 114
451 144
451 147
451 163
451 174
451 248
451 266
451 302
451 324
451 325
451 347
451 349
451 350
451 386
451 413
451 420
451 479
452 47
452 53
452 60
452 69
452 109
452 148
452 180
452 196
452 207
452 251
452 254
452 332
452 333
452 339
452 346
452 352
452 359
452 365
452 373
452 420
452 430
452 477
453 11
453 12
453 27
453 33
453 144
453 164
453 169
453 196
453 220
453 222
453 236
453 269
453 278
453 325
453 328
453 390
453 393
453 421
453 444
453 463
453 466
453 472
454 14
454 45
454 52
454 61
454 70
454 72
454 161
454 234
454 274
454 300
454 313
454 321
454 339
454 350
454 378
454 402
454 403
454 414
454 432
454 438
454 443
454 464
455 33
455 35
455 66
455 102
455 134
455 141
455 183
455 185
455 197
455 258
455 266
455 272
455 309
455 325
455 327
455 333
455 374
455 377
455 379
455 395
455 396
455 406
456 4
456 40
456 95
456 98
456 136
456 145
456 160
456 193
456 233
456 263
456 271
456 284
456 291
456 320
456 361
456 362
456 391
456 445
456 475
456 477
456 480
456 488
457 64
457 68
457 98
457 104
457 117
457 123
457 208
457 213
457 279
457 288
457 305
457 346
457 364
457 389
457 393
457 401
457 459
457 462
457 467
457 468
457 470
457 485
458 15
458 17
458 28
458 84
458 86
458 104
458 119
458 199
458 200
458 201
458 225
458 286
458 313
458 327
458 348
458 349
458 357
458 373
458 393
458 413
458 449
458 479
459 5
459 25
459 26
459 96
459 104
459 117
459 166
459 173
459 266
459 277
459 278
459 279
459 301
459 302
459 331
459 335
459 341
459 356
459 444
459 446
459 457
459 476
460 44
460 70
460 77
460 80
460 115
460 119
460 130
460 146
460 221
460 237
460 291
460 317
460 324
460 337
460 398
460 409
460 439
460 447
460 462
460 475
460 483
460 489
461 32
461 39
461 81
461 133
461 167
461 232
461 233
461 243
461 247
461 249
461 263
461 323
461 336
461 338
461 367
461 377
461 382
461 392
461 400
461 436
461 469
461 472
462 4
462 6
462 13
462 22
462 31
462 71
462 74
462 93
462 169
462 177
462 200
462 201
462 228
462 285
462 301
462 311
462 346
462 406
462 415
462 457
462 460
462 493
463 16
463 37
463 156
463 180
463 187
463 193
463 203
463 205
463 218
463 222
463 224
463 359
463 376
463 383
463 404
463 424
463 429
463 453
463 466
463 484
463 492
463 497
464 3
464 43
464 66
464 70
464 80
464 202
464 241
464 279
464 293
464 296
464 300
464 305
464 324
464 340
464 384
464 409
464 410
464 414
464 454
464 470
464 483
464 489
465 38
465 62
465 64
465 98
465 127
465 129
465 148
465 160
465 194
465 197
465 227
465 305
465 329
465 347
465 353
465 393
465 418
465 427
465 435
465 440
465 481
465 498
466 38
466 103
466 109
466 114
466 133
466 141
466 144
466 159
466 209
466 248
466 261
466 318
466 352
466 366
466 382
466 390
466 404
466 453
466 463
466 478
466 488
466 493
467 18
467 23
467 50
467 69
467 114
467 129
467 135
467 139
467 192
467 217
467 223
467 234
467 236
467 279
467 321
467 344
467 398
467 410
467 433
467 457
467 468
467 480
468 7
468 18
468 50
468 129
468 131
468 135
468 141
468 149
468 151
468 156
468 165
468 173
468 176
468 216
468 222
468 287
468 292
468 296
468 312
468 353
468 457
468 467
469 26
469 36
469 85
469 102
469 116
469 120
469 126
469 132
469 133
469 148
469 163
469 174
469 176
469 178
469 185
469 207
469 345
469 416
469 429
469 447
469 461
469 496
470 90
470 108
470 112
470 130
470 137
470 146
470 165
470 188
470 245
470 267
470 280
470 298
470 354
470 376
470 389
470 403
470 405
470 425
470 427
470 437
470 457
470 464
471 6
471 65
471 70
471 84
471 97
471 173
471 196
471 201
471 203
471 238
471 281
471 321
471 348
471 349
471 354
471 357
471 387
471 396
471 408
471 415
471 427
471 434
472 11
472 44
472 68
472 73
472 97
472 99
472 107
472 126
472 150
472 176
472 216
472 282
472 287
472 338
472 344
472 354
472 382
472 400
472 429
472 453
472 461
472 486
473 28
473 30
473 37
473 103
473 134
473 154
473 181
473 189
473 243
473 246
473 253
473 281
473 295
473 372
473 378
473 388
473 412
473 424
473 426
473 433
473 434
473 476
474 12
474 25
474 49
474 51
474 65
474 84
474 89
474 93
474 100
474 137
474 146
474 171
474 190
474 245
474 251
474 263
474 319
474 337
474 348
474 435
474 487
474 494
475 47
475 66
475 79
475 125
475 180
475 198
475 257
475 272
475 299
475 317
475 335
475 336
475 358
475 371
475 377
475 384
475 411
475 420
475 456
475 460
475 486
475 487
476 6
476 21
476 30
476 52
476 54
476 89
476 147
476 157
476 175
476 252
476 259
476 264
476 271
476 274
476 275
476 333
476 347
476 426
476 444
476 459
476 473
476 479
477 4
477 17
477 58
477 98
477 128
477 164
477 178
477 191
477 285
477 290
477 298
477 320
477 342
477 351
477 355
477 356
477 421
477 435
477 452
477 456
477 480
477 485
478 8
478 11
478 12
478 27
478 36
478 87
478 96
478 109
478 133
478 171
478 184
478 196
478 207
478 233
478 252
478 282
478 290
478 310
478 389
478 411
478 466
478 497
479 23
479 25
479 34
479 54
479 72
479 91
479 130
479 174
479 177
479 206
479 213
479 242
479 266
479 278
479 300
479 342
479 371
479 399
479 451
479 458
479 476
479 488
480 65
480 77
480 78
480 95
480 114
480 131
480 161
480 220
480 251
480 270
480 291
480 303
480 393
480 398
480 421
480 434
480 440
480 445
480 456
480 467
480 477
480 482
481 57
481 70
481 132
481 145
481 168
481 243
481 253
481 256
481 297
481 322
481 338
481 354
481 355
481 362
481 366
481 368
481 378
481 388
481 400
481 419
481 443
481 465
482 27
482 38
482 44
482 80
482 88
482 109
482 117
482 118
482 139
482 197
482 210
482 231
482 244
482 278
482 302
482 323
482 390
482 421
482 480
482 483
482 491
482 493
483 3
483 41
483 58
483 114
483 153
483 158
483 176
483 182
483 200
483 210
483 232
483 305
483 308
483 310
483 337
483 361
483 364
483 390
483 442
483 460
483 464
483 482
484 41
484 43
484 56
484 59
484 76
484 85
484 111
484 139
484 152
484 156
484 203
484 234
484 246
484 309
484 321
484 326
484 358
484 364
484 372
484 424
484 463
484 499
485 7
485 18
485 39
485 82
485 98
485 100
485 162
485 178
485 216
485 277
485 302
485 330
485 331
485 341
485 343
485 389
485 391
485 401
485 403
485 457
485 477
485 495
486 10
486 13
486 97
486 124
486 125
486 162
486 180
486 183
486 185
486 186
486 214
486 294
486 308
486 358
486 395
486 396
486 421
486 425
486 433
486 444
486 472
486 475
487 3
487 17
487 23
487 72
487 77
487 170
487 188
487 203
487 228
487 241
487 242
487 249
487 266
487 305
487 308
487 370
487 402
487 414
487 419
487 438
487 474
487 475
488 2
488 30
488 32
488 34
488 95
488 101
488 147
488 155
488 157
488 174
488 175
488 212
488 221
488 311
488 325
488 384
488 387
488 430
488 441
488 456
488 466
488 479
489 14
489 72
489 119
489 127
489 144
489 146
489 166
489 175
489 186
489 234
489 241
489 243
489 298
489 310
489 352
489 358
489 377
489 412
489 419
489 460
489 464
489 495
490 75
490 76
490 90
490 97
490 154
490 159
490 165
490 170
490 238
490 274
490 280
490 292
490 340
490 344
490 352
490 353
490 365
490 374
490 399
490 407
490 408
490 441
491 1
491 4
491 11
491 15
491 17
491 55
491 113
491 136
491 148
491 161
491 220
491 247
491 280
491 285
491 286
491 290
491 291
491 335
491 337
491 423
491 428
491 482
492 43
492 69
492 76
492 117
492 125
492 156
492 183
492 205
492 207
492 245
492 286
492 321
492 326
492 332
492 372
492 381
492 383
492 424
492 432
492 438
492 446
492 463
493 30
493 42
493 49
493 89
493 109
493 118
493 122
493 144
493 171
493 202
493 231
493 233
493 234
493 236
493 240
493 242
493 366
493 410
493 462
493 466
493 482
493 494
494 1
494 47
494 49
494 51
494 61
494 65
494 84
494 89
494 102
494 115
494 138
494 155
494 274
494 285
494 328
494 337
494 348
494 377
494 387
494 434
494 474
494 493
495 32
495 68
495 95
495 136
495 179
495 184
495 188
495 302
495 307
495 331
495 335
495 367
495 369
495 381
495 389
495 393
495 421
495 426
495 444
495 449
495 485
495 489
496 14
496 26
496 98
496 112
496 148
496 157
496 170
496 172
496 213
496 235
496 246
496 254
496 299
496 312
496 338
496 365
496 367
496 388
496 399
496 420
496 430
496 469
497 37
497 73
497 154
497 156
497 192
497 195
497 202
497 203
497 205
497 212
497 215
497 228
497 229
497 230
497 241
497 262
497 372
497 376
497 382
497 432
497 463
497 478
498 5
498 6
498 21
498 74
498 84
498 86
498 89
498 96
498 100
498 141
498 142
498 203
498 269
498 273
498 285
498 310
498 349
498 399
498 407
498 422
498 430
498 465
499 37
499 62
499 95
499 111
499 120
499 151
499 156
499 163
499 187
499 218
499 282
499 306
499 309
499 326
499 340
499 362
499 365
499 376
499 416
499 424
499 425
499 484
