0 687
0 789
0 808
0 948
1 477
1 555
1 717
1 804
2 233
2 386
2 459
2 974
3 472
3 800
3 950
3 974
4 847
4 854
4 881
4 934
5 117
5 387
5 803
5 858
6 667
6 815
6 989
6 999
7 311
7 599
7 670
7 782
8 757
8 813
8 942
8 965
9 30
9 671
9 841
9 951
10 300
10 845
10 871
10 895
11 353
11 400
11 474
11 886
12 352
12 947
12 977
12 989
13 781
13 807
13 858
13 974
14 189
14 842
14 925
14 929
15 191
15 464
15 608
15 984
16 84
16 311
16 454
16 468
17 77
17 127
17 575
17 786
18 459
18 671
18 734
18 986
19 648
19 960
19 995
19 996
20 550
20 638
20 896
20 986
21 707
21 867
21 931
21 969
22 604
22 916
22 993
22 998
23 100
23 224
23 586
23 973
24 52
24 74
24 748
24 863
25 800
25 900
25 956
25 993
26 531
26 607
26 812
26 969
27 246
27 822
27 924
27 973
28 374
28 915
28 975
28 994
29 728
29 860
29 872
29 884
30 9
30 190
30 583
30 924
31 614
31 771
31 850
31 915
32 237
32 772
32 826
32 970
33 440
33 836
33 960
33 967
34 136
34 576
34 963
34 964
35 223
35 349
35 537
35 578
36 246
36 268
36 793
36 997
37 258
37 506
37 646
37 815
38 452
38 807
38 979
38 999
39 714
39 924
39 927
39 945
40 296
40 412
40 892
40 945
41 403
41 791
41 818
41 916
42 550
42 709
42 753
42 892
43 606
43 739
43 852
43 930
44 736
44 796
44 976
44 980
45 109
45 850
45 854
45 929
46 754
46 878
46 879
46 923
47 489
47 946
47 957
47 977
48 421
48 670
48 944
48 970
49 215
49 905
49 940
49 995
50 562
50 949
50 968
50 969
51 268
51 304
51 894
51 987
52 24
52 711
52 841
52 941
53 604
53 833
53 855
53 917
54 637
54 639
54 856
54 900
55 718
55 737
55 860
55 920
56 205
56 512
56 644
56 996
57 76
57 103
57 956
57 997
58 469
58 485
58 682
58 864
59 596
59 633
59 978
59 986
60 883
60 899
60 908
60 990
61 233
61 273
61 711
61 845
62 217
62 354
62 792
62 921
63 128
63 818
63 921
63 948
64 765
64 822
64 832
64 895
65 469
65 522
65 869
65 963
66 690
66 888
66 972
66 987
67 142
67 293
67 472
67 804
68 97
68 631
68 804
68 893
69 729
69 893
69 928
69 947
70 358
70 481
70 715
70 873
71 115
71 376
71 458
71 994
72 415
72 638
72 871
72 986
73 652
73 960
73 968
73 991
74 24
74 677
74 769
74 994
75 652
75 895
75 912
75 990
76 57
76 278
76 866
76 978
77 17
77 533
77 881
77 921
78 137
78 627
78 850
78 991
79 577
79 782
79 799
79 897
80 287
80 508
80 637
80 904
81 598
81 720
81 929
81 938
82 388
82 497
82 571
82 743
83 245
83 417
83 582
83 954
84 16
84 226
84 911
84 914
85 466
85 521
85 559
85 581
86 108
86 765
86 864
86 944
87 330
87 477
87 525
87 990
88 276
88 290
88 702
88 995
89 661
89 926
89 982
89 994
90 493
90 503
90 659
90 793
91 424
91 497
91 902
91 910
92 582
92 883
92 886
92 979
93 430
93 783
93 866
93 996
94 138
94 407
94 976
94 981
95 344
95 890
95 938
95 993
96 603
96 814
96 898
96 981
97 68
97 259
97 536
97 598
98 660
98 939
98 965
98 996
99 396
99 690
99 896
99 995
100 23
100 204
100 705
100 914
101 764
101 976
101 990
101 998
102 722
102 754
102 795
102 827
103 57
103 107
103 254
103 980
104 579
104 788
104 844
104 877
105 413
105 535
105 899
105 977
106 297
106 380
106 467
106 992
107 103
107 438
107 574
107 867
108 86
108 650
108 756
108 954
109 45
109 721
109 859
109 863
110 275
110 455
110 504
110 977
111 137
111 451
111 905
111 962
112 631
112 871
112 962
112 965
113 232
113 674
113 927
113 934
114 405
114 697
114 731
114 874
115 71
115 669
115 895
115 978
116 479
116 601
116 906
116 999
117 5
117 695
117 714
117 802
118 175
118 681
118 752
118 983
119 517
119 668
119 958
119 971
120 188
120 836
120 951
120 999
121 403
121 485
121 855
121 863
122 725
122 938
122 967
122 997
123 169
123 348
123 926
123 995
124 221
124 283
124 779
124 859
125 153
125 170
125 654
125 951
126 261
126 512
126 767
126 901
127 17
127 151
127 658
127 906
128 63
128 434
128 571
128 926
129 335
129 408
129 714
129 928
130 727
130 802
130 832
130 977
131 301
131 770
131 957
131 973
132 439
132 830
132 924
132 996
133 202
133 274
133 568
133 807
134 367
134 529
134 892
134 894
135 817
135 911
135 970
135 984
136 34
136 617
136 744
136 880
137 78
137 111
137 922
137 969
138 94
138 500
138 844
138 991
139 775
139 813
139 870
139 932
140 783
140 855
140 978
140 999
141 931
141 955
141 961
141 990
142 67
142 447
142 600
142 991
143 255
143 639
143 746
143 964
144 632
144 964
144 979
144 995
145 547
145 797
145 924
145 987
146 183
146 319
146 868
146 989
147 662
147 880
147 932
147 937
148 248
148 575
148 603
148 659
149 244
149 783
149 888
149 987
150 272
150 697
150 872
150 937
151 127
151 447
151 495
151 754
152 667
152 835
152 945
152 983
153 125
153 362
153 514
153 775
154 334
154 558
154 913
154 937
155 416
155 621
155 987
155 991
156 784
156 879
156 896
156 900
157 636
157 911
157 920
157 989
158 625
158 686
158 826
158 964
159 461
159 586
159 686
159 688
160 723
160 727
160 927
160 966
161 337
161 445
161 772
161 908
162 529
162 559
162 761
162 960
163 164
163 701
163 895
163 957
164 163
164 287
164 414
164 760
165 291
165 619
165 838
165 864
166 544
166 568
166 616
166 865
167 445
167 927
167 939
167 964
168 406
168 769
168 963
168 970
169 123
169 502
169 552
169 890
170 125
170 514
170 630
170 903
171 374
171 470
171 659
171 996
172 641
172 957
172 990
172 998
173 626
173 723
173 750
173 872
174 515
174 634
174 827
174 844
175 118
175 659
175 665
175 973
176 454
176 914
176 984
176 993
177 185
177 588
177 603
177 881
178 612
178 888
178 961
178 965
179 205
179 969
179 975
179 998
180 244
180 293
180 394
180 861
181 433
181 801
181 894
181 899
182 297
182 982
182 988
182 999
183 146
183 407
183 741
183 969
184 285
184 562
184 722
184 980
185 177
185 623
185 825
185 829
186 368
186 883
186 960
186 979
187 528
187 744
187 888
187 944
188 120
188 654
188 677
188 979
189 14
189 436
189 824
189 863
190 30
190 703
190 872
190 959
191 15
191 940
191 944
191 980
192 373
192 418
192 770
192 934
193 477
193 760
193 962
193 991
194 232
194 297
194 522
194 905
195 427
195 488
195 711
195 741
196 254
196 860
196 866
196 929
197 773
197 865
197 951
197 992
198 425
198 655
198 837
198 913
199 623
199 658
199 885
199 920
200 422
200 449
200 480
200 979
201 559
201 806
201 871
201 900
202 133
202 225
202 417
202 694
203 815
203 902
203 986
203 999
204 100
204 728
204 807
204 925
205 56
205 179
205 858
205 987
206 563
206 736
206 805
206 835
207 551
207 694
207 696
207 935
208 728
208 855
208 864
208 939
209 403
209 555
209 972
209 991
210 759
210 882
210 973
210 982
211 394
211 461
211 805
211 992
212 390
212 848
212 965
212 992
213 566
213 771
213 823
213 903
214 502
214 730
214 862
214 954
215 49
215 414
215 735
215 832
216 914
216 972
216 983
216 998
217 62
217 710
217 724
217 815
218 854
218 855
218 965
218 994
219 734
219 758
219 853
219 954
220 659
220 894
220 911
220 960
221 124
221 280
221 875
221 934
222 324
222 440
222 898
222 998
223 35
223 525
223 771
223 847
224 23
224 328
224 922
224 943
225 202
225 903
225 992
225 993
226 84
226 710
226 757
226 832
227 332
227 576
227 833
227 909
228 467
228 883
228 939
228 993
229 253
229 295
229 905
229 931
230 253
230 640
230 770
230 912
231 444
231 823
231 882
231 933
232 113
232 194
232 800
232 989
233 2
233 61
233 919
233 981
234 507
234 893
234 949
234 975
235 809
235 922
235 951
235 989
236 417
236 612
236 835
236 976
237 32
237 880
237 922
237 954
238 276
238 439
238 788
238 841
239 754
239 760
239 851
239 985
240 859
240 881
240 896
240 992
241 272
241 915
241 987
241 995
242 567
242 718
242 814
242 996
243 667
243 844
243 946
243 969
243 981
244 149
244 180
244 489
244 513
244 841
245 83
245 320
245 430
245 805
245 843
246 27
246 36
246 393
246 442
246 854
247 273
247 596
247 619
247 879
247 953
248 148
248 347
248 811
248 876
248 959
249 643
249 748
249 855
249 902
249 992
250 579
250 732
250 819
250 906
250 918
251 442
251 616
251 745
251 902
251 988
252 467
252 533
252 844
252 961
252 995
253 229
253 230
253 484
253 744
253 950
254 103
254 196
254 279
254 874
254 971
255 143
255 440
255 597
255 986
255 988
256 656
256 714
256 842
256 893
256 927
257 699
257 738
257 741
257 759
257 974
258 37
258 368
258 796
258 995
258 997
259 97
259 626
259 875
259 950
259 991
260 291
260 409
260 470
260 724
260 947
261 126
261 304
261 727
261 743
261 879
262 394
262 818
262 888
262 954
262 972
263 596
263 887
263 897
263 960
263 965
264 359
264 492
264 729
264 860
264 972
265 366
265 887
265 912
265 965
265 989
266 579
266 788
266 801
266 915
266 921
267 476
267 804
267 916
267 931
267 974
268 36
268 51
268 532
268 651
268 972
269 698
269 868
269 927
269 998
269 999
270 463
270 678
270 831
270 848
270 979
271 420
271 658
271 785
271 927
271 990
272 150
272 241
272 405
272 923
272 986
273 61
273 247
273 733
273 892
273 947
274 133
274 281
274 834
274 853
274 955
275 110
275 655
275 835
275 912
275 934
276 88
276 238
276 351
276 664
276 871
277 429
277 474
277 519
277 811
277 959
278 76
278 412
278 803
278 884
278 948
279 254
279 509
279 799
279 932
279 940
280 221
280 746
280 838
280 963
280 972
281 274
281 725
281 783
281 939
281 962
282 742
282 925
282 970
282 976
282 985
283 124
283 619
283 756
283 831
283 986
284 599
284 935
284 962
284 987
284 999
285 184
285 741
285 943
285 982
285 990
286 513
286 707
286 755
286 834
286 946
287 80
287 164
287 764
287 836
287 897
288 692
288 773
288 877
288 952
288 982
289 867
289 903
289 950
289 954
289 990
290 88
290 513
290 662
290 913
290 939
291 165
291 260
291 444
291 879
291 930
292 448
292 646
292 907
292 931
292 932
293 67
293 180
293 736
293 960
293 994
294 660
294 813
294 965
294 978
294 996
295 229
295 742
295 942
295 968
295 980
296 40
296 801
296 910
296 934
296 960
297 106
297 182
297 194
297 495
297 586
298 589
298 764
298 929
298 977
298 998
299 441
299 695
299 816
299 936
299 974
300 10
300 570
300 597
300 931
300 977
301 131
301 735
301 908
301 972
301 998
302 783
302 840
302 916
302 953
302 996
303 321
303 449
303 488
303 986
303 989
304 51
304 261
304 359
304 432
304 766
305 538
305 565
305 737
305 950
305 991
306 331
306 339
306 697
306 936
306 959
307 749
307 839
307 953
307 961
307 995
308 355
308 472
308 745
308 830
308 836
309 722
309 757
309 874
309 926
309 981
310 418
310 681
310 906
310 922
310 954
311 7
311 16
311 862
311 869
311 971
312 433
312 464
312 554
312 671
312 743
313 575
313 702
313 713
313 857
313 917
314 350
314 786
314 947
314 980
314 993
315 495
315 540
315 758
315 777
315 979
316 319
316 563
316 896
316 925
316 996
317 632
317 649
317 910
317 918
317 936
318 580
318 659
318 673
318 674
318 842
319 146
319 316
319 453
319 534
319 994
320 245
320 660
320 734
320 943
320 979
321 303
321 723
321 778
321 880
321 925
322 349
322 847
322 875
322 923
322 980
323 486
323 541
323 542
323 629
323 793
324 222
324 356
324 694
324 899
324 993
325 401
325 822
325 875
325 905
325 970
326 498
326 617
326 803
326 904
326 956
327 336
327 399
327 685
327 880
327 938
328 224
328 889
328 892
328 942
328 988
329 849
329 864
329 903
329 938
329 947
330 87
330 590
330 957
330 961
330 989
331 306
331 509
331 965
331 966
331 998
332 227
332 872
332 885
332 956
332 990
333 824
333 858
333 887
333 958
333 962
334 154
334 709
334 901
334 947
334 998
335 129
335 600
335 676
335 786
335 791
336 327
336 416
336 751
336 951
336 992
337 161
337 553
337 629
337 735
337 965
338 542
338 736
338 882
338 911
338 928
339 306
339 466
339 675
339 870
339 950
340 392
340 449
340 451
340 975
340 984
341 724
341 790
341 852
341 882
341 896
342 768
342 817
342 861
342 964
342 977
343 437
343 614
343 644
343 896
343 969
344 95
344 441
344 849
344 884
344 934
345 884
345 947
345 964
345 976
345 977
346 476
346 521
346 742
346 881
346 963
347 248
347 398
347 943
347 985
347 989
348 123
348 588
348 700
348 899
348 983
349 35
349 322
349 406
349 570
349 966
350 314
350 470
350 724
350 851
350 881
351 276
351 532
351 549
351 888
351 923
352 12
352 776
352 897
352 922
352 996
353 11
353 673
353 786
353 792
353 879
354 62
354 543
354 684
354 826
354 897
355 308
355 770
355 842
355 853
355 936
356 324
356 657
356 740
356 789
356 884
357 513
357 855
357 942
357 965
357 991
358 70
358 745
358 835
358 939
358 979
359 264
359 304
359 771
359 905
359 994
360 494
360 563
360 644
360 970
360 971
361 581
361 803
361 834
361 982
361 991
362 153
362 842
362 888
362 924
362 981
363 573
363 674
363 830
363 945
363 966
364 483
364 605
364 645
364 967
364 998
365 665
365 786
365 941
365 951
365 966
366 265
366 420
366 442
366 897
366 970
367 134
367 398
367 904
367 980
367 995
368 186
368 258
368 893
368 963
368 967
369 664
369 910
369 928
369 978
369 989
370 476
370 878
370 941
370 946
370 981
371 804
371 899
371 959
371 960
371 980
372 455
372 497
372 689
372 908
372 931
373 192
373 800
373 822
373 833
373 852
374 28
374 171
374 405
374 671
374 999
375 600
375 866
375 881
375 931
375 988
376 71
376 669
376 886
376 904
376 948
377 897
377 924
377 960
377 961
377 983
378 456
378 580
378 718
378 827
378 867
378 961
379 429
379 585
379 786
379 894
379 911
379 963
380 106
380 384
380 414
380 438
380 485
380 901
381 609
381 617
381 796
381 856
381 891
381 995
382 679
382 717
382 785
382 890
382 933
382 996
383 493
383 624
383 673
383 752
383 981
383 994
384 380
384 483
384 763
384 954
384 973
384 982
385 611
385 627
385 647
385 791
385 937
385 997
386 2
386 744
386 815
386 825
386 852
386 983
387 5
387 570
387 776
387 792
387 867
387 920
388 82
388 486
388 642
388 777
388 882
388 982
389 626
389 790
389 792
389 830
389 964
389 988
390 212
390 507
390 723
390 765
390 769
390 978
391 887
391 895
391 915
391 923
391 966
391 995
392 340
392 465
392 646
392 830
392 848
392 943
393 246
393 499
393 776
393 818
393 961
393 997
394 180
394 211
394 262
394 860
394 916
394 997
395 545
395 798
395 835
395 864
395 920
395 953
396 99
396 582
396 589
396 779
396 970
396 971
397 437
397 496
397 579
397 694
397 884
397 983
398 347
398 367
398 483
398 566
398 639
398 874
399 327
399 897
399 959
399 962
399 979
399 989
400 11
400 684
400 835
400 863
400 974
400 985
401 325
401 424
401 425
401 690
401 908
401 921
402 545
402 575
402 815
402 865
402 967
402 982
403 41
403 121
403 209
403 940
403 941
403 971
404 582
404 623
404 707
404 876
404 939
404 961
405 114
405 272
405 374
405 425
405 705
405 930
406 168
406 349
406 419
406 738
406 869
406 875
407 94
407 183
407 647
407 822
407 861
407 959
408 129
408 662
408 895
408 957
408 970
408 977
409 260
409 503
409 574
409 746
409 828
409 930
410 516
410 712
410 780
410 816
410 906
410 910
411 803
411 821
411 933
411 940
411 960
411 989
412 40
412 278
412 959
412 965
412 985
412 999
413 105
413 709
413 722
413 853
413 965
413 982
414 164
414 215
414 380
414 731
414 960
414 987
415 72
415 442
415 907
415 938
415 946
415 994
416 155
416 336
416 499
416 536
416 581
416 633
417 83
417 202
417 236
417 858
417 870
417 999
418 192
418 310
418 453
418 781
418 917
418 993
419 406
419 503
419 631
419 779
419 829
419 963
420 271
420 366
420 803
420 966
420 983
420 993
421 48
421 438
421 798
421 833
421 854
421 896
422 200
422 882
422 898
422 909
422 951
422 983
423 635
423 776
423 905
423 954
423 962
423 988
424 91
424 401
424 593
424 732
424 764
424 887
425 198
425 401
425 405
425 953
425 958
425 970
426 525
426 663
426 680
426 846
426 950
426 993
427 195
427 655
427 806
427 858
427 889
427 966
428 584
428 754
428 775
428 813
428 952
428 958
429 277
429 379
429 455
429 607
429 691
429 766
430 93
430 245
430 735
430 772
430 809
430 824
431 482
431 535
431 896
431 926
431 945
431 992
432 304
432 730
432 857
432 957
432 959
432 994
433 181
433 312
433 630
433 744
433 831
433 989
434 128
434 583
434 683
434 684
434 753
434 804
435 757
435 916
435 922
435 946
435 980
435 986
436 189
436 851
436 897
436 903
436 925
436 951
437 343
437 397
437 552
437 750
437 908
437 995
438 107
438 380
438 421
438 868
438 935
438 949
439 132
439 238
439 463
439 480
439 716
439 876
440 33
440 222
440 255
440 512
440 610
440 726
441 299
441 344
441 897
441 931
441 941
441 966
442 246
442 251
442 366
442 415
442 919
442 953
443 459
443 689
443 842
443 853
443 896
443 947
444 231
444 291
444 648
444 853
444 920
444 949
445 161
445 167
445 587
445 761
445 984
445 998
446 566
446 677
446 687
446 839
446 878
446 887
447 142
447 151
447 461
447 840
447 886
447 902
448 292
448 530
448 638
448 729
448 763
448 993
449 200
449 303
449 340
449 667
449 844
449 969
450 565
450 715
450 952
450 961
450 970
450 981
451 111
451 340
451 516
451 553
451 857
451 858
452 38
452 535
452 644
452 935
452 967
452 993
453 319
453 418
453 778
453 875
453 910
453 970
454 16
454 176
454 609
454 770
454 953
454 997
455 110
455 372
455 429
455 656
455 854
455 882
456 378
456 584
456 669
456 890
456 905
456 914
457 674
457 848
457 940
457 945
457 962
457 987
458 71
458 710
458 911
458 971
458 993
458 994
459 2
459 18
459 443
459 461
459 776
459 961
460 671
460 689
460 792
460 846
460 898
460 965
461 159
461 211
461 447
461 459
461 599
461 819
462 675
462 780
462 959
462 962
462 967
462 987
463 270
463 439
463 504
463 550
463 841
463 994
464 15
464 312
464 941
464 984
464 986
464 997
465 392
465 531
465 703
465 879
465 956
465 969
466 85
466 339
466 476
466 730
466 899
466 973
467 106
467 228
467 252
467 786
467 932
467 942
468 16
468 571
468 707
468 930
468 973
468 987
469 58
469 65
469 505
469 703
469 890
469 977
470 171
470 260
470 350
470 702
470 838
470 913
471 501
471 560
471 572
471 939
471 981
471 992
472 3
472 67
472 308
472 915
472 956
472 989
473 500
473 577
473 716
473 763
473 948
473 957
474 11
474 277
474 525
474 528
474 530
474 685
475 538
475 591
475 617
475 668
475 799
475 927
476 267
476 346
476 370
476 466
476 816
476 899
477 1
477 87
477 193
477 491
477 930
477 977
478 554
478 725
478 792
478 827
478 931
478 950
479 116
479 732
479 863
479 900
479 924
479 991
480 200
480 439
480 518
480 728
480 930
480 945
481 70
481 689
481 805
481 957
481 989
481 994
482 431
482 655
482 959
482 963
482 978
482 983
483 364
483 384
483 398
483 660
483 721
483 842
484 253
484 543
484 779
484 784
484 884
484 977
485 58
485 121
485 380
485 574
485 921
485 978
486 323
486 388
486 492
486 970
486 988
486 989
487 727
487 776
487 828
487 879
487 979
487 999
488 195
488 303
488 699
488 745
488 898
488 974
489 47
489 244
489 637
489 730
489 922
489 981
490 578
490 754
490 974
490 983
490 988
490 993
491 477
491 520
491 563
491 929
491 940
491 999
492 264
492 486
492 869
492 889
492 995
492 997
493 90
493 383
493 559
493 648
493 831
493 941
493 984
494 360
494 571
494 600
494 667
494 696
494 988
494 992
495 151
495 297
495 315
495 498
495 545
495 556
495 839
496 397
496 825
496 862
496 911
496 936
496 938
496 976
497 82
497 91
497 372
497 566
497 886
497 962
497 996
498 326
498 495
498 826
498 827
498 909
498 997
498 999
499 393
499 416
499 561
499 591
499 761
499 942
499 982
500 138
500 473
500 696
500 817
500 846
500 925
500 937
501 471
501 520
501 603
501 776
501 865
501 887
501 955
502 169
502 214
502 712
502 863
502 921
502 971
502 992
503 90
503 409
503 419
503 854
503 943
503 972
503 985
504 110
504 463
504 557
504 943
504 957
504 968
504 996
505 469
505 529
505 602
505 620
505 800
505 907
505 929
506 37
506 527
506 692
506 766
506 881
506 958
506 978
507 234
507 390
507 527
507 696
507 928
507 988
507 999
508 80
508 608
508 863
508 912
508 925
508 990
508 992
509 279
509 331
509 717
509 852
509 880
509 936
509 980
510 549
510 724
510 769
510 863
510 900
510 954
510 976
511 749
511 880
511 894
511 912
511 958
511 986
511 991
512 56
512 126
512 440
512 892
512 940
512 968
512 971
513 244
513 286
513 290
513 357
513 614
513 692
513 927
514 153
514 170
514 733
514 825
514 972
514 992
514 994
515 174
515 585
515 656
515 907
515 955
515 972
515 999
516 410
516 451
516 685
516 947
516 955
516 961
516 966
517 119
517 665
517 669
517 673
517 908
517 968
517 976
518 480
518 647
518 717
518 867
518 895
518 925
518 964
519 277
519 689
519 789
519 813
519 848
519 947
519 975
520 491
520 501
520 864
520 914
520 970
520 982
520 998
521 85
521 346
521 896
521 959
521 977
521 985
521 998
522 65
522 194
522 681
522 706
522 790
522 796
522 926
523 534
523 831
523 839
523 840
523 861
523 959
523 994
524 601
524 607
524 677
524 755
524 794
524 880
524 887
525 87
525 223
525 426
525 474
525 576
525 622
525 941
526 683
526 688
526 819
526 824
526 904
526 943
526 962
527 506
527 507
527 682
527 771
527 878
527 944
527 988
528 187
528 474
528 537
528 567
528 679
528 864
528 976
529 134
529 162
529 505
529 568
529 681
529 934
529 956
530 448
530 474
530 726
530 811
530 871
530 939
530 981
531 26
531 465
531 781
531 908
531 945
531 957
531 976
532 268
532 351
532 551
532 737
532 878
532 982
532 995
533 77
533 252
533 594
533 726
533 812
533 912
533 928
534 319
534 523
534 542
534 546
534 940
534 944
534 985
535 105
535 431
535 452
535 737
535 825
535 832
535 996
536 97
536 416
536 596
536 650
536 772
536 800
536 829
537 35
537 528
537 641
537 787
537 839
537 934
537 982
538 305
538 475
538 573
538 701
538 724
538 759
538 878
539 745
539 805
539 836
539 897
539 901
539 923
539 969
540 315
540 723
540 858
540 884
540 967
540 976
540 986
541 323
541 623
541 824
541 826
541 843
541 904
541 955
542 323
542 338
542 534
542 670
542 949
542 969
542 987
543 354
543 484
543 623
543 874
543 900
543 952
543 984
544 166
544 656
544 748
544 917
544 920
544 966
544 999
545 395
545 402
545 495
545 805
545 834
545 974
545 995
546 534
546 628
546 642
546 694
546 862
546 928
546 956
547 145
547 687
547 714
547 739
547 983
547 990
547 998
548 569
548 749
548 812
548 905
548 923
548 945
548 971
549 351
549 510
549 816
549 837
549 838
549 892
549 979
550 20
550 42
550 463
550 576
550 871
550 949
550 967
551 207
551 532
551 615
551 797
551 903
551 955
551 971
552 169
552 437
552 756
552 840
552 873
552 949
552 968
553 337
553 451
553 696
553 845
553 855
553 978
553 997
554 312
554 478
554 850
554 873
554 949
554 995
554 996
555 1
555 209
555 808
555 877
555 968
555 969
555 997
556 495
556 726
556 832
556 867
556 891
556 966
556 977
557 504
557 691
557 841
557 862
557 966
557 971
557 988
558 154
558 591
558 799
558 894
558 973
558 979
558 995
559 85
559 162
559 201
559 493
559 561
559 654
559 854
560 471
560 677
560 728
560 744
560 830
560 986
560 994
561 499
561 559
561 602
561 847
561 940
561 954
561 998
562 50
562 184
562 627
562 751
562 793
562 889
562 976
563 206
563 316
563 360
563 491
563 926
563 954
563 978
564 621
564 860
564 877
564 945
564 950
564 990
564 997
565 305
565 450
565 699
565 715
565 809
565 911
565 915
566 213
566 398
566 446
566 497
566 825
566 897
566 948
567 242
567 528
567 610
567 753
567 943
567 980
567 988
568 133
568 166
568 529
568 719
568 888
568 968
568 992
569 548
569 613
569 795
569 826
569 862
569 958
569 977
570 300
570 349
570 387
570 878
570 897
570 902
570 979
571 82
571 128
571 468
571 494
571 632
571 774
571 857
572 471
572 628
572 777
572 798
572 849
572 942
572 968
573 363
573 538
573 589
573 712
573 797
573 905
573 986
574 107
574 409
574 485
574 927
574 939
574 966
574 971
575 17
575 148
575 313
575 402
575 587
575 888
575 889
576 34
576 227
576 525
576 550
576 705
576 739
576 997
577 79
577 473
577 686
577 871
577 943
577 959
577 971
578 35
578 490
578 700
578 800
578 824
578 926
578 951
578 958
579 104
579 250
579 266
579 397
579 702
579 790
579 906
579 940
580 318
580 378
580 681
580 811
580 850
580 895
580 928
580 993
581 85
581 361
581 416
581 655
581 705
581 841
581 843
581 923
582 83
582 92
582 396
582 404
582 772
582 918
582 937
582 993
583 30
583 434
583 714
583 856
583 956
583 976
583 986
583 991
584 428
584 456
584 693
584 710
584 870
584 935
584 965
584 976
585 379
585 515
585 628
585 856
585 902
585 966
585 970
585 979
586 23
586 159
586 297
586 635
586 769
586 797
586 882
586 892
587 445
587 575
587 626
587 726
587 816
587 817
587 900
587 925
588 177
588 348
588 664
588 850
588 851
588 909
588 937
588 969
589 298
589 396
589 573
589 804
589 916
589 932
589 949
589 986
590 330
590 602
590 714
590 789
590 847
590 921
590 956
590 977
591 475
591 499
591 558
591 839
591 882
591 886
591 939
591 962
592 622
592 685
592 695
592 824
592 928
592 946
592 969
592 996
593 424
593 683
593 764
593 908
593 931
593 960
593 989
593 998
594 533
594 698
594 726
594 729
594 759
594 836
594 981
594 999
595 822
595 830
595 868
595 922
595 945
595 977
595 986
595 992
596 59
596 247
596 263
596 536
596 946
596 950
596 959
596 988
597 255
597 300
597 697
597 717
597 872
597 941
597 952
597 997
598 81
598 97
598 837
598 858
598 956
598 963
598 990
598 998
599 7
599 284
599 461
599 892
599 944
599 984
599 985
599 996
600 142
600 335
600 375
600 494
600 806
600 843
600 956
600 998
601 116
601 524
601 626
601 719
601 736
601 774
601 869
601 976
602 505
602 561
602 590
602 913
602 923
602 972
602 973
602 981
603 96
603 148
603 177
603 501
603 686
603 825
603 973
603 975
604 22
604 53
604 808
604 888
604 909
604 936
604 971
604 994
605 364
605 634
605 724
605 729
605 798
605 839
605 995
605 997
606 43
606 641
606 780
606 834
606 970
606 973
606 979
606 992
607 26
607 429
607 524
607 794
607 930
607 933
607 978
607 997
608 15
608 508
608 643
608 784
608 793
608 884
608 959
608 987
609 381
609 454
609 801
609 858
609 917
609 931
609 933
609 955
610 440
610 567
610 843
610 904
610 949
610 966
610 995
610 999
611 385
611 700
611 822
611 867
611 873
611 926
611 973
611 992
612 178
612 236
612 648
612 732
612 733
612 820
612 927
612 975
613 569
613 658
613 759
613 767
613 831
613 885
613 886
613 924
614 31
614 343
614 513
614 821
614 827
614 894
614 919
614 952
615 551
615 636
615 738
615 782
615 795
615 823
615 933
615 958
616 166
616 251
616 629
616 866
616 919
616 954
616 966
616 995
617 136
617 326
617 381
617 475
617 753
617 941
617 984
617 992
618 669
618 728
618 783
618 822
618 869
618 888
618 893
618 905
619 165
619 247
619 283
619 787
619 873
619 942
619 962
619 996
620 505
620 851
620 910
620 952
620 958
620 961
620 966
620 975
621 155
621 564
621 698
621 893
621 921
621 957
621 988
621 997
622 525
622 592
622 684
622 717
622 821
622 889
622 973
622 981
623 185
623 199
623 404
623 541
623 543
623 914
623 915
623 931
624 383
624 699
624 807
624 828
624 941
624 960
624 972
624 988
625 158
625 683
625 698
625 774
625 807
625 842
625 926
625 935
626 173
626 259
626 389
626 587
626 601
626 634
626 645
626 829
627 78
627 385
627 562
627 796
627 857
627 910
627 926
627 987
628 546
628 572
628 585
628 717
628 787
628 811
628 919
628 984
629 323
629 337
629 616
629 711
629 869
629 948
629 965
629 996
630 170
630 433
630 719
630 740
630 867
630 910
630 941
630 985
631 68
631 112
631 419
631 688
631 749
631 859
631 942
631 992
632 144
632 317
632 571
632 891
632 909
632 965
632 987
632 989
633 59
633 416
633 651
633 707
633 780
633 846
633 957
633 995
634 174
634 605
634 626
634 784
634 800
634 942
634 954
634 966
634 975
635 423
635 586
635 695
635 808
635 899
635 904
635 958
635 986
635 992
636 157
636 615
636 725
636 828
636 909
636 945
636 959
636 969
636 983
637 54
637 80
637 489
637 672
637 718
637 778
637 835
637 900
637 998
638 20
638 72
638 448
638 834
638 907
638 941
638 946
638 950
638 997
639 54
639 143
639 398
639 643
639 814
639 925
639 929
639 933
639 965
640 230
640 725
640 910
640 923
640 937
640 949
640 967
640 987
640 998
641 172
641 537
641 606
641 730
641 748
641 759
641 761
641 784
641 953
642 388
642 546
642 711
642 763
642 853
642 885
642 960
642 985
642 990
643 249
643 608
643 639
643 690
643 695
643 739
643 809
643 934
643 987
644 56
644 343
644 360
644 452
644 799
644 801
644 835
644 904
644 938
645 364
645 626
645 794
645 817
645 834
645 847
645 860
645 876
645 992
646 37
646 292
646 392
646 681
646 911
646 956
646 963
646 975
646 977
647 385
647 407
647 518
647 675
647 715
647 795
647 968
647 993
647 994
648 19
648 444
648 493
648 612
648 743
648 755
648 893
648 974
648 979
649 317
649 710
649 830
649 878
649 879
649 908
649 926
649 951
649 989
650 108
650 536
650 704
650 840
650 860
650 876
650 942
650 975
650 989
651 268
651 633
651 726
651 913
651 934
651 947
651 964
651 967
651 971
652 73
652 75
652 772
652 782
652 861
652 896
652 941
652 950
652 973
653 807
653 851
653 867
653 893
653 909
653 928
653 946
653 960
653 984
654 125
654 188
654 559
654 860
654 935
654 940
654 964
654 986
654 999
655 198
655 275
655 427
655 482
655 581
655 662
655 835
655 859
655 944
656 256
656 455
656 515
656 544
656 661
656 783
656 877
656 934
656 997
657 356
657 660
657 678
657 789
657 810
657 833
657 923
657 926
657 974
658 127
658 199
658 271
658 613
658 901
658 946
658 955
658 992
658 994
659 90
659 148
659 171
659 175
659 220
659 318
659 968
659 988
659 989
660 98
660 294
660 320
660 483
660 657
660 784
660 873
660 878
660 939
661 89
661 656
661 806
661 807
661 913
661 924
661 985
661 988
661 995
662 147
662 290
662 408
662 655
662 665
662 804
662 852
662 855
662 998
663 426
663 759
663 767
663 809
663 880
663 892
663 901
663 947
663 957
664 276
664 369
664 588
664 755
664 810
664 813
664 955
664 959
664 993
665 175
665 365
665 517
665 662
665 806
665 886
665 918
665 951
665 991
666 676
666 686
666 783
666 799
666 846
666 872
666 878
666 970
666 973
667 6
667 152
667 243
667 449
667 494
667 737
667 855
667 859
667 888
668 119
668 475
668 669
668 791
668 816
668 849
668 857
668 944
668 994
669 115
669 376
669 456
669 517
669 618
669 668
669 818
669 981
669 984
670 7
670 48
670 542
670 747
670 748
670 778
670 941
670 970
670 998
671 9
671 18
671 312
671 374
671 460
671 832
671 871
671 978
671 990
672 637
672 674
672 702
672 727
672 757
672 830
672 903
672 975
672 980
673 318
673 353
673 383
673 517
673 691
673 807
673 874
673 953
673 967
674 113
674 318
674 363
674 457
674 672
674 785
674 848
674 895
674 916
675 339
675 462
675 647
675 773
675 891
675 973
675 990
675 992
675 999
676 335
676 666
676 692
676 751
676 759
676 816
676 861
676 911
676 980
677 74
677 188
677 446
677 524
677 560
677 693
677 751
677 925
677 970
678 270
678 657
678 720
678 756
678 811
678 861
678 899
678 901
678 954
679 382
679 528
679 680
679 807
679 812
679 894
679 958
679 991
679 992
679 997
680 426
680 679
680 714
680 734
680 747
680 820
680 916
680 953
680 956
680 974
681 118
681 310
681 522
681 529
681 580
681 646
681 715
681 774
681 904
681 959
682 58
682 527
682 703
682 771
682 801
682 820
682 859
682 870
682 900
682 932
683 434
683 526
683 593
683 625
683 840
683 845
683 864
683 883
683 907
683 991
684 354
684 400
684 434
684 622
684 868
684 870
684 921
684 933
684 979
684 998
685 327
685 474
685 516
685 592
685 716
685 755
685 819
685 832
685 842
685 870
686 158
686 159
686 577
686 603
686 666
686 758
686 861
686 874
686 935
686 983
687 0
687 446
687 547
687 689
687 764
687 803
687 862
687 963
687 968
687 982
688 159
688 526
688 631
688 690
688 834
688 912
688 918
688 935
688 940
688 985
689 372
689 443
689 460
689 481
689 519
689 687
689 724
689 946
689 951
689 964
690 66
690 99
690 401
690 643
690 688
690 691
690 810
690 955
690 977
690 985
691 429
691 557
691 673
691 690
691 752
691 813
691 848
691 863
691 890
691 992
692 288
692 506
692 513
692 676
692 789
692 805
692 886
692 913
692 950
692 984
693 584
693 677
693 788
693 812
693 825
693 861
693 949
693 974
693 976
693 992
694 202
694 207
694 324
694 397
694 546
694 860
694 880
694 946
694 981
694 994
695 117
695 299
695 592
695 635
695 643
695 708
695 742
695 806
695 810
695 908
696 207
696 494
696 500
696 507
696 553
696 807
696 891
696 928
696 937
696 987
697 114
697 150
697 306
697 597
697 700
697 831
697 885
697 919
697 943
697 970
698 269
698 594
698 621
698 625
698 782
698 880
698 939
698 980
698 982
698 993
699 257
699 488
699 565
699 624
699 735
699 812
699 819
699 850
699 914
699 959
700 348
700 578
700 611
700 697
700 798
700 806
700 863
700 913
700 921
700 933
701 163
701 538
701 821
701 842
701 846
701 917
701 928
701 933
701 944
701 969
702 88
702 313
702 470
702 579
702 672
702 730
702 732
702 939
702 950
702 971
703 190
703 465
703 469
703 682
703 860
703 868
703 948
703 981
703 986
703 988
704 650
704 743
704 796
704 831
704 850
704 880
704 937
704 952
704 975
704 998
705 100
705 405
705 576
705 581
705 750
705 775
705 857
705 939
705 989
705 992
706 522
706 734
706 839
706 889
706 897
706 901
706 913
706 953
706 958
706 990
707 21
707 286
707 404
707 468
707 633
707 746
707 821
707 856
707 882
707 959
708 695
708 713
708 757
708 780
708 851
708 885
708 893
708 914
708 937
708 999
709 42
709 334
709 413
709 816
709 871
709 885
709 920
709 926
709 964
709 965
710 217
710 226
710 458
710 584
710 649
710 781
710 813
710 884
710 940
710 974
711 52
711 61
711 195
711 629
711 642
711 768
711 789
711 813
711 823
711 992
712 410
712 502
712 573
712 741
712 803
712 817
712 936
712 939
712 945
712 967
713 313
713 708
713 733
713 875
713 903
713 910
713 923
713 952
713 978
713 992
714 39
714 117
714 129
714 256
714 547
714 583
714 590
714 680
714 923
714 990
715 70
715 450
715 565
715 647
715 681
715 718
715 919
715 923
715 952
715 975
716 439
716 473
716 685
716 741
716 781
716 844
716 876
716 912
716 949
716 967
717 1
717 382
717 509
717 518
717 597
717 622
717 628
717 913
717 939
717 953
718 55
718 242
718 378
718 637
718 715
718 753
718 936
718 984
718 991
718 997
719 568
719 601
719 630
719 855
719 863
719 930
719 949
719 954
719 969
719 979
720 81
720 678
720 745
720 806
720 833
720 890
720 914
720 936
720 937
720 987
721 109
721 483
721 728
721 758
721 760
721 773
721 776
721 964
721 993
721 994
722 102
722 184
722 309
722 413
722 798
722 799
722 846
722 947
722 975
722 979
723 160
723 173
723 321
723 390
723 540
723 772
723 776
723 896
723 951
723 964
724 217
724 260
724 341
724 350
724 510
724 538
724 605
724 689
724 907
724 910
725 122
725 281
725 478
725 636
725 640
725 770
725 773
725 848
725 859
725 873
725 892
726 440
726 530
726 533
726 556
726 587
726 594
726 651
726 760
726 890
726 942
726 977
727 130
727 160
727 261
727 487
727 672
727 754
727 901
727 906
727 919
727 962
727 987
728 29
728 204
728 208
728 480
728 560
728 618
728 721
728 772
728 854
728 901
728 906
729 69
729 264
729 448
729 594
729 605
729 771
729 889
729 891
729 962
729 972
729 988
730 214
730 432
730 466
730 489
730 641
730 702
730 750
730 785
730 933
730 935
730 966
731 114
731 414
731 777
731 800
731 801
731 859
731 879
731 930
731 961
731 972
731 993
732 250
732 424
732 479
732 612
732 702
732 769
732 915
732 945
732 952
732 978
732 994
733 273
733 514
733 612
733 713
733 765
733 846
733 905
733 940
733 955
733 961
733 990
734 18
734 219
734 320
734 680
734 706
734 863
734 928
734 958
734 966
734 967
734 973
735 215
735 301
735 337
735 430
735 699
735 882
735 914
735 938
735 946
735 991
735 993
736 44
736 206
736 293
736 338
736 601
736 781
736 916
736 918
736 942
736 946
736 998
737 55
737 305
737 532
737 535
737 667
737 771
737 773
737 843
737 889
737 907
737 925
738 257
738 406
738 615
738 836
738 866
738 889
738 936
738 948
738 952
738 967
738 973
739 43
739 547
739 576
739 643
739 787
739 848
739 937
739 950
739 960
739 970
739 983
740 356
740 630
740 752
740 798
740 898
740 906
740 925
740 937
740 967
740 970
740 993
741 183
741 195
741 257
741 285
741 712
741 716
741 793
741 891
741 936
741 942
741 993
742 282
742 295
742 346
742 695
742 775
742 881
742 921
742 953
742 964
742 993
742 997
743 82
743 261
743 312
743 648
743 704
743 841
743 849
743 869
743 931
743 951
743 980
744 136
744 187
744 253
744 386
744 433
744 560
744 845
744 868
744 872
744 938
744 975
745 251
745 308
745 358
745 488
745 539
745 720
745 868
745 892
745 914
745 929
745 946
746 143
746 280
746 409
746 707
746 808
746 826
746 910
746 969
746 982
746 985
746 999
747 670
747 680
747 749
747 830
747 863
747 866
747 892
747 912
747 914
747 975
747 990
748 24
748 249
748 544
748 641
748 670
748 778
748 833
748 948
748 962
748 977
748 988
748 999
749 307
749 511
749 548
749 631
749 747
749 789
749 797
749 917
749 920
749 981
749 982
749 988
750 173
750 437
750 705
750 730
750 849
750 856
750 880
750 930
750 952
750 958
750 960
750 996
751 336
751 562
751 676
751 677
751 792
751 816
751 828
751 881
751 894
751 899
751 903
751 948
752 118
752 383
752 691
752 740
752 840
752 870
752 922
752 936
752 968
752 973
752 983
752 991
753 42
753 434
753 567
753 617
753 718
753 768
753 927
753 932
753 945
753 970
753 984
753 993
754 46
754 102
754 151
754 239
754 428
754 490
754 727
754 771
754 778
754 903
754 932
754 933
755 286
755 524
755 648
755 664
755 685
755 801
755 853
755 929
755 943
755 956
755 972
755 986
756 108
756 283
756 552
756 678
756 788
756 791
756 798
756 864
756 870
756 945
756 982
756 996
757 8
757 226
757 309
757 435
757 672
757 708
757 768
757 827
757 908
757 929
757 932
757 951
758 219
758 315
758 686
758 721
758 782
758 847
758 849
758 871
758 872
758 911
758 965
758 972
759 210
759 257
759 538
759 594
759 613
759 641
759 663
759 676
759 843
759 876
759 917
759 937
760 164
760 193
760 239
760 721
760 726
760 766
760 883
760 905
760 915
760 941
760 949
760 981
761 162
761 445
761 499
761 641
761 762
761 802
761 910
761 930
761 948
761 956
761 983
761 984
762 761
762 765
762 798
762 805
762 819
762 837
762 841
762 846
762 917
762 926
762 928
762 933
763 384
763 448
763 473
763 642
763 789
763 810
763 851
763 870
763 883
763 956
763 982
763 996
764 101
764 287
764 298
764 424
764 593
764 687
764 811
764 817
764 884
764 889
764 917
764 960
765 64
765 86
765 390
765 733
765 762
765 782
765 788
765 883
765 903
765 907
765 913
765 942
766 304
766 429
766 506
766 760
766 778
766 783
766 858
766 861
766 919
766 973
766 987
766 988
767 126
767 613
767 663
767 775
767 790
767 800
767 820
767 898
767 920
767 957
767 966
767 972
768 342
768 711
768 753
768 757
768 849
768 907
768 936
768 946
768 948
768 968
768 974
768 975
769 74
769 168
769 390
769 510
769 586
769 732
769 888
769 900
769 904
769 929
769 988
769 990
770 131
770 192
770 230
770 355
770 454
770 725
770 801
770 802
770 820
770 870
770 955
770 969
771 31
771 213
771 223
771 359
771 527
771 682
771 729
771 737
771 754
771 847
771 933
771 971
772 32
772 161
772 430
772 536
772 582
772 652
772 723
772 728
772 819
772 914
772 953
772 980
773 197
773 288
773 675
773 721
773 725
773 737
773 839
773 846
773 936
773 951
773 966
773 996
774 571
774 601
774 625
774 681
774 791
774 819
774 852
774 912
774 935
774 952
774 960
774 985
775 139
775 153
775 428
775 705
775 742
775 767
775 909
775 924
775 946
775 981
775 996
775 997
776 352
776 387
776 393
776 423
776 459
776 487
776 501
776 721
776 723
776 805
776 808
776 965
777 315
777 388
777 572
777 731
777 780
777 841
777 848
777 853
777 885
777 941
777 954
777 987
778 321
778 453
778 637
778 670
778 748
778 754
778 766
778 801
778 880
778 920
778 970
778 981
778 998
779 124
779 396
779 419
779 484
779 795
779 935
779 964
779 970
779 971
779 980
779 993
779 994
779 996
780 410
780 462
780 606
780 633
780 708
780 777
780 902
780 915
780 950
780 963
780 974
780 990
780 999
781 13
781 418
781 531
781 710
781 716
781 736
781 826
781 873
781 925
781 947
781 950
781 983
781 986
782 7
782 79
782 615
782 652
782 698
782 758
782 765
782 792
782 872
782 886
782 918
782 949
782 974
783 93
783 140
783 149
783 281
783 302
783 618
783 656
783 666
783 766
783 935
783 949
783 975
783 987
784 156
784 484
784 608
784 634
784 641
784 660
784 799
784 820
784 980
784 982
784 986
784 989
784 994
785 271
785 382
785 674
785 730
785 802
785 811
785 826
785 853
785 885
785 890
785 898
785 938
785 951
786 17
786 314
786 335
786 353
786 365
786 379
786 467
786 821
786 837
786 844
786 916
786 940
786 999
787 537
787 619
787 628
787 739
787 805
787 846
787 899
787 935
787 956
787 969
787 981
787 986
787 993
788 104
788 238
788 266
788 693
788 756
788 765
788 937
788 954
788 961
788 964
788 967
788 972
788 997
789 0
789 356
789 519
789 590
789 657
789 692
789 711
789 749
789 763
789 802
789 859
789 947
789 993
790 341
790 389
790 522
790 579
790 767
790 865
790 874
790 903
790 933
790 957
790 972
790 975
790 980
791 41
791 335
791 385
791 668
791 756
791 774
791 837
791 870
791 944
791 958
791 967
791 983
791 990
792 62
792 353
792 387
792 389
792 460
792 478
792 751
792 782
792 834
792 835
792 925
792 943
792 949
793 36
793 90
793 323
793 562
793 608
793 741
793 823
793 838
793 892
793 927
793 960
793 976
793 979
794 524
794 607
794 645
794 823
794 860
794 867
794 868
794 883
794 943
794 976
794 988
794 993
794 995
795 102
795 569
795 615
795 647
795 779
795 803
795 808
795 852
795 912
795 919
795 928
795 975
795 991
796 44
796 258
796 381
796 522
796 627
796 704
796 806
796 821
796 825
796 927
796 981
796 985
796 991
797 145
797 551
797 573
797 586
797 749
797 811
797 820
797 836
797 877
797 885
797 968
797 992
797 998
798 395
798 421
798 572
798 605
798 700
798 722
798 740
798 756
798 762
798 825
798 838
798 950
798 999
799 79
799 279
799 475
799 558
799 644
799 666
799 722
799 784
799 802
799 864
799 928
799 969
799 982
800 3
800 25
800 232
800 373
800 505
800 536
800 578
800 634
800 731
800 767
800 895
800 904
800 952
801 181
801 266
801 296
801 609
801 644
801 682
801 731
801 755
801 770
801 778
801 803
801 908
801 973
801 989
802 117
802 130
802 761
802 770
802 785
802 789
802 799
802 834
802 935
802 948
802 967
802 987
802 988
802 989
803 5
803 278
803 326
803 361
803 411
803 420
803 687
803 712
803 795
803 801
803 810
803 845
803 958
803 980
804 1
804 67
804 68
804 267
804 371
804 434
804 589
804 662
804 818
804 877
804 894
804 956
804 974
804 994
805 206
805 211
805 245
805 481
805 539
805 545
805 692
805 762
805 776
805 787
805 837
805 946
805 988
805 992
806 201
806 427
806 600
806 661
806 665
806 695
806 700
806 720
806 796
806 827
806 887
806 948
806 952
806 969
807 13
807 38
807 133
807 204
807 624
807 625
807 653
807 661
807 673
807 679
807 696
807 947
807 955
807 958
808 0
808 555
808 604
808 635
808 746
808 776
808 795
808 845
808 878
808 957
808 960
808 967
808 978
808 983
809 235
809 430
809 565
809 643
809 663
809 832
809 838
809 857
809 860
809 911
809 916
809 929
809 969
809 980
810 657
810 664
810 690
810 695
810 763
810 803
810 814
810 861
810 862
810 921
810 925
810 944
810 954
810 997
811 248
811 277
811 530
811 580
811 628
811 678
811 764
811 785
811 797
811 894
811 901
811 902
811 956
811 998
812 26
812 533
812 548
812 679
812 693
812 699
812 838
812 872
812 876
812 882
812 906
812 910
812 987
812 995
813 8
813 139
813 294
813 428
813 519
813 664
813 691
813 710
813 711
813 923
813 948
813 961
813 983
813 995
814 96
814 242
814 639
814 810
814 828
814 870
814 871
814 878
814 907
814 923
814 963
814 971
814 992
814 996
815 6
815 37
815 203
815 217
815 386
815 402
815 828
815 885
815 887
815 889
815 907
815 918
815 921
815 999
816 299
816 410
816 476
816 549
816 587
816 668
816 676
816 709
816 751
816 905
816 910
816 968
816 969
816 976
817 135
817 342
817 500
817 587
817 645
817 712
817 764
817 931
817 934
817 963
817 967
817 984
817 987
817 994
818 41
818 63
818 262
818 393
818 669
818 804
818 821
818 876
818 918
818 922
818 947
818 958
818 967
818 987
819 250
819 461
819 526
819 685
819 699
819 762
819 772
819 774
819 861
819 897
819 915
819 949
819 950
819 986
820 612
820 680
820 682
820 767
820 770
820 784
820 797
820 829
820 833
820 862
820 944
820 972
820 976
820 980
821 411
821 614
821 622
821 701
821 707
821 786
821 796
821 818
821 855
821 904
821 914
821 920
821 952
821 996
822 27
822 64
822 325
822 373
822 407
822 595
822 611
822 618
822 828
822 859
822 878
822 930
822 945
822 984
823 213
823 231
823 615
823 711
823 793
823 794
823 856
823 949
823 952
823 962
823 963
823 978
823 982
823 984
824 189
824 333
824 430
824 526
824 541
824 578
824 592
824 856
824 915
824 919
824 931
824 974
824 992
824 999
825 185
825 386
825 496
825 514
825 535
825 566
825 603
825 693
825 796
825 798
825 850
825 874
825 919
825 959
825 977
826 32
826 158
826 354
826 498
826 541
826 569
826 746
826 781
826 785
826 857
826 884
826 933
826 969
826 971
826 981
827 102
827 174
827 378
827 478
827 498
827 614
827 757
827 806
827 863
827 909
827 930
827 963
827 979
827 985
827 989
828 409
828 487
828 624
828 636
828 751
828 814
828 815
828 822
828 877
828 889
828 896
828 902
828 907
828 989
828 993
829 185
829 419
829 536
829 626
829 820
829 853
829 861
829 866
829 875
829 898
829 929
829 943
829 966
829 972
829 999
830 132
830 308
830 363
830 389
830 392
830 560
830 595
830 649
830 672
830 747
830 836
830 909
830 933
830 973
830 977
831 270
831 283
831 433
831 493
831 523
831 613
831 697
831 704
831 851
831 883
831 886
831 902
831 953
831 975
831 986
832 64
832 130
832 215
832 226
832 535
832 556
832 671
832 685
832 809
832 952
832 964
832 968
832 976
832 977
832 984
833 53
833 227
833 373
833 421
833 657
833 720
833 748
833 820
833 845
833 860
833 867
833 910
833 913
833 929
833 977
834 274
834 286
834 361
834 545
834 606
834 638
834 645
834 688
834 792
834 802
834 882
834 931
834 932
834 946
834 985
835 152
835 206
835 236
835 275
835 358
835 395
835 400
835 637
835 644
835 655
835 792
835 855
835 986
835 995
835 997
836 33
836 120
836 287
836 308
836 539
836 594
836 738
836 797
836 830
836 885
836 895
836 938
836 941
836 962
836 985
837 198
837 549
837 598
837 762
837 786
837 791
837 805
837 840
837 866
837 898
837 946
837 958
837 985
837 989
837 999
838 165
838 280
838 470
838 549
838 793
838 798
838 809
838 812
838 895
838 923
838 924
838 928
838 957
838 971
838 989
839 307
839 446
839 495
839 523
839 537
839 591
839 605
839 706
839 773
839 903
839 914
839 946
839 965
839 981
839 997
840 302
840 447
840 523
840 552
840 650
840 683
840 752
840 837
840 881
840 953
840 969
840 982
840 985
840 991
840 999
841 9
841 52
841 238
841 244
841 463
841 557
841 581
841 743
841 762
841 777
841 869
841 938
841 977
841 988
841 999
842 14
842 256
842 318
842 355
842 362
842 443
842 483
842 625
842 685
842 701
842 874
842 907
842 943
842 967
842 991
843 245
843 541
843 581
843 600
843 610
843 737
843 759
843 898
843 904
843 911
843 936
843 963
843 975
843 985
843 995
844 104
844 138
844 174
844 243
844 252
844 449
844 716
844 786
844 854
844 858
844 884
844 904
844 909
844 949
844 984
845 10
845 61
845 553
845 683
845 744
845 803
845 808
845 833
845 872
845 883
845 900
845 909
845 935
845 939
845 998
846 426
846 460
846 500
846 633
846 666
846 701
846 722
846 733
846 762
846 773
846 787
846 944
846 996
846 997
846 998
847 4
847 223
847 322
847 561
847 590
847 645
847 758
847 771
847 911
847 918
847 948
847 957
847 984
847 991
847 995
848 212
848 270
848 392
848 457
848 519
848 674
848 691
848 725
848 739
848 777
848 852
848 907
848 926
848 947
848 987
849 329
849 344
849 572
849 668
849 743
849 750
849 758
849 768
849 850
849 862
849 879
849 922
849 933
849 958
849 964
849 980
850 31
850 45
850 78
850 554
850 580
850 588
850 699
850 704
850 825
850 849
850 893
850 903
850 904
850 906
850 986
850 991
851 239
851 350
851 436
851 588
851 620
851 653
851 708
851 763
851 831
851 871
851 877
851 956
851 965
851 972
851 984
851 994
852 43
852 341
852 373
852 386
852 509
852 662
852 774
852 795
852 848
852 883
852 898
852 937
852 959
852 965
852 991
852 997
853 219
853 274
853 355
853 413
853 443
853 444
853 642
853 755
853 777
853 785
853 829
853 859
853 874
853 943
853 963
853 977
854 4
854 45
854 218
854 246
854 421
854 455
854 503
854 559
854 728
854 844
854 925
854 932
854 955
854 958
854 969
854 978
855 53
855 121
855 140
855 208
855 218
855 249
855 357
855 553
855 662
855 667
855 719
855 821
855 835
855 916
855 971
855 976
856 54
856 381
856 583
856 585
856 707
856 750
856 823
856 824
856 887
856 916
856 922
856 925
856 932
856 937
856 940
856 953
857 313
857 432
857 451
857 571
857 627
857 668
857 705
857 809
857 826
857 879
857 881
857 954
857 961
857 982
857 992
857 993
857 994
858 5
858 13
858 205
858 333
858 417
858 427
858 451
858 540
858 598
858 609
858 766
858 844
858 891
858 913
858 934
858 941
858 994
859 109
859 124
859 240
859 631
859 655
859 667
859 682
859 725
859 731
859 789
859 822
859 853
859 865
859 896
859 904
859 905
859 915
860 29
860 55
860 196
860 264
860 394
860 564
860 645
860 650
860 654
860 694
860 703
860 794
860 809
860 833
860 954
860 979
860 990
861 180
861 342
861 407
861 523
861 652
861 676
861 678
861 686
861 693
861 766
861 810
861 819
861 829
861 875
861 888
861 948
861 956
862 214
862 311
862 496
862 546
862 557
862 569
862 687
862 810
862 820
862 849
862 921
862 922
862 960
862 968
862 979
862 991
862 999
863 24
863 109
863 121
863 189
863 400
863 479
863 502
863 508
863 510
863 691
863 700
863 719
863 734
863 747
863 827
863 915
863 925
864 58
864 86
864 165
864 208
864 329
864 395
864 520
864 528
864 683
864 756
864 799
864 883
864 924
864 928
864 968
864 980
864 993
865 166
865 197
865 402
865 501
865 790
865 859
865 887
865 890
865 911
865 927
865 931
865 939
865 961
865 968
865 976
865 979
865 987
866 76
866 93
866 196
866 375
866 616
866 738
866 747
866 829
866 837
866 891
866 950
866 952
866 963
866 967
866 978
866 980
866 983
867 21
867 107
867 289
867 378
867 387
867 518
867 556
867 611
867 630
867 653
867 794
867 833
867 885
867 890
867 930
867 932
867 981
867 982
868 146
868 269
868 438
868 595
868 684
868 703
868 744
868 745
868 794
868 883
868 893
868 948
868 955
868 959
868 974
868 986
868 991
868 995
869 65
869 311
869 406
869 492
869 601
869 618
869 629
869 743
869 841
869 882
869 913
869 924
869 928
869 944
869 964
869 978
869 992
869 995
870 139
870 339
870 417
870 584
870 682
870 684
870 685
870 752
870 756
870 763
870 770
870 791
870 814
870 900
870 954
870 966
870 975
870 991
871 10
871 72
871 112
871 201
871 276
871 530
871 550
871 577
871 671
871 709
871 758
871 814
871 851
871 904
871 931
871 950
871 978
871 998
872 29
872 150
872 173
872 190
872 332
872 597
872 666
872 744
872 758
872 782
872 812
872 845
872 934
872 961
872 983
872 984
872 989
872 995
873 70
873 552
873 554
873 611
873 619
873 660
873 725
873 781
873 881
873 899
873 901
873 916
873 942
873 962
873 975
873 985
873 988
873 996
874 114
874 254
874 309
874 398
874 543
874 673
874 686
874 790
874 825
874 842
874 853
874 875
874 893
874 895
874 971
874 976
874 978
874 987
875 221
875 259
875 322
875 325
875 406
875 453
875 713
875 829
875 861
875 874
875 894
875 919
875 928
875 943
875 946
875 949
875 951
875 975
876 248
876 404
876 439
876 645
876 650
876 716
876 759
876 812
876 818
876 893
876 897
876 909
876 935
876 963
876 972
876 984
876 986
876 990
877 104
877 288
877 555
877 564
877 656
877 797
877 804
877 828
877 851
877 878
877 897
877 911
877 940
877 949
877 976
877 986
877 993
877 995
878 46
878 370
878 446
878 527
878 532
878 538
878 570
878 649
878 660
878 666
878 808
878 814
878 822
878 877
878 885
878 890
878 942
878 980
878 997
879 46
879 156
879 247
879 261
879 291
879 353
879 465
879 487
879 649
879 731
879 849
879 857
879 905
879 935
879 942
879 955
879 977
879 985
879 989
880 136
880 147
880 237
880 321
880 327
880 509
880 511
880 524
880 663
880 694
880 698
880 704
880 750
880 778
880 899
880 901
880 907
880 917
880 968
881 4
881 77
881 177
881 240
881 346
881 350
881 375
881 506
881 742
881 751
881 840
881 857
881 873
881 894
881 919
881 985
881 994
881 997
881 998
882 210
882 231
882 338
882 341
882 388
882 422
882 455
882 586
882 591
882 707
882 735
882 812
882 834
882 869
882 887
882 910
882 941
882 958
882 959
883 60
883 92
883 186
883 228
883 683
883 760
883 763
883 765
883 794
883 831
883 845
883 852
883 864
883 868
883 898
883 938
883 945
883 956
883 973
884 29
884 278
884 344
884 345
884 356
884 397
884 484
884 540
884 608
884 710
884 764
884 826
884 844
884 917
884 927
884 968
884 977
884 983
884 992
885 199
885 332
885 613
885 642
885 697
885 708
885 709
885 777
885 785
885 797
885 815
885 836
885 867
885 878
885 947
885 958
885 970
885 982
885 997
886 11
886 92
886 376
886 447
886 497
886 591
886 613
886 665
886 692
886 782
886 831
886 911
886 928
886 944
886 959
886 975
886 976
886 989
886 998
887 263
887 265
887 333
887 391
887 424
887 446
887 501
887 524
887 806
887 815
887 856
887 865
887 882
887 923
887 932
887 942
887 943
887 949
887 985
888 66
888 149
888 178
888 187
888 262
888 351
888 362
888 568
888 575
888 604
888 618
888 667
888 769
888 861
888 903
888 910
888 952
888 980
888 985
888 997
889 328
889 427
889 492
889 562
889 575
889 622
889 706
889 729
889 737
889 738
889 764
889 815
889 828
889 942
889 947
889 948
889 952
889 958
889 994
889 997
890 95
890 169
890 382
890 456
890 469
890 691
890 720
890 726
890 785
890 865
890 867
890 878
890 902
890 921
890 951
890 964
890 966
890 971
890 980
890 982
891 381
891 556
891 632
891 675
891 696
891 729
891 741
891 858
891 866
891 901
891 913
891 921
891 930
891 941
891 946
891 949
891 950
891 958
891 982
891 984
892 40
892 42
892 134
892 273
892 328
892 512
892 549
892 586
892 599
892 663
892 725
892 745
892 747
892 793
892 922
892 966
892 980
892 983
892 993
892 994
893 68
893 69
893 234
893 256
893 368
893 618
893 621
893 648
893 653
893 708
893 850
893 868
893 874
893 876
893 931
893 942
893 969
893 972
893 974
893 984
894 51
894 134
894 181
894 220
894 379
894 511
894 558
894 614
894 679
894 751
894 804
894 811
894 875
894 881
894 912
894 932
894 939
894 974
894 986
894 990
895 10
895 64
895 75
895 115
895 163
895 391
895 408
895 518
895 580
895 674
895 800
895 836
895 838
895 874
895 916
895 933
895 940
895 952
895 969
895 977
896 20
896 99
896 156
896 240
896 316
896 341
896 343
896 421
896 431
896 443
896 521
896 652
896 723
896 828
896 859
896 906
896 917
896 924
896 979
896 996
897 79
897 263
897 287
897 352
897 354
897 366
897 377
897 399
897 436
897 441
897 539
897 566
897 570
897 706
897 819
897 876
897 877
897 918
897 929
897 994
898 96
898 222
898 422
898 460
898 488
898 740
898 767
898 785
898 829
898 837
898 843
898 852
898 883
898 917
898 942
898 972
898 974
898 976
898 982
898 996
899 60
899 105
899 181
899 324
899 348
899 371
899 466
899 476
899 635
899 678
899 751
899 787
899 873
899 880
899 926
899 927
899 964
899 975
899 984
899 992
900 25
900 54
900 156
900 201
900 479
900 510
900 543
900 587
900 637
900 682
900 769
900 845
900 870
900 937
900 944
900 970
900 977
900 978
900 982
900 985
900 990
901 126
901 334
901 380
901 539
901 658
901 663
901 678
901 706
901 727
901 728
901 811
901 873
901 880
901 891
901 931
901 934
901 935
901 963
901 988
901 995
901 998
902 91
902 203
902 249
902 251
902 447
902 570
902 585
902 780
902 811
902 828
902 831
902 890
902 908
902 909
902 922
902 952
902 964
902 978
902 986
902 988
902 994
903 170
903 213
903 225
903 289
903 329
903 436
903 551
903 672
903 713
903 751
903 754
903 765
903 790
903 839
903 850
903 888
903 947
903 962
903 973
903 990
903 996
904 80
904 326
904 367
904 376
904 526
904 541
904 610
904 635
904 644
904 681
904 769
904 800
904 821
904 843
904 844
904 850
904 859
904 871
904 906
904 949
904 956
905 49
905 111
905 194
905 229
905 325
905 359
905 423
905 456
905 548
905 573
905 618
905 733
905 760
905 816
905 859
905 879
905 914
905 929
905 961
905 973
905 978
906 116
906 127
906 250
906 310
906 410
906 579
906 727
906 728
906 740
906 812
906 850
906 896
906 904
906 915
906 920
906 930
906 945
906 972
906 982
906 985
906 990
907 292
907 415
907 505
907 515
907 638
907 683
907 724
907 737
907 765
907 768
907 814
907 815
907 828
907 842
907 848
907 880
907 919
907 951
907 972
907 980
907 985
908 60
908 161
908 301
908 372
908 401
908 437
908 517
908 531
908 593
908 649
908 695
908 757
908 801
908 902
908 918
908 931
908 945
908 949
908 950
908 966
908 979
909 227
909 422
909 498
909 588
909 604
909 632
909 636
909 653
909 775
909 827
909 830
909 844
909 845
909 876
909 902
909 918
909 951
909 953
909 955
909 956
909 957
909 981
910 91
910 296
910 317
910 369
910 410
910 453
910 620
910 627
910 630
910 640
910 713
910 724
910 746
910 761
910 812
910 816
910 833
910 882
910 888
910 927
910 963
910 971
911 84
911 135
911 157
911 220
911 338
911 379
911 458
911 496
911 565
911 646
911 676
911 758
911 809
911 843
911 847
911 865
911 877
911 886
911 918
911 963
911 964
911 991
912 75
912 230
912 265
912 275
912 508
912 511
912 533
912 688
912 716
912 747
912 774
912 795
912 894
912 918
912 935
912 938
912 943
912 944
912 959
912 962
912 996
912 999
913 154
913 198
913 290
913 470
913 602
913 651
913 661
913 692
913 700
913 706
913 717
913 765
913 833
913 858
913 869
913 891
913 928
913 942
913 943
913 977
913 982
913 993
914 84
914 100
914 176
914 216
914 456
914 520
914 623
914 699
914 708
914 720
914 735
914 745
914 747
914 772
914 821
914 839
914 905
914 935
914 944
914 980
914 981
914 986
915 28
915 31
915 241
915 266
915 391
915 472
915 565
915 623
915 732
915 760
915 780
915 819
915 824
915 859
915 863
915 906
915 923
915 926
915 953
915 958
915 988
915 999
916 22
916 41
916 267
916 302
916 394
916 435
916 589
916 674
916 680
916 736
916 786
916 809
916 855
916 856
916 873
916 895
916 932
916 933
916 938
916 955
916 974
916 976
916 997
917 53
917 313
917 418
917 544
917 609
917 701
917 749
917 759
917 762
917 764
917 880
917 884
917 896
917 898
917 925
917 943
917 953
917 956
917 965
917 978
917 984
917 988
917 992
918 250
918 317
918 582
918 665
918 688
918 736
918 782
918 815
918 818
918 847
918 897
918 908
918 909
918 911
918 912
918 928
918 930
918 933
918 969
918 979
918 987
918 989
918 991
919 233
919 442
919 614
919 616
919 628
919 697
919 715
919 727
919 766
919 795
919 824
919 825
919 875
919 881
919 907
919 934
919 936
919 945
919 964
919 983
919 985
919 993
919 997
920 55
920 157
920 199
920 387
920 395
920 444
920 544
920 709
920 749
920 767
920 778
920 821
920 906
920 926
920 940
920 941
920 951
920 956
920 962
920 967
920 976
920 981
920 989
920 996
921 62
921 63
921 77
921 266
921 401
921 485
921 502
921 590
921 621
921 684
921 700
921 742
921 810
921 815
921 862
921 890
921 891
921 944
921 945
921 968
921 973
921 981
921 983
921 990
922 137
922 224
922 235
922 237
922 310
922 352
922 435
922 489
922 595
922 752
922 818
922 849
922 856
922 862
922 892
922 902
922 930
922 934
922 962
922 968
922 986
922 988
922 991
922 998
923 46
923 272
923 322
923 351
923 391
923 539
923 548
923 581
923 602
923 640
923 657
923 713
923 714
923 715
923 813
923 814
923 838
923 887
923 915
923 924
923 940
923 941
923 959
923 996
924 27
924 30
924 39
924 132
924 145
924 362
924 377
924 479
924 613
924 661
924 775
924 838
924 864
924 869
924 896
924 923
924 929
924 934
924 947
924 950
924 953
924 974
924 988
924 994
924 998
925 14
925 204
925 282
925 316
925 321
925 436
925 500
925 508
925 518
925 587
925 639
925 677
925 737
925 740
925 781
925 792
925 810
925 854
925 856
925 863
925 917
925 932
925 933
925 968
925 981
926 89
926 123
926 128
926 309
926 431
926 522
926 563
926 578
926 611
926 625
926 627
926 649
926 657
926 709
926 762
926 848
926 899
926 915
926 920
926 937
926 938
926 943
926 953
926 958
926 995
927 39
927 113
927 160
927 167
927 256
927 269
927 271
927 475
927 513
927 574
927 612
927 753
927 793
927 796
927 865
927 884
927 899
927 910
927 932
927 934
927 970
927 974
927 975
927 990
927 998
928 69
928 129
928 338
928 369
928 507
928 533
928 546
928 580
928 592
928 653
928 696
928 701
928 734
928 762
928 795
928 799
928 838
928 864
928 869
928 875
928 886
928 913
928 918
928 938
928 941
929 14
929 45
929 81
929 196
929 298
929 491
929 505
929 639
929 745
929 755
929 757
929 769
929 809
929 829
929 833
929 897
929 905
929 924
929 953
929 954
929 970
929 974
929 975
929 988
929 998
930 43
930 291
930 405
930 409
930 468
930 477
930 480
930 607
930 719
930 731
930 750
930 761
930 822
930 827
930 867
930 891
930 906
930 918
930 922
930 939
930 950
930 968
930 975
930 976
930 985
930 995
931 21
931 141
931 229
931 267
931 292
931 300
931 372
931 375
931 441
931 478
931 593
931 609
931 623
931 743
931 817
931 824
931 834
931 865
931 871
931 893
931 901
931 908
931 938
931 961
931 990
931 993
932 139
932 147
932 279
932 292
932 467
932 589
932 682
932 753
932 754
932 757
932 834
932 854
932 856
932 867
932 887
932 894
932 916
932 925
932 927
932 937
932 938
932 948
932 950
932 955
932 984
932 990
933 231
933 382
933 411
933 607
933 609
933 615
933 639
933 684
933 700
933 701
933 730
933 754
933 762
933 771
933 790
933 826
933 830
933 849
933 895
933 916
933 918
933 925
933 971
933 978
933 982
933 989
933 990
934 4
934 113
934 192
934 221
934 275
934 296
934 344
934 529
934 537
934 643
934 651
934 656
934 817
934 858
934 872
934 901
934 919
934 922
934 924
934 927
934 958
934 964
934 965
934 967
934 996
934 997
934 999
935 207
935 284
935 438
935 452
935 584
935 625
935 654
935 686
935 688
935 730
935 774
935 779
935 783
935 787
935 802
935 845
935 876
935 879
935 901
935 912
935 914
935 938
935 948
935 966
935 975
935 987
935 989
936 299
936 306
936 317
936 355
936 496
936 509
936 604
936 712
936 718
936 720
936 738
936 741
936 752
936 768
936 773
936 843
936 919
936 937
936 938
936 957
936 968
936 976
936 980
936 983
936 984
936 995
936 998
937 147
937 150
937 154
937 385
937 500
937 582
937 588
937 640
937 696
937 704
937 708
937 720
937 739
937 740
937 759
937 788
937 852
937 856
937 900
937 926
937 932
937 936
937 942
937 943
937 963
937 983
937 994
938 81
938 95
938 122
938 327
938 329
938 415
938 496
938 644
938 735
938 744
938 785
938 836
938 841
938 883
938 912
938 916
938 926
938 928
938 931
938 932
938 935
938 936
938 947
938 952
938 960
938 962
938 977
939 98
939 167
939 208
939 228
939 281
939 290
939 358
939 404
939 471
939 530
939 574
939 591
939 660
939 698
939 702
939 705
939 712
939 717
939 845
939 865
939 894
939 930
939 948
939 954
939 961
939 964
939 979
939 986
940 49
940 191
940 279
940 403
940 411
940 457
940 491
940 512
940 534
940 561
940 579
940 654
940 688
940 710
940 733
940 786
940 856
940 877
940 895
940 920
940 923
940 945
940 960
940 965
940 968
940 973
940 975
940 998
941 52
941 365
941 370
941 403
941 441
941 464
941 493
941 525
941 597
941 617
941 624
941 630
941 638
941 652
941 670
941 760
941 777
941 836
941 858
941 882
941 891
941 920
941 923
941 928
941 957
941 962
941 963
941 993
942 8
942 295
942 328
942 357
942 467
942 499
942 572
942 619
942 631
942 634
942 650
942 726
942 736
942 741
942 765
942 873
942 878
942 879
942 887
942 889
942 893
942 898
942 913
942 937
942 953
942 970
942 985
942 993
943 224
943 285
943 320
943 347
943 392
943 503
943 504
943 526
943 567
943 577
943 697
943 755
943 792
943 794
943 829
943 842
943 853
943 875
943 887
943 912
943 913
943 917
943 926
943 937
943 951
943 978
943 991
943 992
944 48
944 86
944 187
944 191
944 527
944 534
944 599
944 655
944 668
944 701
944 791
944 810
944 820
944 846
944 869
944 886
944 900
944 912
944 914
944 921
944 945
944 947
944 963
944 967
944 978
944 981
944 984
944 993
944 997
945 39
945 40
945 152
945 363
945 431
945 457
945 480
945 531
945 548
945 564
945 595
945 636
945 712
945 732
945 753
945 756
945 822
945 883
945 906
945 908
945 919
945 921
945 940
945 944
945 965
945 974
945 983
945 985
945 997
946 47
946 243
946 286
946 370
946 415
946 435
946 592
946 596
946 638
946 653
946 658
946 689
946 694
946 735
946 736
946 745
946 768
946 775
946 805
946 834
946 837
946 839
946 875
946 891
946 956
946 958
946 971
946 975
946 987
946 997
947 12
947 69
947 260
947 273
947 314
947 329
947 334
947 345
947 443
947 516
947 519
947 651
947 663
947 722
947 781
947 789
947 807
947 818
947 848
947 885
947 889
947 903
947 924
947 938
947 944
947 951
947 962
947 989
947 990
947 991
948 0
948 63
948 278
948 376
948 473
948 566
948 629
948 703
948 738
948 748
948 751
948 761
948 768
948 802
948 806
948 813
948 847
948 861
948 868
948 889
948 932
948 935
948 939
948 954
948 964
948 974
948 979
948 982
948 983
948 990
949 50
949 234
949 438
949 444
949 542
949 550
949 552
949 554
949 589
949 610
949 640
949 693
949 716
949 719
949 760
949 782
949 783
949 792
949 819
949 823
949 844
949 875
949 877
949 887
949 891
949 904
949 908
949 961
949 963
949 995
950 3
950 253
950 259
950 289
950 305
950 339
950 426
950 478
950 564
950 596
950 638
950 652
950 692
950 702
950 739
950 780
950 781
950 798
950 819
950 866
950 871
950 891
950 908
950 924
950 930
950 932
950 951
950 987
950 995
950 999
951 9
951 120
951 125
951 197
951 235
951 336
951 365
951 422
951 436
951 578
951 649
951 665
951 689
951 723
951 743
951 757
951 773
951 785
951 875
951 890
951 907
951 909
951 920
951 943
951 947
951 950
951 955
951 957
951 974
951 991
952 288
952 428
952 450
952 543
952 597
952 614
952 620
952 704
952 713
952 715
952 732
952 738
952 750
952 774
952 800
952 806
952 821
952 823
952 832
952 866
952 888
952 889
952 895
952 902
952 938
952 960
952 963
952 973
952 978
952 990
953 247
953 302
953 307
953 395
953 425
953 442
953 454
953 641
953 673
953 680
953 706
953 717
953 742
953 772
953 831
953 840
953 856
953 909
953 915
953 917
953 924
953 926
953 929
953 942
953 954
953 973
953 979
953 988
953 995
953 999
954 83
954 108
954 214
954 219
954 237
954 262
954 289
954 310
954 384
954 423
954 510
954 561
954 563
954 616
954 634
954 678
954 719
954 777
954 788
954 810
954 857
954 860
954 870
954 929
954 939
954 948
954 953
954 967
954 980
954 988
954 997
955 141
955 274
955 501
955 515
955 516
955 541
955 551
955 609
955 658
955 664
955 690
955 733
955 770
955 807
955 854
955 868
955 879
955 909
955 916
955 932
955 951
955 957
955 960
955 961
955 972
955 980
955 981
955 984
955 990
955 991
955 996
955 997
956 25
956 57
956 326
956 332
956 465
956 472
956 529
956 546
956 583
956 590
956 598
956 600
956 646
956 680
956 755
956 761
956 763
956 787
956 804
956 811
956 851
956 861
956 883
956 904
956 909
956 917
956 920
956 946
956 980
956 983
956 988
956 999
957 47
957 131
957 163
957 172
957 330
957 408
957 432
957 473
957 481
957 504
957 531
957 621
957 633
957 663
957 767
957 790
957 808
957 838
957 847
957 909
957 936
957 941
957 951
957 955
957 961
957 965
957 968
957 984
957 986
957 989
957 994
957 997
958 119
958 333
958 425
958 428
958 506
958 511
958 569
958 578
958 615
958 620
958 635
958 679
958 706
958 734
958 750
958 791
958 803
958 807
958 818
958 837
958 849
958 854
958 882
958 885
958 889
958 891
958 915
958 926
958 934
958 946
958 964
958 995
959 190
959 248
959 277
959 306
959 371
959 399
959 407
959 412
959 432
959 462
959 482
959 521
959 523
959 577
959 596
959 608
959 636
959 664
959 681
959 699
959 707
959 825
959 852
959 868
959 882
959 886
959 912
959 923
959 987
959 991
959 993
959 994
960 19
960 33
960 73
960 162
960 186
960 220
960 263
960 293
960 296
960 371
960 377
960 411
960 414
960 593
960 624
960 642
960 653
960 739
960 750
960 764
960 774
960 793
960 808
960 862
960 938
960 940
960 952
960 955
960 961
960 965
960 968
960 974
960 978
961 141
961 178
961 252
961 307
961 330
961 377
961 378
961 393
961 404
961 450
961 459
961 516
961 620
961 731
961 733
961 788
961 813
961 857
961 865
961 872
961 905
961 931
961 939
961 949
961 955
961 957
961 960
961 966
961 973
961 986
961 989
961 991
961 999
962 111
962 112
962 193
962 281
962 284
962 333
962 399
962 423
962 457
962 462
962 497
962 526
962 591
962 619
962 727
962 729
962 748
962 823
962 836
962 873
962 903
962 912
962 920
962 922
962 938
962 941
962 947
962 968
962 982
962 987
962 988
962 990
962 998
963 34
963 65
963 168
963 280
963 346
963 368
963 379
963 419
963 482
963 598
963 646
963 687
963 780
963 814
963 817
963 823
963 827
963 843
963 853
963 866
963 876
963 901
963 910
963 911
963 937
963 941
963 944
963 949
963 952
963 969
963 978
963 983
963 992
963 993
964 34
964 143
964 144
964 158
964 167
964 342
964 345
964 389
964 518
964 651
964 654
964 689
964 709
964 721
964 723
964 742
964 779
964 788
964 832
964 849
964 869
964 890
964 899
964 902
964 911
964 919
964 934
964 939
964 948
964 958
964 972
964 977
964 989
964 996
965 8
965 98
965 112
965 178
965 212
965 218
965 263
965 265
965 294
965 331
965 337
965 357
965 412
965 413
965 460
965 584
965 629
965 632
965 639
965 709
965 758
965 776
965 839
965 851
965 852
965 917
965 934
965 940
965 945
965 957
965 960
965 976
965 983
965 986
966 160
966 331
966 349
966 363
966 365
966 391
966 420
966 427
966 441
966 516
966 544
966 556
966 557
966 574
966 585
966 610
966 616
966 620
966 634
966 730
966 734
966 767
966 773
966 829
966 870
966 890
966 892
966 908
966 935
966 961
966 971
966 973
966 975
966 990
967 33
967 122
967 364
967 368
967 402
967 452
967 462
967 540
967 550
967 640
967 651
967 673
967 712
967 716
967 734
967 738
967 740
967 788
967 791
967 802
967 808
967 817
967 818
967 842
967 866
967 920
967 934
967 944
967 954
967 978
967 983
967 984
967 990
967 996
968 50
968 73
968 295
968 504
968 512
968 517
968 552
968 555
968 568
968 572
968 647
968 659
968 687
968 752
968 768
968 797
968 816
968 832
968 862
968 864
968 865
968 880
968 884
968 921
968 922
968 925
968 930
968 936
968 940
968 957
968 960
968 962
968 979
968 995
969 21
969 26
969 50
969 137
969 179
969 183
969 243
969 343
969 449
969 465
969 539
969 542
969 555
969 588
969 592
969 636
969 701
969 719
969 746
969 770
969 787
969 799
969 806
969 809
969 816
969 826
969 840
969 854
969 893
969 895
969 918
969 963
969 978
969 994
969 998
969 999
970 32
970 48
970 135
970 168
970 282
970 325
970 360
970 366
970 396
970 408
970 425
970 450
970 453
970 486
970 520
970 585
970 606
970 666
970 670
970 677
970 697
970 739
970 740
970 753
970 778
970 779
970 885
970 900
970 927
970 929
970 942
970 979
970 986
970 988
970 993
970 997
971 119
971 254
971 311
971 360
971 396
971 403
971 458
971 502
971 512
971 548
971 551
971 557
971 574
971 577
971 604
971 651
971 702
971 771
971 779
971 814
971 826
971 838
971 855
971 874
971 890
971 910
971 933
971 946
971 966
971 972
971 973
971 978
971 979
971 983
971 985
971 990
971 998
972 66
972 209
972 216
972 262
972 264
972 268
972 280
972 301
972 503
972 514
972 515
972 602
972 624
972 729
972 731
972 755
972 758
972 767
972 788
972 790
972 820
972 829
972 851
972 876
972 893
972 898
972 906
972 907
972 955
972 964
972 971
972 982
972 985
972 987
972 989
972 994
972 995
973 23
973 27
973 131
973 175
973 210
973 384
973 466
973 468
973 558
973 602
973 603
973 606
973 611
973 622
973 652
973 666
973 675
973 734
973 738
973 752
973 766
973 801
973 830
973 883
973 903
973 905
973 921
973 940
973 952
973 953
973 961
973 966
973 971
973 974
973 991
973 992
973 998
974 2
974 3
974 13
974 257
974 267
974 299
974 400
974 488
974 490
974 545
974 648
974 657
974 680
974 693
974 710
974 768
974 780
974 782
974 804
974 824
974 868
974 893
974 894
974 898
974 916
974 924
974 927
974 929
974 945
974 948
974 951
974 960
974 973
974 981
974 985
974 988
974 991
975 28
975 179
975 234
975 340
975 519
975 603
975 612
975 620
975 634
975 646
975 650
975 672
975 704
975 715
975 722
975 744
975 747
975 768
975 783
975 790
975 795
975 831
975 843
975 870
975 873
975 875
975 886
975 899
975 927
975 929
975 930
975 935
975 940
975 946
975 966
975 976
975 982
975 993
976 44
976 94
976 101
976 236
976 282
976 345
976 496
976 510
976 517
976 528
976 531
976 540
976 562
976 583
976 584
976 601
976 693
976 793
976 794
976 816
976 820
976 832
976 855
976 865
976 874
976 877
976 886
976 898
976 916
976 920
976 930
976 936
976 965
976 975
976 978
976 981
976 984
976 985
977 12
977 47
977 105
977 110
977 130
977 298
977 300
977 342
977 345
977 408
977 469
977 477
977 484
977 521
977 556
977 569
977 590
977 595
977 646
977 690
977 726
977 748
977 825
977 830
977 832
977 833
977 841
977 853
977 879
977 884
977 895
977 900
977 913
977 938
977 964
977 980
977 987
977 996
978 59
978 76
978 115
978 140
978 294
978 369
978 390
978 482
978 485
978 506
978 553
978 563
978 607
978 671
978 713
978 732
978 808
978 823
978 854
978 866
978 869
978 871
978 874
978 900
978 902
978 905
978 917
978 933
978 943
978 944
978 952
978 960
978 963
978 967
978 969
978 971
978 976
978 979
978 985
979 38
979 92
979 144
979 186
979 188
979 200
979 270
979 315
979 320
979 358
979 399
979 487
979 549
979 558
979 570
979 585
979 606
979 648
979 684
979 719
979 722
979 793
979 827
979 860
979 862
979 865
979 896
979 908
979 918
979 939
979 948
979 953
979 968
979 970
979 971
979 978
979 984
979 996
979 999
980 44
980 103
980 184
980 191
980 295
980 314
980 322
980 367
980 371
980 435
980 509
980 567
980 672
980 676
980 698
980 743
980 772
980 779
980 784
980 790
980 803
980 809
980 820
980 849
980 864
980 866
980 878
980 888
980 890
980 892
980 907
980 914
980 936
980 954
980 955
980 956
980 977
980 983
980 999
981 94
981 96
981 233
981 243
981 309
981 362
981 370
981 383
981 450
981 471
981 489
981 530
981 594
981 602
981 622
981 669
981 694
981 703
981 749
981 760
981 775
981 778
981 787
981 796
981 826
981 839
981 867
981 909
981 914
981 920
981 921
981 925
981 944
981 955
981 974
981 976
981 985
981 991
981 994
981 999
982 89
982 182
982 210
982 285
982 288
982 361
982 384
982 388
982 402
982 413
982 499
982 520
982 532
982 537
982 687
982 698
982 746
982 749
982 756
982 763
982 784
982 799
982 823
982 840
982 857
982 867
982 885
982 890
982 891
982 898
982 900
982 906
982 913
982 933
982 948
982 962
982 972
982 975
982 992
982 994
983 118
983 152
983 216
983 348
983 377
983 386
983 397
983 420
983 422
983 482
983 490
983 547
983 636
983 686
983 739
983 752
983 761
983 781
983 791
983 808
983 813
983 866
983 872
983 884
983 892
983 919
983 921
983 936
983 937
983 945
983 948
983 956
983 963
983 965
983 967
983 971
983 980
983 987
983 995
983 996
984 15
984 135
984 176
984 340
984 445
984 464
984 493
984 543
984 599
984 617
984 628
984 653
984 669
984 692
984 718
984 753
984 761
984 817
984 822
984 823
984 832
984 844
984 847
984 851
984 872
984 876
984 891
984 893
984 899
984 917
984 932
984 936
984 944
984 955
984 957
984 967
984 976
984 979
984 991
984 996
985 239
985 282
985 347
985 400
985 412
985 503
985 521
985 534
985 599
985 630
985 642
985 661
985 688
985 690
985 746
985 774
985 796
985 827
985 834
985 836
985 837
985 840
985 843
985 873
985 879
985 881
985 887
985 888
985 900
985 906
985 907
985 919
985 930
985 942
985 945
985 971
985 972
985 974
985 976
985 978
985 981
985 990
985 994
986 18
986 20
986 59
986 72
986 203
986 255
986 272
986 283
986 303
986 435
986 464
986 511
986 540
986 560
986 573
986 583
986 589
986 595
986 635
986 654
986 703
986 755
986 781
986 784
986 787
986 819
986 831
986 835
986 850
986 868
986 876
986 877
986 894
986 902
986 914
986 922
986 939
986 957
986 961
986 965
986 970
986 992
986 997
987 51
987 66
987 145
987 149
987 155
987 205
987 241
987 284
987 414
987 457
987 462
987 468
987 542
987 608
987 627
987 632
987 640
987 643
987 696
987 720
987 727
987 766
987 777
987 783
987 802
987 812
987 817
987 818
987 848
987 865
987 874
987 918
987 935
987 946
987 950
987 959
987 962
987 972
987 977
987 983
987 990
987 991
987 995
987 998
988 182
988 251
988 255
988 328
988 375
988 389
988 423
988 486
988 490
988 494
988 507
988 527
988 557
988 567
988 596
988 621
988 624
988 659
988 661
988 703
988 729
988 748
988 749
988 766
988 769
988 794
988 802
988 805
988 841
988 873
988 901
988 902
988 915
988 917
988 922
988 924
988 929
988 953
988 954
988 956
988 962
988 970
988 974
988 994
988 999
989 6
989 12
989 146
989 157
989 232
989 235
989 265
989 303
989 330
989 347
989 369
989 399
989 411
989 433
989 472
989 481
989 486
989 593
989 632
989 649
989 650
989 659
989 705
989 784
989 801
989 802
989 827
989 828
989 837
989 838
989 872
989 879
989 886
989 918
989 920
989 933
989 935
989 947
989 957
989 961
989 964
989 972
989 992
989 996
989 997
989 998
990 60
990 75
990 87
990 101
990 141
990 172
990 271
990 285
990 289
990 332
990 508
990 547
990 564
990 598
990 642
990 671
990 675
990 706
990 714
990 733
990 747
990 769
990 780
990 791
990 860
990 876
990 894
990 900
990 903
990 906
990 921
990 927
990 931
990 932
990 933
990 947
990 948
990 952
990 955
990 962
990 966
990 967
990 971
990 985
990 987
990 996
991 73
991 78
991 138
991 142
991 155
991 193
991 209
991 259
991 305
991 357
991 361
991 479
991 511
991 583
991 665
991 679
991 683
991 718
991 735
991 752
991 795
991 796
991 840
991 842
991 847
991 850
991 852
991 862
991 868
991 870
991 911
991 918
991 922
991 943
991 947
991 951
991 955
991 959
991 961
991 973
991 974
991 981
991 984
991 987
991 992
991 993
991 997
992 106
992 197
992 211
992 212
992 225
992 240
992 249
992 336
992 431
992 471
992 494
992 502
992 508
992 514
992 568
992 595
992 606
992 611
992 617
992 631
992 635
992 645
992 658
992 675
992 679
992 691
992 693
992 705
992 711
992 713
992 797
992 805
992 814
992 824
992 857
992 869
992 884
992 899
992 917
992 943
992 963
992 973
992 982
992 986
992 989
992 991
992 996
993 22
993 25
993 95
993 176
993 225
993 228
993 314
993 324
993 418
993 420
993 426
993 448
993 452
993 458
993 490
993 580
993 582
993 647
993 664
993 698
993 721
993 731
993 735
993 740
993 741
993 742
993 753
993 779
993 787
993 789
993 794
993 828
993 857
993 864
993 877
993 892
993 913
993 919
993 931
993 941
993 942
993 944
993 959
993 963
993 970
993 975
993 991
993 995
994 28
994 71
994 74
994 89
994 218
994 293
994 319
994 359
994 383
994 415
994 432
994 458
994 463
994 481
994 514
994 523
994 560
994 604
994 647
994 658
994 668
994 694
994 721
994 732
994 779
994 784
994 804
994 817
994 851
994 857
994 858
994 881
994 889
994 892
994 897
994 902
994 924
994 937
994 957
994 959
994 969
994 972
994 981
994 982
994 985
994 988
994 995
994 996
995 19
995 49
995 88
995 99
995 123
995 144
995 241
995 252
995 258
995 307
995 367
995 381
995 391
995 437
995 492
995 532
995 545
995 554
995 558
995 605
995 610
995 616
995 633
995 661
995 794
995 812
995 813
995 835
995 843
995 847
995 868
995 869
995 872
995 877
995 901
995 926
995 930
995 936
995 949
995 950
995 953
995 958
995 968
995 972
995 983
995 987
995 993
995 994
996 19
996 56
996 93
996 98
996 132
996 171
996 242
996 294
996 302
996 316
996 352
996 382
996 497
996 504
996 535
996 554
996 592
996 599
996 619
996 629
996 750
996 756
996 763
996 773
996 775
996 779
996 814
996 821
996 846
996 873
996 896
996 898
996 903
996 912
996 920
996 923
996 934
996 955
996 964
996 967
996 977
996 979
996 983
996 984
996 989
996 990
996 992
996 994
996 999
997 36
997 57
997 122
997 258
997 385
997 393
997 394
997 454
997 464
997 492
997 498
997 553
997 555
997 564
997 576
997 597
997 605
997 607
997 621
997 638
997 656
997 679
997 718
997 742
997 775
997 788
997 810
997 835
997 839
997 846
997 852
997 878
997 881
997 885
997 888
997 889
997 916
997 919
997 934
997 944
997 945
997 946
997 954
997 955
997 957
997 970
997 986
997 989
997 991
998 22
998 101
998 172
998 179
998 216
998 222
998 269
998 298
998 301
998 331
998 334
998 364
998 445
998 520
998 521
998 547
998 561
998 593
998 598
998 600
998 637
998 640
998 662
998 670
998 684
998 704
998 736
998 778
998 797
998 811
998 845
998 846
998 871
998 881
998 886
998 901
998 922
998 924
998 927
998 929
998 936
998 940
998 962
998 969
998 971
998 973
998 987
998 989
998 999
999 6
999 38
999 116
999 120
999 140
999 182
999 203
999 269
999 284
999 374
999 412
999 417
999 487
999 491
999 498
999 507
999 515
999 544
999 594
999 610
999 654
999 675
999 708
999 746
999 748
999 780
999 786
999 798
999 815
999 824
999 829
999 837
999 840
999 841
999 862
999 912
999 915
999 934
999 950
999 953
999 956
999 961
999 969
999 979
999 980
999 981
999 988
999 996
999 998
