0 705
0 808
0 816
0 873
1 137
1 477
1 689
1 735
2 958
2 967
2 982
2 984
3 842
3 945
3 983
3 987
4 926
4 963
4 991
4 995
5 397
5 426
5 715
5 916
6 887
6 967
6 974
6 999
7 39
7 912
7 918
7 936
8 351
8 681
8 832
8 923
9 634
9 817
9 867
9 941
10 570
10 759
10 924
10 943
11 950
11 955
11 958
11 966
12 973
12 977
12 979
12 980
13 947
13 978
13 997
13 998
14 939
14 948
14 970
14 971
15 948
15 990
15 992
15 993
16 744
16 985
16 986
16 998
17 967
17 984
17 996
17 999
18 665
18 694
18 918
18 936
19 91
19 546
19 735
19 825
20 376
20 531
20 716
20 898
21 817
21 829
21 908
21 941
22 619
22 852
22 910
22 928
23 136
23 461
23 743
23 886
24 254
24 414
24 566
24 627
25 49
25 990
25 992
25 993
26 743
26 795
26 886
26 998
27 623
27 988
27 991
27 995
28 861
28 882
28 895
28 981
29 114
29 227
29 673
29 871
30 664
30 731
30 786
30 924
31 728
31 839
31 879
31 928
32 679
32 784
32 996
32 999
33 353
33 901
33 956
33 970
34 793
34 985
34 986
34 997
35 988
35 991
35 994
35 995
36 662
36 973
36 977
36 979
37 470
37 905
37 917
37 929
38 961
38 974
38 984
38 996
39 7
39 961
39 968
39 972
40 668
40 926
40 932
40 985
41 938
41 974
41 984
41 996
42 156
42 772
42 906
42 936
43 411
43 872
43 933
43 938
44 786
44 871
44 981
44 996
45 837
45 931
45 949
45 951
46 76
46 653
46 752
46 849
47 205
47 561
47 744
47 884
48 556
48 953
48 983
48 987
49 25
49 287
49 684
49 938
50 884
50 973
50 979
50 980
51 89
51 147
51 603
51 849
52 904
52 978
52 985
52 997
53 964
53 978
53 986
53 997
54 367
54 745
54 760
54 923
55 702
55 711
55 719
55 826
56 925
56 969
56 978
56 981
57 391
57 934
57 954
57 966
58 664
58 952
58 969
58 981
59 965
59 985
59 997
59 998
60 731
60 786
60 864
60 871
61 802
61 812
61 859
61 895
62 690
62 960
62 961
62 972
63 302
63 960
63 968
63 972
64 782
64 816
64 920
64 932
65 378
65 910
65 928
65 966
66 719
66 826
66 875
66 885
67 897
67 904
67 937
67 944
68 778
68 785
68 798
68 906
69 797
69 878
69 904
69 937
70 540
70 856
70 961
70 968
71 555
71 654
71 803
71 875
72 376
72 575
72 654
72 898
73 249
73 973
73 979
73 980
74 290
74 952
74 969
74 981
75 558
75 963
75 991
75 994
76 46
76 716
76 812
76 859
77 318
77 952
77 969
77 981
78 952
78 969
78 981
78 991
79 493
79 988
79 994
79 995
80 495
80 622
80 778
80 906
81 982
81 984
81 996
81 999
82 543
82 612
82 791
82 871
83 776
83 956
83 970
83 971
84 225
84 973
84 979
84 980
85 455
85 612
85 793
85 926
86 691
86 806
86 884
86 984
87 667
87 977
87 979
87 980
88 891
88 976
88 989
88 993
89 51
89 716
89 747
89 939
90 635
90 912
90 918
90 936
91 19
91 238
91 735
91 953
92 703
92 944
92 961
92 968
93 196
93 841
93 847
93 919
94 712
94 749
94 910
94 928
95 297
95 518
95 531
95 898
96 829
96 867
96 908
96 941
97 359
97 934
97 950
97 954
98 435
98 790
98 832
98 923
99 952
99 958
99 969
99 981
100 509
100 991
100 994
100 995
101 712
101 897
101 900
101 937
102 935
102 939
102 956
102 971
103 544
103 913
103 924
103 984
104 219
104 850
104 904
104 937
105 943
105 950
105 954
105 955
106 844
106 901
106 911
106 970
107 569
107 585
107 843
107 919
108 945
108 971
108 983
108 987
109 397
109 942
109 955
109 965
110 717
110 827
110 925
110 981
111 140
111 496
111 864
111 924
112 960
112 968
112 972
112 998
113 894
113 988
113 994
113 995
114 29
114 288
114 852
114 871
115 731
115 791
115 823
115 871
116 245
116 800
116 825
116 878
117 829
117 908
117 941
117 998
118 945
118 978
118 986
118 998
119 436
119 437
119 534
119 879
120 796
120 973
120 977
120 979
121 567
121 600
121 933
121 938
122 427
122 553
122 735
122 881
123 381
123 944
123 961
123 972
124 960
124 961
124 968
124 972
125 470
125 989
125 990
125 993
126 154
126 558
126 795
126 886
127 511
127 617
127 727
127 898
128 741
128 796
128 868
128 870
129 877
129 943
129 950
129 954
130 829
130 908
130 941
130 978
131 297
131 654
131 795
131 898
132 902
132 931
132 935
132 951
133 651
133 763
133 918
133 936
134 878
134 900
134 927
134 937
135 198
135 393
135 869
135 886
136 23
136 239
136 450
136 846
137 1
137 274
137 433
137 800
138 252
138 396
138 629
138 639
139 805
139 867
139 908
139 941
140 111
140 957
140 991
140 994
141 928
141 957
141 994
141 995
142 495
142 759
142 882
142 895
143 741
143 776
143 866
143 936
144 615
144 638
144 853
144 899
145 615
145 889
145 899
145 916
146 951
146 957
146 991
146 994
147 51
147 716
147 859
147 925
148 827
148 977
148 979
148 980
149 599
149 845
149 847
149 919
150 800
150 806
150 815
150 937
151 732
151 889
151 899
151 916
152 511
152 727
152 794
152 898
153 474
153 960
153 968
153 972
154 126
154 946
154 985
154 998
155 697
155 874
155 933
155 938
156 42
156 785
156 884
156 906
157 671
157 810
157 908
157 941
158 738
158 963
158 994
158 995
159 235
159 568
159 908
159 941
160 316
160 665
160 912
160 936
161 566
161 578
161 910
161 928
162 931
162 935
162 949
162 951
163 386
163 528
163 683
163 802
164 878
164 897
164 900
164 937
165 807
165 952
165 981
165 995
166 321
166 839
166 842
166 879
167 301
167 495
167 861
167 986
168 488
168 973
168 977
168 980
169 945
169 953
169 983
169 987
170 264
170 988
170 991
170 995
171 917
171 939
171 956
171 970
172 583
172 799
172 809
172 905
173 782
173 889
173 926
173 932
174 948
174 970
174 971
174 979
175 819
175 843
175 845
175 919
176 288
176 617
176 791
176 804
177 277
177 561
177 855
177 893
178 361
178 692
178 910
178 928
179 525
179 568
179 898
179 940
180 611
180 905
180 917
180 929
181 944
181 960
181 961
181 968
182 842
182 977
182 979
182 980
183 909
183 957
183 991
183 994
184 590
184 901
184 970
184 971
185 382
185 568
185 739
185 898
186 253
186 982
186 984
186 999
187 577
187 912
187 918
187 936
188 658
188 989
188 992
188 993
189 786
189 791
189 871
189 989
190 796
190 877
190 969
190 981
191 319
191 531
191 912
191 936
192 900
192 912
192 918
192 936
193 916
193 973
193 979
193 980
194 733
194 776
194 868
194 989
195 774
195 844
195 908
195 941
196 93
196 392
196 752
196 859
197 841
197 843
197 873
197 919
198 135
198 846
198 869
198 886
199 689
199 957
199 963
199 995
200 273
200 631
200 761
200 849
201 415
201 650
201 750
201 928
202 221
202 787
202 920
202 926
203 460
203 960
203 968
203 972
204 509
204 935
204 949
204 951
205 47
205 550
205 822
205 946
206 284
206 728
206 770
206 842
207 343
207 704
207 734
207 933
208 518
208 974
208 996
208 999
209 944
209 960
209 961
209 972
210 581
210 812
210 820
210 890
211 254
211 595
211 692
211 992
212 973
212 977
212 979
212 980
213 391
213 627
213 825
213 881
214 989
214 990
214 992
214 993
215 787
215 866
215 920
215 932
216 908
216 973
216 977
216 980
217 427
217 763
217 918
217 936
218 931
218 977
218 979
218 980
219 104
219 482
219 913
219 924
220 308
220 946
220 985
220 998
221 202
221 337
221 920
221 932
222 796
222 866
222 868
222 870
223 555
223 826
223 875
223 885
224 624
224 630
224 696
224 933
225 84
225 732
225 889
225 916
226 889
226 899
226 916
226 956
227 29
227 605
227 664
227 871
228 580
228 977
228 979
228 980
229 424
229 662
229 711
229 875
229 885
230 698
230 745
230 790
230 923
230 969
231 302
231 662
231 717
231 885
231 984
232 792
232 877
232 925
232 969
232 981
233 407
233 989
233 990
233 992
233 993
234 927
234 953
234 983
234 987
234 988
235 159
235 805
235 817
235 908
235 941
236 904
236 945
236 953
236 983
236 987
237 907
237 931
237 949
237 951
237 955
238 91
238 477
238 670
238 881
238 984
239 136
239 757
239 869
239 886
239 918
240 538
240 974
240 982
240 984
240 999
241 809
241 905
241 917
241 929
241 970
242 974
242 976
242 989
242 990
242 992
243 617
243 786
243 791
243 828
243 871
244 409
244 639
244 702
244 824
244 873
245 116
245 280
245 428
245 553
245 881
246 758
246 897
246 900
246 904
246 937
247 827
247 871
247 925
247 969
247 981
248 877
248 927
248 952
248 969
248 981
249 73
249 757
249 846
249 869
249 886
250 603
250 943
250 955
250 965
250 966
251 479
251 960
251 961
251 968
251 972
252 138
252 639
252 816
252 873
252 887
253 186
253 909
253 957
253 988
253 994
254 24
254 211
254 398
254 597
254 906
255 330
255 441
255 782
255 920
255 926
256 684
256 776
256 866
256 868
256 870
257 725
257 754
257 760
257 835
257 923
258 697
258 749
258 933
258 938
258 940
259 682
259 696
259 767
259 872
259 938
260 710
260 907
260 935
260 949
260 951
261 762
261 777
261 863
261 884
261 997
262 432
262 828
262 881
262 882
262 895
263 508
263 744
263 817
263 920
263 926
264 170
264 651
264 912
264 918
264 936
265 550
265 628
265 884
265 893
265 918
266 846
266 943
266 950
266 965
266 966
267 504
267 660
267 872
267 933
267 938
268 482
268 620
268 696
268 864
268 913
269 501
269 596
269 701
269 969
269 981
270 755
270 946
270 947
270 985
270 986
271 576
271 674
271 785
271 798
271 906
272 600
272 925
272 952
272 969
272 981
273 200
273 802
273 820
273 849
273 969
274 137
274 758
274 853
274 889
274 899
275 417
275 940
275 958
275 996
275 999
276 899
276 931
276 935
276 949
276 951
277 177
277 515
277 672
277 777
277 863
278 587
278 756
278 922
278 953
278 987
279 442
279 737
279 841
279 847
279 919
280 245
280 316
280 380
280 670
280 735
281 925
281 952
281 969
281 977
281 981
282 487
282 967
282 974
282 996
282 999
283 877
283 890
283 925
283 952
283 981
284 206
284 627
284 728
284 821
284 879
285 426
285 592
285 611
285 705
285 824
286 707
286 711
286 826
286 875
286 885
287 49
287 403
287 471
287 693
287 749
288 114
288 176
288 543
288 791
288 974
289 355
289 939
289 956
289 970
289 971
290 74
290 901
290 956
290 970
290 971
291 957
291 988
291 994
291 995
291 998
292 343
292 630
292 684
292 704
292 833
293 809
293 813
293 903
293 917
293 929
294 418
294 759
294 802
294 864
294 913
295 592
295 684
295 697
295 872
295 938
296 598
296 960
296 961
296 968
296 972
297 95
297 131
297 518
297 616
297 898
298 557
298 820
298 889
298 899
298 924
299 768
299 813
299 834
299 929
299 968
300 972
300 989
300 990
300 992
300 993
301 167
301 401
301 536
301 861
301 895
302 63
302 231
302 803
302 875
302 885
303 405
303 670
303 675
303 789
303 863
304 752
304 897
304 900
304 904
304 937
305 939
305 945
305 956
305 970
305 971
306 901
306 940
306 982
306 984
306 999
307 384
307 973
307 977
307 979
307 980
308 220
308 934
308 942
308 965
308 966
309 368
309 528
309 746
309 820
309 859
310 745
310 835
310 908
310 923
310 983
311 777
311 789
311 797
311 863
311 884
312 408
312 943
312 954
312 965
312 966
313 807
313 833
313 925
313 969
313 981
314 638
314 925
314 952
314 969
314 981
315 622
315 778
315 798
315 906
315 949
316 160
316 280
316 800
316 825
316 881
317 848
317 922
317 945
317 983
317 987
318 77
318 973
318 977
318 979
318 980
319 191
319 944
319 961
319 968
319 972
320 412
320 945
320 959
320 983
320 987
321 166
321 989
321 990
321 992
321 993
322 375
322 939
322 948
322 956
322 971
323 656
323 741
323 776
323 868
323 966
324 489
324 709
324 910
324 928
324 967
325 776
325 796
325 866
325 870
325 889
326 853
326 889
326 899
326 916
326 985
327 925
327 939
327 948
327 970
327 971
328 582
328 721
328 862
328 913
328 924
329 392
329 459
329 687
329 861
329 882
330 255
330 508
330 880
330 920
330 932
331 429
331 698
331 760
331 818
331 923
332 857
332 944
332 960
332 968
332 972
333 678
333 757
333 828
333 846
333 869
334 456
334 793
334 926
334 932
334 961
335 612
335 613
335 782
335 919
335 920
336 740
336 880
336 927
336 983
336 987
337 221
337 989
337 990
337 992
337 993
338 527
338 774
338 810
338 867
338 941
339 430
339 639
339 816
339 837
339 873
340 844
340 956
340 970
340 971
340 990
341 401
341 589
341 592
341 629
341 873
342 902
342 931
342 935
342 949
342 951
343 207
343 292
343 619
343 734
343 938
344 831
344 835
344 877
344 952
344 981
345 948
345 956
345 970
345 971
345 980
346 922
346 927
346 982
346 983
346 987
347 427
347 546
347 553
347 689
347 986
348 517
348 800
348 825
348 838
348 881
349 939
349 948
349 956
349 971
349 994
350 690
350 805
350 905
350 917
350 929
351 8
351 681
351 704
351 760
351 923
352 678
352 978
352 986
352 997
352 998
353 33
353 957
353 963
353 988
353 991
354 954
354 988
354 991
354 994
354 995
355 289
355 958
355 974
355 984
355 999
356 787
356 865
356 982
356 984
356 996
357 605
357 664
357 786
357 871
357 974
358 707
358 719
358 809
358 826
358 885
359 97
359 973
359 975
359 979
359 980
360 811
360 939
360 948
360 956
360 970
361 178
361 921
361 963
361 988
361 991
362 395
362 399
362 597
362 842
362 879
363 427
363 524
363 772
363 798
363 906
364 416
364 758
364 822
364 853
364 916
365 697
365 988
365 991
365 994
365 995
366 904
366 948
366 956
366 970
366 971
367 54
367 698
367 737
367 790
367 923
368 309
368 555
368 717
368 803
368 826
369 787
369 920
369 926
369 932
369 961
370 545
370 685
370 763
370 862
370 912
371 619
371 973
371 975
371 977
371 979
371 980
372 519
372 569
372 843
372 847
372 919
372 952
373 593
373 659
373 757
373 782
373 787
373 932
374 860
374 890
374 978
374 985
374 997
374 998
375 322
375 613
375 787
375 793
375 920
375 926
376 20
376 72
376 382
376 531
376 898
376 926
377 903
377 958
377 971
377 974
377 982
377 996
378 65
378 410
378 425
378 578
378 928
378 939
379 902
379 939
379 948
379 956
379 970
379 971
380 280
380 795
380 846
380 851
380 869
380 886
381 123
381 915
381 946
381 986
381 997
381 998
382 185
382 376
382 568
382 575
382 898
382 965
383 880
383 922
383 953
383 972
383 983
383 987
384 307
384 934
384 950
384 955
384 965
384 966
385 530
385 807
385 912
385 918
385 936
385 996
386 163
386 581
386 603
386 752
386 849
386 917
387 595
387 698
387 714
387 832
387 835
387 923
388 460
388 590
388 619
388 650
388 928
388 998
389 453
389 944
389 960
389 961
389 968
389 972
390 432
390 703
390 714
390 828
390 861
390 895
391 57
391 213
391 517
391 670
391 695
391 800
392 196
392 329
392 631
392 746
392 802
392 812
393 135
393 944
393 960
393 961
393 968
393 972
394 405
394 691
394 822
394 884
394 893
394 939
395 362
395 732
395 758
395 889
395 899
395 916
396 138
396 629
396 642
396 824
396 837
396 993
397 5
397 109
397 758
397 853
397 889
397 916
398 254
398 583
398 634
398 839
398 842
398 879
399 362
399 464
399 627
399 797
399 839
399 842
400 892
400 967
400 974
400 982
400 996
400 999
401 301
401 341
401 474
401 632
401 828
401 882
402 555
402 976
402 989
402 990
402 992
402 993
403 287
403 942
403 943
403 954
403 955
403 965
404 836
404 973
404 975
404 977
404 979
404 980
405 303
405 394
405 594
405 672
405 789
405 893
406 606
406 973
406 975
406 977
406 979
406 980
407 233
407 950
407 954
407 955
407 965
407 966
408 312
408 732
408 853
408 889
408 899
408 916
409 244
409 556
409 733
409 866
409 868
409 870
410 378
410 619
410 650
410 709
410 910
410 993
411 43
411 809
411 813
411 905
411 917
411 929
412 320
412 880
412 945
412 977
412 983
412 987
413 563
413 745
413 754
413 760
413 832
413 923
414 24
414 434
414 436
414 842
414 879
414 910
415 201
415 776
415 796
415 866
415 868
415 870
416 364
416 608
416 853
416 916
416 938
416 959
417 275
417 760
417 973
417 975
417 977
417 980
418 294
418 759
418 810
418 862
418 864
418 913
419 854
419 874
419 954
419 955
419 965
419 966
420 880
420 903
420 915
420 967
420 982
420 999
421 731
421 831
421 925
421 952
421 969
421 981
422 774
422 810
422 817
422 829
422 941
422 987
423 544
423 641
423 746
423 752
423 820
423 859
424 229
424 797
424 958
424 967
424 982
424 996
425 378
425 489
425 712
425 910
425 928
425 988
426 5
426 285
426 615
426 853
426 899
426 916
427 122
427 217
427 347
427 363
427 433
427 477
428 245
428 656
428 676
428 776
428 868
428 870
429 331
429 511
429 754
429 832
429 835
429 923
430 339
430 818
430 922
430 927
430 983
430 987
431 614
431 757
431 795
431 869
431 886
431 998
432 262
432 390
432 526
432 819
432 882
432 895
433 137
433 427
433 507
433 670
433 713
433 825
434 414
434 440
434 728
434 839
434 879
434 948
435 98
435 769
435 974
435 982
435 984
435 996
436 119
436 414
436 597
436 640
436 827
436 839
437 119
437 464
437 640
437 839
437 842
437 986
438 952
438 976
438 989
438 990
438 992
438 993
439 944
439 960
439 961
439 962
439 968
439 972
440 434
440 634
440 640
440 728
440 839
440 949
441 255
441 657
441 948
441 956
441 970
441 971
442 279
442 943
442 976
442 990
442 992
442 993
443 681
443 754
443 775
443 790
443 835
443 923
444 901
444 948
444 956
444 970
444 971
444 980
445 804
445 829
445 931
445 935
445 949
445 951
446 586
446 927
446 945
446 953
446 983
446 987
447 947
447 976
447 985
447 986
447 997
447 998
448 723
448 748
448 862
448 864
448 924
448 946
449 581
449 641
449 761
449 812
449 851
449 982
450 136
450 577
450 717
450 912
450 918
450 936
451 507
451 595
451 748
451 864
451 913
451 924
452 678
452 795
452 846
452 869
452 886
452 934
453 389
453 813
453 905
453 917
453 929
453 963
454 637
454 648
454 772
454 778
454 906
454 963
455 85
455 581
455 716
455 812
455 820
455 859
456 334
456 732
456 782
456 920
456 926
456 932
457 629
457 976
457 989
457 990
457 992
457 993
458 777
458 942
458 943
458 954
458 965
458 966
459 329
459 495
459 500
459 753
459 882
459 895
460 203
460 388
460 590
460 712
460 910
460 928
461 23
461 465
461 765
461 789
461 863
461 893
462 600
462 697
462 734
462 825
462 933
462 938
463 772
463 778
463 785
463 798
463 844
463 906
464 399
464 437
464 595
464 728
464 834
464 839
464 879
465 461
465 603
465 777
465 789
465 806
465 867
465 893
466 638
466 675
466 762
466 765
466 822
466 863
466 977
467 922
467 927
467 945
467 953
467 977
467 983
467 987
468 848
468 876
468 921
468 963
468 988
468 991
468 995
469 545
469 665
469 762
469 912
469 918
469 936
469 979
470 37
470 125
470 768
470 834
470 905
470 917
470 929
471 287
471 684
471 693
471 704
471 933
471 964
471 980
472 662
472 711
472 803
472 820
472 875
472 885
472 928
473 782
473 909
473 957
473 988
473 991
473 994
473 995
474 153
474 401
474 687
474 828
474 833
474 861
474 895
475 618
475 748
475 891
475 902
475 907
475 949
475 951
476 771
476 922
476 945
476 953
476 954
476 983
476 987
477 1
477 238
477 427
477 550
477 689
477 713
477 881
478 647
478 930
478 947
478 978
478 986
478 997
478 998
479 251
479 854
479 934
479 942
479 954
479 955
479 965
480 742
480 944
480 960
480 961
480 968
480 972
480 992
481 789
481 934
481 942
481 955
481 964
481 965
481 966
482 219
482 268
482 570
482 730
482 862
482 913
482 924
483 508
483 744
483 793
483 920
483 926
483 932
483 981
484 665
484 874
484 976
484 989
484 990
484 992
484 993
485 506
485 872
485 915
485 985
485 986
485 997
485 998
486 658
486 736
486 780
486 799
486 905
486 917
486 929
487 282
487 823
487 877
487 925
487 952
487 969
487 981
488 168
488 901
488 939
488 948
488 956
488 970
488 971
489 324
489 425
489 578
489 692
489 910
489 928
489 992
490 830
490 891
490 907
490 921
490 935
490 949
490 951
491 636
491 750
491 947
491 978
491 986
491 997
491 998
492 879
492 894
492 915
492 947
492 985
492 986
492 997
493 79
493 574
493 779
493 802
493 820
493 849
493 859
494 793
494 850
494 878
494 897
494 900
494 904
494 937
495 80
495 142
495 167
495 459
495 828
495 861
495 882
496 111
496 515
496 615
496 862
496 864
496 913
496 924
497 651
497 733
497 776
497 796
497 868
497 870
497 904
498 510
498 778
498 805
498 810
498 867
498 908
498 941
499 806
499 896
499 976
499 989
499 990
499 992
499 993
500 459
500 604
500 687
500 699
500 828
500 861
500 895
501 269
501 574
501 653
501 807
501 925
501 969
501 981
502 930
502 951
502 978
502 985
502 986
502 997
502 998
503 544
503 792
503 862
503 864
503 896
503 913
503 924
504 267
504 661
504 828
504 861
504 882
504 895
504 926
505 611
505 642
505 807
505 816
505 824
505 837
505 873
506 485
506 650
506 692
506 709
506 750
506 764
506 928
507 433
507 451
507 818
507 880
507 953
507 983
507 987
508 263
508 330
508 483
508 668
508 926
508 932
508 957
509 100
509 204
509 748
509 759
509 862
509 913
509 924
510 498
510 645
510 681
510 817
510 867
510 908
510 941
511 127
511 152
511 429
511 525
511 575
511 654
511 898
512 674
512 708
512 737
512 772
512 785
512 798
512 906
513 761
513 892
513 976
513 989
513 990
513 992
513 993
514 853
514 897
514 957
514 988
514 991
514 994
514 995
515 277
515 496
515 748
515 759
515 862
515 864
515 924
516 734
516 815
516 878
516 897
516 900
516 904
516 937
517 348
517 391
517 689
517 800
517 825
517 881
517 956
518 95
518 208
518 297
518 525
518 654
518 845
518 898
519 372
519 554
519 569
519 614
519 781
519 845
519 919
520 719
520 833
520 934
520 942
520 943
520 955
520 966
521 533
521 808
521 907
521 958
521 967
521 982
521 996
522 539
522 823
522 877
522 905
522 952
522 969
522 981
523 617
523 930
523 978
523 985
523 986
523 997
523 998
524 363
524 536
524 593
524 674
524 778
524 798
524 906
525 179
525 511
525 518
525 628
525 654
525 727
525 898
526 432
526 632
526 661
526 742
526 795
526 882
526 895
527 338
527 909
527 963
527 988
527 991
527 994
527 995
528 163
528 309
528 603
528 716
528 747
528 899
528 922
529 676
529 774
529 829
529 859
529 867
529 908
529 941
530 385
530 763
530 868
530 912
530 918
530 936
530 975
531 20
531 95
531 191
531 376
531 727
531 896
531 898
532 600
532 630
532 734
532 872
532 925
532 933
532 938
533 521
533 892
533 976
533 989
533 990
533 992
533 993
534 119
534 685
534 703
534 763
534 912
534 918
534 936
535 741
535 944
535 960
535 961
535 968
535 972
535 991
536 301
536 524
536 637
536 674
536 785
536 798
536 906
537 796
537 911
537 976
537 989
537 990
537 992
537 993
538 240
538 972
538 976
538 989
538 990
538 992
538 993
539 522
539 710
539 877
539 925
539 934
539 969
539 981
540 70
540 850
540 878
540 897
540 900
540 904
540 937
541 698
541 760
541 790
541 832
541 835
541 944
541 948
542 545
542 940
542 958
542 982
542 984
542 996
542 999
543 82
543 288
543 617
543 664
543 731
543 787
543 791
543 871
544 103
544 423
544 503
544 721
544 729
544 864
544 913
544 924
545 370
545 469
545 542
545 651
545 912
545 918
545 936
545 952
546 19
546 347
546 649
546 689
546 713
546 733
546 825
546 881
547 815
547 850
547 878
547 897
547 900
547 904
547 905
547 937
548 769
548 881
548 922
548 927
548 945
548 953
548 983
548 987
549 599
549 614
549 819
549 843
549 847
549 919
549 957
549 959
550 205
550 265
550 477
550 667
550 789
550 806
550 884
550 886
551 934
551 942
551 943
551 950
551 955
551 965
551 966
551 997
552 575
552 624
552 958
552 967
552 982
552 984
552 996
552 999
553 122
553 245
553 347
553 602
553 629
553 713
553 825
553 881
554 519
554 709
554 915
554 978
554 985
554 986
554 997
554 998
555 71
555 223
555 368
555 402
555 707
555 803
555 875
555 885
556 48
556 409
556 676
556 733
556 764
556 866
556 868
556 870
557 298
557 758
557 853
557 889
557 899
557 916
557 917
557 994
558 75
558 126
558 688
558 757
558 795
558 869
558 886
558 973
559 727
559 940
559 958
559 967
559 974
559 984
559 996
559 999
560 888
560 902
560 962
560 973
560 975
560 977
560 979
560 980
561 47
561 177
561 672
561 749
561 765
561 863
561 882
561 893
562 641
562 746
562 747
562 761
562 802
562 812
562 852
562 859
563 413
563 921
563 931
563 963
563 988
563 991
563 994
563 995
564 682
564 865
564 887
564 940
564 982
564 984
564 996
564 999
565 693
565 921
565 957
565 963
565 988
565 991
565 994
565 995
566 24
566 161
566 650
566 709
566 750
566 910
566 925
566 928
567 121
567 962
567 964
567 973
567 975
567 977
567 979
567 980
568 159
568 179
568 185
568 382
568 598
568 654
568 727
568 898
569 107
569 372
569 519
569 747
569 819
569 845
569 919
569 974
570 10
570 482
570 721
570 729
570 838
570 864
570 913
570 924
571 776
571 823
571 827
571 831
571 925
571 952
571 969
571 981
572 771
572 772
572 793
572 821
572 880
572 953
572 983
572 987
573 640
573 841
573 865
573 958
573 974
573 984
573 996
573 999
574 493
574 501
574 631
574 656
574 752
574 761
574 820
574 849
575 72
575 382
575 511
575 552
575 654
575 727
575 898
575 996
576 271
576 889
576 894
576 930
576 978
576 985
576 997
576 998
577 187
577 450
577 685
577 757
577 763
577 912
577 918
577 936
578 161
578 378
578 489
578 590
578 709
578 750
578 910
578 920
579 629
579 642
579 705
579 748
579 816
579 837
579 873
579 993
580 228
580 921
580 932
580 957
580 963
580 988
580 994
580 995
581 210
581 386
581 449
581 455
581 728
581 746
581 799
581 849
582 328
582 652
582 737
582 819
582 843
582 845
582 847
582 919
583 172
583 398
583 946
583 978
583 985
583 986
583 997
583 998
584 824
584 883
584 911
584 976
584 989
584 990
584 992
584 993
585 107
585 903
585 932
585 967
585 974
585 982
585 984
585 999
586 446
586 940
586 967
586 974
586 982
586 984
586 996
586 999
587 278
587 609
587 816
587 880
587 931
587 953
587 983
587 987
588 621
588 766
588 821
588 919
588 927
588 953
588 983
588 987
589 341
589 611
589 629
589 702
589 763
589 824
589 862
589 873
590 184
590 388
590 460
590 578
590 750
590 905
590 910
590 928
591 659
591 850
591 878
591 897
591 900
591 904
591 937
591 999
592 285
592 295
592 341
592 816
592 824
592 837
592 873
592 977
593 373
593 524
593 659
593 668
593 744
593 787
593 926
593 932
594 405
594 909
594 957
594 963
594 988
594 991
594 994
594 995
595 211
595 387
595 451
595 464
595 597
595 640
595 842
595 879
596 269
596 807
596 831
596 925
596 944
596 952
596 969
596 981
597 254
597 362
597 436
597 595
597 634
597 879
597 959
597 964
598 296
598 568
598 876
598 957
598 963
598 988
598 991
598 994
598 995
599 149
599 549
599 781
599 841
599 845
599 847
599 870
599 906
599 919
600 121
600 272
600 462
600 532
600 749
600 872
600 900
600 933
600 938
601 625
601 856
601 860
601 911
601 944
601 960
601 961
601 968
601 972
602 553
602 896
602 911
602 919
602 976
602 989
602 990
602 992
602 993
603 51
603 250
603 386
603 465
603 528
603 747
603 752
603 761
603 849
604 500
604 856
604 860
604 932
604 944
604 960
604 961
604 968
604 972
605 227
605 357
605 617
605 664
605 731
605 786
605 791
605 871
605 894
606 406
606 958
606 967
606 974
606 982
606 984
606 996
606 997
606 999
607 648
607 892
607 896
607 911
607 976
607 989
607 990
607 992
607 993
608 416
608 732
608 758
608 853
608 889
608 899
608 910
608 916
608 999
609 587
609 855
609 885
609 927
609 929
609 945
609 953
609 983
609 987
610 645
610 774
610 805
610 810
610 829
610 846
610 867
610 941
610 990
611 180
611 285
611 505
611 589
611 629
611 702
611 705
611 837
611 873
612 82
612 85
612 335
612 744
612 787
612 910
612 920
612 926
612 932
613 335
613 375
613 659
613 793
613 896
613 920
613 926
613 932
613 964
614 431
614 519
614 549
614 769
614 819
614 841
614 845
614 847
614 919
615 144
615 145
615 426
615 496
615 732
615 860
615 889
615 899
615 916
616 297
616 830
616 891
616 902
616 907
616 931
616 935
616 949
616 951
617 127
617 176
617 243
617 523
617 543
617 605
617 664
617 731
617 786
618 475
618 700
618 915
618 946
618 947
618 985
618 986
618 997
618 998
619 22
619 343
619 371
619 388
619 410
619 692
619 712
619 910
619 928
620 268
620 639
620 721
620 748
620 837
620 862
620 864
620 913
620 924
621 588
621 706
621 896
621 911
621 976
621 989
621 990
621 992
621 993
622 80
622 315
622 772
622 778
622 785
622 798
622 906
622 970
622 975
623 27
623 652
623 781
623 819
623 843
623 845
623 847
623 919
623 961
624 224
624 552
624 891
624 902
624 907
624 931
624 935
624 949
624 951
625 601
625 959
625 962
625 964
625 973
625 975
625 977
625 979
625 980
626 892
626 896
626 911
626 976
626 978
626 989
626 990
626 992
626 993
627 24
627 213
627 284
627 399
627 640
627 839
627 842
627 879
627 898
628 265
628 525
628 672
628 702
628 762
628 765
628 863
628 884
628 893
629 138
629 341
629 396
629 457
629 553
629 579
629 589
629 611
629 816
630 224
630 292
630 532
630 682
630 704
630 734
630 827
630 858
630 933
631 200
631 392
631 574
631 703
631 716
631 802
631 820
631 826
631 859
632 401
632 526
632 687
632 703
632 828
632 861
632 882
632 895
632 935
633 921
633 957
633 963
633 988
633 991
633 994
633 995
633 997
633 998
634 9
634 398
634 440
634 597
634 640
634 839
634 842
634 879
634 950
635 90
635 942
635 943
635 950
635 954
635 955
635 965
635 966
635 978
636 491
636 833
636 901
636 934
636 942
636 943
636 954
636 965
636 966
637 454
637 536
637 674
637 772
637 778
637 798
637 804
637 884
637 906
638 144
638 314
638 466
638 667
638 691
638 762
638 789
638 822
638 893
639 138
639 244
639 252
639 339
639 620
639 642
639 816
639 837
639 940
640 436
640 437
640 440
640 573
640 595
640 627
640 634
640 842
640 879
641 423
641 449
641 562
641 716
641 747
641 761
641 812
641 943
641 989
642 396
642 505
642 579
642 639
642 702
642 824
642 837
642 873
642 984
643 658
643 685
643 736
643 738
643 813
643 905
643 917
643 929
643 939
644 779
644 800
644 830
644 921
644 963
644 988
644 991
644 994
644 995
645 510
645 610
645 773
645 774
645 805
645 866
645 867
645 908
645 941
646 708
646 746
646 815
646 850
646 878
646 897
646 900
646 904
646 937
647 478
647 856
647 860
647 944
647 960
647 961
647 968
647 972
647 994
648 454
648 607
648 854
648 858
648 934
648 942
648 950
648 955
648 965
648 966
649 546
649 940
649 958
649 967
649 974
649 978
649 982
649 984
649 996
649 999
650 201
650 388
650 410
650 506
650 566
650 712
650 887
650 910
650 928
650 941
651 133
651 264
651 497
651 545
651 685
651 763
651 912
651 918
651 936
651 984
652 582
652 623
652 727
652 737
652 781
652 841
652 843
652 845
652 898
652 919
653 46
653 501
653 807
653 827
653 831
653 925
653 952
653 967
653 969
653 981
654 71
654 72
654 131
654 511
654 518
654 525
654 568
654 575
654 727
654 781
655 815
655 950
655 959
655 962
655 964
655 973
655 975
655 977
655 979
655 980
656 323
656 428
656 574
656 676
656 733
656 736
656 741
656 796
656 866
656 870
657 441
657 677
657 718
657 901
657 937
657 939
657 948
657 956
657 970
657 971
658 188
658 486
658 643
658 736
658 738
658 799
658 834
658 917
658 929
658 990
659 373
659 591
659 593
659 613
659 787
659 793
659 883
659 920
659 926
659 932
660 267
660 684
660 693
660 704
660 749
660 872
660 923
660 933
660 938
660 996
661 504
661 526
661 687
661 703
661 828
661 861
661 862
661 869
661 882
661 895
662 36
662 229
662 231
662 472
662 717
662 803
662 826
662 875
662 885
662 940
663 715
663 729
663 754
663 844
663 901
663 939
663 948
663 956
663 970
663 971
664 30
664 58
664 227
664 357
664 543
664 605
664 617
664 791
664 871
664 963
665 18
665 160
665 469
665 484
665 685
665 763
665 839
665 912
665 918
665 936
666 701
666 837
666 844
666 901
666 939
666 948
666 956
666 970
666 971
666 987
667 87
667 550
667 638
667 765
667 789
667 806
667 822
667 863
667 893
667 914
668 40
668 508
668 593
668 744
668 782
668 793
668 900
668 920
668 932
668 985
669 694
669 711
669 762
669 764
669 858
669 943
669 950
669 954
669 965
669 966
670 238
670 280
670 303
670 391
670 433
670 713
670 735
670 800
670 881
670 993
671 157
671 715
671 809
671 844
671 901
671 939
671 948
671 956
671 970
671 971
672 277
672 405
672 561
672 628
672 675
672 765
672 791
672 884
672 893
672 928
673 29
673 900
673 959
673 962
673 964
673 973
673 975
673 977
673 979
673 980
674 271
674 512
674 524
674 536
674 637
674 772
674 785
674 841
674 894
674 906
675 303
675 466
675 672
675 707
675 762
675 777
675 806
675 822
675 863
675 965
676 428
676 529
676 556
676 656
676 741
676 796
676 866
676 868
676 870
676 954
677 657
677 701
677 901
677 937
677 939
677 948
677 956
677 970
677 971
677 981
678 333
678 352
678 452
678 688
678 743
678 795
678 846
678 869
678 886
678 965
679 32
679 823
679 851
679 930
679 946
679 978
679 985
679 986
679 997
679 998
680 909
680 921
680 935
680 957
680 963
680 964
680 988
680 991
680 994
680 995
681 8
681 351
681 443
681 510
681 745
681 754
681 760
681 801
681 835
681 923
682 259
682 564
682 630
682 696
682 697
682 734
682 822
682 872
682 933
682 938
683 163
683 814
683 838
683 856
683 860
683 944
683 960
683 961
683 968
683 972
684 49
684 256
684 292
684 295
684 471
684 660
684 696
684 790
684 933
684 938
685 370
685 534
685 577
685 643
685 651
685 665
685 733
685 912
685 918
685 936
686 786
686 892
686 896
686 911
686 917
686 976
686 989
686 990
686 992
686 993
687 329
687 474
687 500
687 632
687 661
687 703
687 882
687 895
687 916
687 966
688 558
688 678
688 743
688 757
688 795
688 846
688 869
688 886
688 935
688 958
689 1
689 199
689 347
689 477
689 517
689 546
689 800
689 825
689 881
689 990
690 62
690 350
690 738
690 799
690 813
690 834
690 905
690 917
690 929
690 949
691 86
691 394
691 638
691 765
691 777
691 806
691 822
691 893
691 951
691 974
692 178
692 211
692 489
692 506
692 619
692 709
692 750
692 910
692 928
692 983
693 287
693 471
693 565
693 660
693 696
693 749
693 872
693 906
693 933
693 938
694 18
694 669
694 858
694 943
694 950
694 954
694 955
694 957
694 965
694 966
695 391
695 888
695 946
695 947
695 961
695 978
695 985
695 986
695 997
695 998
696 224
696 259
696 268
696 682
696 684
696 693
696 812
696 872
696 933
696 938
696 985
697 155
697 258
697 295
697 365
697 462
697 682
697 749
697 835
697 872
697 933
697 938
698 230
698 331
698 367
698 387
698 541
698 745
698 790
698 835
698 923
698 924
698 973
699 500
699 755
699 876
699 890
699 909
699 921
699 963
699 988
699 991
699 994
699 995
700 618
700 876
700 909
700 921
700 923
700 957
700 963
700 988
700 991
700 994
700 995
701 269
701 666
701 677
701 844
701 901
701 939
701 948
701 956
701 970
701 971
701 992
702 55
702 244
702 589
702 611
702 628
702 642
702 705
702 816
702 824
702 837
702 873
703 92
703 390
703 534
703 631
703 632
703 661
703 687
703 828
703 861
703 882
703 895
704 207
704 292
704 351
704 471
704 630
704 660
704 749
704 872
704 933
704 938
704 969
705 0
705 285
705 579
705 611
705 702
705 816
705 824
705 837
705 873
705 874
705 905
706 621
706 838
706 856
706 860
706 944
706 960
706 961
706 968
706 972
706 979
706 990
707 286
707 358
707 555
707 675
707 711
707 717
707 719
707 826
707 875
707 885
707 986
708 512
708 646
708 732
708 742
708 815
708 850
708 878
708 897
708 900
708 904
708 937
709 324
709 410
709 506
709 554
709 566
709 578
709 692
709 824
709 843
709 910
709 928
710 260
710 539
710 814
710 823
710 827
710 877
710 893
710 925
710 952
710 969
710 981
711 55
711 229
711 286
711 472
711 669
711 707
711 719
711 772
711 803
711 875
711 885
712 94
712 101
712 425
712 460
712 619
712 650
712 750
712 850
712 910
712 928
712 982
713 433
713 477
713 546
713 553
713 670
713 735
713 800
713 825
713 881
713 932
713 996
714 387
714 390
714 753
714 838
714 856
714 860
714 944
714 960
714 961
714 968
714 972
715 5
715 663
715 671
715 844
715 901
715 939
715 948
715 956
715 970
715 971
715 991
716 20
716 76
716 89
716 147
716 455
716 528
716 631
716 641
716 812
716 825
716 859
717 110
717 231
717 368
717 450
717 662
717 707
717 767
717 803
717 826
717 875
717 885
718 657
718 874
718 892
718 896
718 911
718 971
718 976
718 989
718 990
718 992
718 993
719 55
719 66
719 358
719 520
719 707
719 711
719 803
719 826
719 859
719 875
719 885
720 751
720 903
720 940
720 958
720 967
720 974
720 982
720 984
720 991
720 996
720 999
721 328
721 544
721 570
721 620
721 729
721 748
721 759
721 788
721 913
721 924
721 957
722 804
722 848
722 891
722 902
722 907
722 931
722 935
722 949
722 951
722 979
722 983
723 448
723 770
723 817
723 934
723 942
723 943
723 950
723 954
723 955
723 965
723 966
724 853
724 874
724 892
724 896
724 911
724 961
724 976
724 989
724 990
724 992
724 993
725 257
725 821
725 840
725 855
725 922
725 927
725 945
725 953
725 983
725 987
725 999
726 740
726 801
726 830
726 891
726 902
726 907
726 913
726 949
726 951
726 965
726 999
727 127
727 152
727 525
727 531
727 559
727 568
727 575
727 652
727 654
727 734
727 898
728 31
728 206
728 284
728 434
728 440
728 464
728 581
728 842
728 879
728 886
728 987
729 544
729 570
729 663
729 721
729 748
729 759
729 862
729 871
729 913
729 924
729 973
730 482
730 789
730 890
730 930
730 947
730 978
730 985
730 986
730 992
730 997
730 998
731 30
731 60
731 115
731 421
731 543
731 605
731 617
731 786
731 791
731 836
731 871
731 931
732 151
732 225
732 395
732 408
732 456
732 608
732 615
732 708
732 853
732 889
732 899
732 916
733 194
733 409
733 497
733 546
733 556
733 656
733 685
733 741
733 796
733 831
733 866
733 870
734 207
734 343
734 462
734 516
734 532
734 630
734 682
734 727
734 872
734 933
734 938
734 941
735 1
735 19
735 91
735 122
735 280
735 670
735 713
735 800
735 843
735 881
735 923
735 941
736 486
736 643
736 656
736 658
736 768
736 799
736 809
736 834
736 875
736 905
736 917
736 929
737 279
737 367
737 512
737 582
737 652
737 781
737 819
737 841
737 843
737 845
737 919
737 997
738 158
738 643
738 658
738 690
738 758
738 768
738 799
738 834
738 905
738 912
738 917
738 929
739 185
739 890
739 892
739 915
739 930
739 946
739 947
739 978
739 985
739 986
739 997
739 998
740 336
740 726
740 762
740 773
740 848
740 891
740 902
740 907
740 931
740 935
740 949
740 951
741 128
741 143
741 323
741 535
741 656
741 676
741 733
741 776
741 796
741 866
741 868
741 928
742 480
742 526
742 708
742 791
742 815
742 850
742 878
742 897
742 900
742 904
742 937
743 23
743 26
743 678
743 688
743 750
743 757
743 795
743 813
743 846
743 869
743 886
743 991
744 16
744 47
744 263
744 483
744 593
744 612
744 668
744 793
744 887
744 920
744 926
744 932
745 54
745 230
745 310
745 413
745 681
745 698
745 754
745 790
745 813
745 832
745 923
745 962
746 309
746 392
746 423
746 562
746 581
746 646
746 752
746 761
746 812
746 820
746 849
746 909
747 89
747 528
747 562
747 569
747 603
747 641
747 802
747 820
747 849
747 859
747 920
747 991
748 448
748 451
748 475
748 509
748 515
748 579
748 620
748 721
748 729
748 862
748 913
748 924
749 94
749 258
749 287
749 561
749 600
749 660
749 693
749 697
749 704
749 872
749 933
749 938
750 201
750 491
750 506
750 566
750 578
750 590
750 692
750 712
750 743
750 816
750 910
750 928
751 720
751 767
751 876
751 891
751 909
751 921
751 933
751 957
751 963
751 988
751 991
751 994
751 995
752 46
752 196
752 304
752 386
752 423
752 574
752 603
752 746
752 761
752 778
752 812
752 859
752 868
753 459
753 714
753 829
753 838
753 856
753 860
753 944
753 960
753 961
753 968
753 970
753 972
754 257
754 413
754 429
754 443
754 663
754 681
754 745
754 790
754 832
754 835
754 923
754 946
754 957
755 270
755 699
755 876
755 909
755 921
755 923
755 941
755 957
755 963
755 988
755 991
755 994
755 995
756 278
756 857
756 888
756 894
756 915
756 946
756 947
756 978
756 985
756 986
756 992
756 997
756 998
757 239
757 249
757 333
757 373
757 431
757 558
757 577
757 688
757 743
757 846
757 869
757 886
757 942
758 246
758 274
758 364
758 395
758 397
758 557
758 608
758 738
758 853
758 889
758 899
758 916
758 949
759 10
759 142
759 294
759 418
759 509
759 515
759 721
759 729
759 862
759 913
759 924
759 967
759 975
760 54
760 257
760 331
760 351
760 413
760 417
760 541
760 681
760 790
760 832
760 835
760 923
760 981
761 200
761 449
761 513
761 562
761 574
761 603
761 641
761 746
761 752
761 802
761 820
761 849
761 944
762 261
762 466
762 469
762 628
762 638
762 669
762 675
762 740
762 806
762 822
762 863
762 884
762 893
763 133
763 217
763 370
763 530
763 534
763 577
763 589
763 651
763 665
763 857
763 912
763 918
763 936
764 506
764 556
764 669
764 788
764 854
764 858
764 934
764 942
764 950
764 954
764 955
764 965
764 966
765 461
765 466
765 561
765 628
765 667
765 672
765 691
765 806
765 822
765 863
765 893
765 895
765 920
766 588
766 771
766 855
766 880
766 888
766 922
766 927
766 943
766 945
766 953
766 962
766 983
766 987
767 259
767 717
767 751
767 779
767 876
767 909
767 921
767 957
767 963
767 988
767 991
767 994
767 995
768 299
768 470
768 736
768 738
768 799
768 809
768 815
768 834
768 895
768 905
768 917
768 929
768 982
769 435
769 548
769 614
769 771
769 818
769 840
769 855
769 861
769 880
769 922
769 927
769 953
769 983
769 987
770 206
770 723
770 783
770 857
770 888
770 894
770 930
770 946
770 947
770 978
770 985
770 986
770 997
770 998
771 476
771 572
771 766
771 769
771 821
771 840
771 855
771 862
771 922
771 945
771 953
771 968
771 983
771 987
772 42
772 363
772 454
772 463
772 512
772 572
772 622
772 637
772 674
772 711
772 778
772 785
772 798
772 906
773 645
773 740
773 801
773 830
773 848
773 891
773 902
773 907
773 916
773 931
773 935
773 949
773 951
773 985
774 195
774 338
774 422
774 529
774 610
774 645
774 805
774 810
774 812
774 817
774 867
774 908
774 941
774 976
775 443
775 814
775 834
775 865
775 903
775 940
775 943
775 958
775 967
775 974
775 982
775 984
775 996
775 999
776 83
776 143
776 194
776 256
776 323
776 325
776 415
776 428
776 497
776 571
776 741
776 866
776 868
776 870
777 261
777 277
777 311
777 458
777 465
777 675
777 691
777 789
777 822
777 863
777 884
777 893
777 922
777 983
778 68
778 80
778 315
778 454
778 463
778 498
778 524
778 622
778 637
778 752
778 772
778 785
778 906
778 990
779 493
779 644
779 767
779 825
779 876
779 909
779 921
779 942
779 957
779 963
779 988
779 991
779 994
779 995
780 486
780 794
780 868
780 883
780 914
780 940
780 959
780 962
780 964
780 973
780 975
780 977
780 979
780 980
781 519
781 599
781 623
781 652
781 654
781 737
781 819
781 841
781 843
781 845
781 847
781 884
781 885
781 919
782 64
782 173
782 255
782 335
782 373
782 456
782 473
782 668
782 793
782 914
782 920
782 926
782 932
782 993
783 770
783 814
783 865
783 880
783 887
783 903
783 940
783 958
783 967
783 974
783 982
783 984
783 996
783 999
784 32
784 804
784 867
784 887
784 903
784 940
784 947
784 958
784 967
784 974
784 982
784 984
784 996
784 999
785 68
785 156
785 271
785 463
785 512
785 536
785 622
785 674
785 772
785 778
785 906
785 909
785 928
785 936
786 30
786 44
786 60
786 189
786 243
786 357
786 605
786 617
786 686
786 731
786 791
786 802
786 871
786 924
787 202
787 215
787 356
787 369
787 373
787 375
787 543
787 593
787 612
787 659
787 920
787 926
787 932
787 993
788 721
788 764
788 833
788 854
788 858
788 934
788 937
788 942
788 943
788 950
788 954
788 955
788 965
788 966
788 995
789 303
789 311
789 405
789 461
789 465
789 481
789 550
789 638
789 667
789 730
789 777
789 806
789 822
789 884
789 967
790 98
790 230
790 367
790 443
790 541
790 684
790 698
790 745
790 754
790 760
790 832
790 835
790 923
790 950
790 973
791 82
791 115
791 176
791 189
791 243
791 288
791 543
791 605
791 664
791 672
791 731
791 742
791 786
791 824
791 871
792 232
792 503
792 811
792 852
792 874
792 892
792 896
792 911
792 945
792 976
792 989
792 990
792 992
792 993
793 34
793 85
793 334
793 375
793 483
793 494
793 572
793 613
793 659
793 668
793 744
793 782
793 920
793 926
793 932
794 152
794 780
794 883
794 897
794 914
794 930
794 959
794 962
794 964
794 973
794 975
794 977
794 979
794 980
795 26
795 126
795 131
795 380
795 431
795 452
795 526
795 558
795 678
795 688
795 743
795 846
795 869
795 886
795 921
796 120
796 128
796 190
796 222
796 325
796 415
796 497
796 537
796 656
796 676
796 733
796 741
796 866
796 868
796 870
797 69
797 311
797 399
797 424
797 865
797 887
797 903
797 940
797 958
797 967
797 974
797 982
797 984
797 996
797 999
798 68
798 271
798 315
798 363
798 463
798 512
798 524
798 536
798 622
798 637
798 772
798 877
798 906
798 958
798 972
799 172
799 486
799 581
799 658
799 690
799 736
799 738
799 768
799 809
799 813
799 834
799 898
799 917
799 929
799 999
800 116
800 137
800 150
800 316
800 348
800 391
800 517
800 644
800 670
800 689
800 713
800 735
800 825
800 881
800 995
801 681
801 726
801 773
801 804
801 830
801 848
801 891
801 892
801 902
801 907
801 931
801 935
801 949
801 951
801 960
802 61
802 163
802 273
802 294
802 392
802 493
802 562
802 631
802 747
802 761
802 786
802 820
802 849
802 859
802 975
803 71
803 302
803 368
803 472
803 555
803 662
803 711
803 717
803 719
803 826
803 875
803 885
803 933
803 937
803 960
804 176
804 445
804 637
804 722
804 784
804 801
804 830
804 848
804 891
804 902
804 907
804 931
804 935
804 949
804 951
805 139
805 235
805 350
805 498
805 610
805 645
805 774
805 810
805 817
805 829
805 867
805 876
805 893
805 908
805 941
806 86
806 150
806 465
806 499
806 550
806 667
806 675
806 691
806 762
806 765
806 789
806 863
806 884
806 893
806 980
807 165
807 313
807 385
807 501
807 505
807 596
807 653
807 823
807 827
807 831
807 877
807 952
807 969
807 974
807 981
808 0
808 521
808 814
808 887
808 903
808 940
808 949
808 958
808 962
808 967
808 974
808 982
808 984
808 996
808 999
809 172
809 241
809 293
809 358
809 411
809 671
809 736
809 768
809 799
809 813
809 834
809 905
809 917
809 929
809 938
810 157
810 338
810 418
810 422
810 498
810 610
810 774
810 805
810 817
810 829
810 867
810 908
810 941
810 988
810 992
811 360
811 792
811 852
811 864
811 874
811 892
811 896
811 911
811 968
811 976
811 989
811 990
811 992
811 993
812 61
812 76
812 210
812 392
812 449
812 455
812 562
812 641
812 696
812 716
812 746
812 752
812 774
812 859
812 967
813 293
813 299
813 411
813 453
813 643
813 690
813 743
813 745
813 799
813 809
813 834
813 905
813 917
813 929
813 991
814 683
814 710
814 775
814 783
814 808
814 883
814 887
814 898
814 940
814 958
814 967
814 974
814 982
814 984
814 996
814 999
815 150
815 516
815 547
815 646
815 655
815 708
815 742
815 768
815 850
815 869
815 878
815 897
815 900
815 904
815 937
816 0
816 64
816 252
816 339
816 505
816 579
816 587
816 592
816 629
816 639
816 702
816 705
816 750
816 824
816 837
816 873
817 9
817 21
817 235
817 263
817 422
817 510
817 723
817 774
817 805
817 810
817 829
817 867
817 908
817 933
817 941
817 945
818 331
818 430
818 507
818 769
818 821
818 840
818 852
818 855
818 894
818 922
818 927
818 945
818 953
818 983
818 987
818 994
819 175
819 432
819 549
819 569
819 582
819 614
819 623
819 737
819 781
819 834
819 841
819 843
819 845
819 847
819 919
819 971
820 210
820 273
820 298
820 309
820 423
820 455
820 472
820 493
820 574
820 631
820 746
820 747
820 761
820 802
820 849
820 962
821 284
821 572
821 588
821 725
821 771
821 818
821 840
821 880
821 922
821 927
821 945
821 953
821 956
821 966
821 983
821 987
822 205
822 364
822 394
822 466
822 638
822 667
822 675
822 682
822 691
822 762
822 765
822 777
822 789
822 884
822 893
822 915
823 115
823 487
823 522
823 571
823 679
823 710
823 807
823 827
823 831
823 877
823 925
823 952
823 968
823 969
823 981
823 988
824 244
824 285
824 396
824 505
824 584
824 589
824 592
824 642
824 702
824 705
824 709
824 791
824 816
824 837
824 873
824 963
825 19
825 116
825 213
825 316
825 348
825 433
825 462
825 517
825 546
825 553
825 689
825 713
825 716
825 779
825 800
825 881
826 55
826 66
826 223
826 286
826 358
826 368
826 631
826 662
826 707
826 717
826 719
826 803
826 875
826 885
826 947
826 967
827 110
827 148
827 247
827 436
827 571
827 630
827 653
827 710
827 807
827 823
827 831
827 877
827 925
827 952
827 969
827 981
828 243
828 262
828 333
828 390
828 401
828 474
828 495
828 500
828 504
828 632
828 661
828 703
828 861
828 869
828 882
828 895
829 21
829 96
829 117
829 130
829 422
829 445
829 529
829 610
829 753
829 805
829 810
829 817
829 867
829 908
829 941
829 973
830 490
830 616
830 644
830 726
830 773
830 801
830 804
830 848
830 891
830 902
830 907
830 931
830 935
830 947
830 949
830 957
831 344
831 421
831 571
831 596
831 653
831 733
831 807
831 823
831 827
831 877
831 925
831 927
831 952
831 958
831 969
831 981
832 8
832 98
832 387
832 413
832 429
832 541
832 745
832 754
832 760
832 790
832 835
832 909
832 912
832 923
832 967
832 971
833 292
833 313
833 474
833 520
833 636
833 788
833 854
833 858
833 934
833 942
833 943
833 950
833 954
833 955
833 965
833 966
834 299
834 464
834 470
834 658
834 690
834 736
834 738
834 768
834 775
834 799
834 809
834 813
834 819
834 905
834 917
834 929
835 257
835 310
835 344
835 387
835 429
835 443
835 541
835 681
835 697
835 698
835 754
835 760
835 790
835 832
835 907
835 923
835 994
836 404
836 731
836 851
836 876
836 888
836 890
836 894
836 915
836 921
836 930
836 946
836 947
836 978
836 985
836 986
836 997
836 998
837 45
837 339
837 396
837 505
837 579
837 592
837 611
837 620
837 639
837 642
837 666
837 702
837 705
837 816
837 824
837 873
837 937
838 348
838 570
838 683
838 706
838 714
838 753
838 856
838 860
838 942
838 944
838 960
838 961
838 968
838 972
839 31
839 166
839 398
839 399
839 434
839 436
839 437
839 440
839 464
839 627
839 634
839 665
839 842
839 873
839 879
839 931
839 995
840 725
840 769
840 771
840 818
840 821
840 855
840 880
840 917
840 922
840 927
840 945
840 953
840 972
840 983
840 986
840 987
840 999
841 93
841 197
841 279
841 573
841 599
841 614
841 652
841 674
841 737
841 781
841 819
841 843
841 845
841 847
841 864
841 879
841 919
842 3
842 166
842 182
842 206
842 362
842 398
842 399
842 414
842 437
842 595
842 627
842 634
842 640
842 728
842 839
842 879
842 996
843 107
843 175
843 197
843 372
843 549
843 582
843 623
843 652
843 709
843 735
843 737
843 781
843 819
843 841
843 903
843 915
843 919
844 106
844 195
844 340
844 463
844 663
844 666
844 671
844 701
844 715
844 883
844 901
844 939
844 947
844 948
844 956
844 970
844 971
845 149
845 175
845 518
845 519
845 569
845 582
845 599
845 614
845 623
845 652
845 737
845 781
845 819
845 841
845 847
845 914
845 919
846 136
846 198
846 249
846 266
846 333
846 380
846 452
846 610
846 678
846 688
846 743
846 757
846 795
846 853
846 869
846 886
846 930
847 93
847 149
847 279
847 372
847 549
847 582
847 599
847 614
847 623
847 781
847 819
847 841
847 845
847 857
847 893
847 919
847 938
848 317
848 468
848 722
848 740
848 773
848 801
848 804
848 830
848 891
848 902
848 907
848 931
848 934
848 935
848 949
848 950
848 951
849 46
849 51
849 200
849 273
849 386
849 493
849 574
849 581
849 603
849 746
849 747
849 761
849 802
849 820
849 965
849 985
849 999
850 104
850 494
850 540
850 547
850 591
850 646
850 708
850 712
850 742
850 815
850 878
850 897
850 900
850 904
850 909
850 937
850 952
850 976
851 380
851 449
851 679
851 836
851 857
851 888
851 890
851 894
851 915
851 930
851 946
851 947
851 964
851 978
851 985
851 986
851 997
851 998
852 22
852 114
852 562
852 792
852 811
852 818
852 874
852 892
852 896
852 911
852 976
852 989
852 990
852 992
852 993
853 144
853 274
853 326
853 364
853 397
853 408
853 416
853 426
853 514
853 557
853 608
853 724
853 732
853 758
853 846
853 889
853 899
853 916
854 419
854 479
854 648
854 764
854 788
854 833
854 856
854 858
854 889
854 926
854 934
854 942
854 943
854 950
854 954
854 955
854 965
854 966
855 177
855 609
855 725
855 766
855 769
855 771
855 818
855 840
855 880
855 922
855 927
855 944
855 945
855 953
855 957
855 976
855 983
855 987
856 70
856 601
856 604
856 647
856 683
856 706
856 714
856 753
856 838
856 854
856 860
856 922
856 944
856 960
856 961
856 968
856 972
857 332
857 756
857 763
857 770
857 847
857 851
857 888
857 890
857 894
857 915
857 930
857 946
857 947
857 978
857 985
857 986
857 997
857 998
858 630
858 648
858 669
858 694
858 764
858 788
858 833
858 854
858 934
858 942
858 943
858 950
858 954
858 955
858 965
858 966
858 979
858 990
859 61
859 76
859 147
859 196
859 309
859 423
859 455
859 493
859 529
859 562
859 631
859 716
859 719
859 747
859 752
859 802
859 812
859 946
860 374
860 601
860 604
860 615
860 647
860 683
860 706
860 714
860 753
860 838
860 856
860 907
860 914
860 944
860 960
860 961
860 968
860 972
861 28
861 167
861 301
861 329
861 390
861 474
861 495
861 500
861 504
861 632
861 661
861 703
861 769
861 828
861 881
861 882
861 893
861 895
861 995
862 328
862 370
862 418
862 448
862 482
862 496
862 503
862 509
862 515
862 589
862 620
862 661
862 729
862 748
862 759
862 771
862 864
862 913
862 924
863 261
863 277
863 303
863 311
863 461
863 466
863 561
863 628
863 667
863 675
863 762
863 765
863 777
863 806
863 884
863 885
863 887
863 892
863 903
864 60
864 111
864 268
864 294
864 418
864 448
864 451
864 496
864 503
864 515
864 544
864 570
864 620
864 811
864 841
864 862
864 913
864 924
864 987
865 356
865 564
865 573
865 775
865 783
865 797
865 866
865 887
865 903
865 940
865 958
865 966
865 967
865 969
865 974
865 982
865 984
865 996
865 999
866 143
866 215
866 222
866 256
866 325
866 409
866 415
866 556
866 645
866 656
866 676
866 733
866 741
866 776
866 796
866 865
866 868
866 870
866 930
867 9
867 96
867 139
867 338
867 465
867 498
867 510
867 529
867 610
867 645
867 774
867 784
867 805
867 810
867 817
867 829
867 868
867 908
867 941
867 980
868 128
868 194
868 222
868 256
868 323
868 409
868 415
868 428
868 497
868 530
868 556
868 676
868 741
868 752
868 776
868 780
868 796
868 866
868 867
868 870
869 135
869 198
869 239
869 249
869 333
869 380
869 431
869 452
869 558
869 661
869 678
869 688
869 743
869 757
869 795
869 815
869 828
869 846
869 886
869 958
870 128
870 222
870 256
870 325
870 409
870 415
870 428
870 497
870 556
870 599
870 656
870 676
870 733
870 776
870 796
870 866
870 868
870 908
870 955
870 985
871 29
871 44
871 60
871 82
871 114
871 115
871 189
871 227
871 243
871 247
871 357
871 543
871 605
871 664
871 729
871 731
871 786
871 791
871 903
871 938
872 43
872 259
872 267
872 295
872 485
872 532
872 600
872 660
872 682
872 693
872 696
872 697
872 704
872 734
872 749
872 930
872 933
872 938
872 947
872 960
873 0
873 197
873 244
873 252
873 339
873 341
873 505
873 579
873 589
873 592
873 611
873 642
873 702
873 705
873 816
873 824
873 837
873 839
873 963
873 991
874 155
874 419
874 484
874 705
874 718
874 724
874 792
874 811
874 852
874 892
874 896
874 911
874 976
874 988
874 989
874 990
874 992
874 993
875 66
875 71
875 223
875 229
875 286
875 302
875 472
875 555
875 662
875 707
875 711
875 717
875 719
875 736
875 803
875 826
875 885
875 962
875 983
875 988
876 468
876 598
876 699
876 700
876 751
876 755
876 767
876 779
876 805
876 836
876 888
876 909
876 921
876 922
876 957
876 963
876 988
876 991
876 994
876 995
877 129
877 190
877 232
877 248
877 283
877 344
877 487
877 522
877 539
877 710
877 798
877 807
877 823
877 827
877 831
877 882
877 952
877 969
877 981
877 997
878 69
878 116
878 134
878 164
878 494
878 516
878 540
878 547
878 591
878 646
878 708
878 742
878 815
878 850
878 897
878 900
878 904
878 912
878 925
878 936
878 937
879 31
879 119
879 166
879 284
879 362
879 398
879 414
879 434
879 464
879 492
879 595
879 597
879 627
879 634
879 640
879 728
879 839
879 841
879 842
879 886
879 927
880 330
880 336
880 383
880 412
880 420
880 507
880 572
880 587
880 766
880 769
880 783
880 821
880 840
880 855
880 922
880 927
880 945
880 953
880 975
880 983
880 987
881 122
881 213
881 238
881 245
881 262
881 316
881 348
881 477
881 517
881 546
881 548
881 553
881 670
881 689
881 713
881 735
881 800
881 825
881 861
881 918
881 970
882 28
882 142
882 262
882 329
882 401
882 432
882 459
882 495
882 504
882 526
882 561
882 632
882 661
882 687
882 703
882 828
882 861
882 877
882 895
882 897
882 989
883 584
883 659
883 780
883 794
883 814
883 844
883 914
883 959
883 962
883 964
883 973
883 975
883 977
883 979
883 980
884 47
884 50
884 86
884 156
884 261
884 265
884 311
884 394
884 550
884 628
884 637
884 672
884 762
884 777
884 781
884 789
884 806
884 822
884 863
884 893
884 977
885 66
885 223
885 229
885 231
885 286
885 302
885 358
885 472
885 555
885 609
885 662
885 707
885 711
885 717
885 719
885 781
885 803
885 826
885 863
885 875
885 913
886 23
886 26
886 126
886 135
886 198
886 239
886 249
886 380
886 431
886 452
886 550
886 558
886 678
886 688
886 728
886 743
886 757
886 795
886 846
886 869
886 879
886 991
887 6
887 252
887 564
887 650
887 744
887 783
887 784
887 797
887 808
887 814
887 863
887 865
887 898
887 903
887 940
887 958
887 967
887 974
887 982
887 984
887 996
887 999
888 560
888 695
888 756
888 766
888 770
888 836
888 851
888 857
888 876
888 890
888 894
888 915
888 930
888 946
888 947
888 975
888 978
888 985
888 986
888 994
888 997
888 998
889 145
889 151
889 173
889 225
889 226
889 274
889 298
889 325
889 326
889 395
889 397
889 408
889 557
889 576
889 608
889 615
889 732
889 758
889 853
889 854
889 899
889 916
890 210
890 283
890 374
890 699
890 730
890 739
890 836
890 851
890 857
890 888
890 894
890 915
890 930
890 946
890 947
890 956
890 976
890 978
890 985
890 986
890 997
890 998
891 88
891 475
891 490
891 616
891 624
891 722
891 726
891 740
891 751
891 773
891 801
891 804
891 830
891 848
891 902
891 907
891 931
891 935
891 949
891 951
891 970
891 980
892 400
892 513
892 533
892 607
892 626
892 686
892 718
892 724
892 739
892 792
892 801
892 811
892 852
892 863
892 874
892 896
892 911
892 976
892 989
892 990
892 992
892 993
893 177
893 265
893 394
893 405
893 461
893 465
893 561
893 628
893 638
893 667
893 672
893 691
893 710
893 762
893 765
893 777
893 805
893 806
893 822
893 847
893 861
893 884
894 113
894 492
894 576
894 605
894 674
894 756
894 770
894 818
894 836
894 851
894 857
894 888
894 890
894 915
894 930
894 946
894 947
894 962
894 978
894 985
894 986
894 997
894 998
895 28
895 61
895 142
895 262
895 301
895 390
895 432
895 459
895 474
895 500
895 504
895 526
895 632
895 661
895 687
895 703
895 765
895 768
895 828
895 861
895 882
895 919
895 935
896 499
896 503
896 531
896 602
896 607
896 613
896 621
896 626
896 686
896 718
896 724
896 792
896 811
896 852
896 874
896 892
896 897
896 911
896 976
896 989
896 990
896 992
896 993
897 67
897 101
897 164
897 246
897 304
897 494
897 514
897 516
897 540
897 547
897 591
897 646
897 708
897 742
897 794
897 815
897 850
897 878
897 882
897 896
897 900
897 904
897 937
898 20
898 72
898 95
898 127
898 131
898 152
898 179
898 185
898 297
898 376
898 382
898 511
898 518
898 525
898 531
898 568
898 575
898 627
898 652
898 727
898 799
898 814
898 887
899 144
899 145
899 151
899 226
899 274
899 276
899 298
899 326
899 395
899 408
899 426
899 528
899 557
899 608
899 615
899 732
899 758
899 853
899 889
899 916
899 974
899 976
899 999
900 101
900 134
900 164
900 192
900 246
900 304
900 494
900 516
900 540
900 547
900 591
900 600
900 646
900 668
900 673
900 708
900 742
900 815
900 850
900 878
900 897
900 904
900 937
900 970
901 33
901 106
901 184
901 290
901 306
901 444
901 488
901 636
901 657
901 663
901 666
901 671
901 677
901 701
901 715
901 844
901 908
901 930
901 937
901 939
901 948
901 956
901 970
901 971
902 132
902 342
902 379
902 475
902 560
902 616
902 624
902 722
902 726
902 740
902 773
902 801
902 804
902 830
902 848
902 891
902 907
902 931
902 935
902 949
902 951
902 960
902 978
902 999
903 293
903 377
903 420
903 585
903 720
903 775
903 783
903 784
903 797
903 808
903 843
903 863
903 865
903 871
903 887
903 910
903 940
903 958
903 967
903 974
903 982
903 984
903 996
903 999
904 52
904 67
904 69
904 104
904 236
904 246
904 304
904 366
904 494
904 497
904 516
904 540
904 547
904 591
904 646
904 708
904 742
904 815
904 850
904 878
904 897
904 900
904 910
904 937
905 37
905 172
905 180
905 241
905 350
905 411
905 453
905 470
905 486
905 522
905 547
905 590
905 643
905 690
905 705
905 736
905 738
905 768
905 809
905 813
905 834
905 917
905 929
905 989
906 42
906 68
906 80
906 156
906 254
906 271
906 315
906 363
906 454
906 463
906 512
906 524
906 536
906 599
906 622
906 637
906 674
906 693
906 772
906 778
906 785
906 798
906 959
906 963
907 237
907 260
907 475
907 490
907 521
907 616
907 624
907 722
907 726
907 740
907 773
907 801
907 804
907 830
907 835
907 848
907 860
907 891
907 902
907 911
907 931
907 935
907 949
907 951
907 996
908 21
908 96
908 117
908 130
908 139
908 157
908 159
908 195
908 216
908 235
908 310
908 498
908 510
908 529
908 645
908 774
908 805
908 810
908 817
908 829
908 867
908 870
908 901
908 941
908 948
909 183
909 253
909 473
909 527
909 594
909 680
909 699
909 700
909 746
909 751
909 755
909 767
909 779
909 785
909 832
909 850
909 876
909 921
909 957
909 963
909 988
909 991
909 994
909 995
909 998
910 22
910 65
910 94
910 161
910 178
910 324
910 410
910 414
910 425
910 460
910 489
910 566
910 578
910 590
910 608
910 612
910 619
910 650
910 692
910 709
910 712
910 750
910 903
910 904
910 928
911 106
911 537
911 584
911 601
911 602
911 607
911 621
911 626
911 686
911 718
911 724
911 792
911 811
911 852
911 874
911 892
911 896
911 907
911 963
911 965
911 976
911 989
911 990
911 992
911 993
912 7
912 90
912 160
912 187
912 191
912 192
912 264
912 370
912 385
912 450
912 469
912 530
912 534
912 545
912 577
912 651
912 665
912 685
912 738
912 763
912 832
912 878
912 918
912 936
912 979
912 983
913 103
913 219
913 268
913 294
913 328
913 418
913 451
913 482
913 496
913 503
913 509
913 544
913 570
913 620
913 721
913 726
913 729
913 748
913 759
913 862
913 864
913 885
913 924
913 934
913 968
913 993
914 667
914 780
914 782
914 794
914 845
914 860
914 883
914 921
914 959
914 962
914 964
914 973
914 975
914 977
914 979
914 980
914 987
915 381
915 420
915 485
915 492
915 554
915 618
915 739
915 756
915 822
915 836
915 843
915 851
915 857
915 888
915 890
915 894
915 930
915 931
915 946
915 947
915 952
915 978
915 985
915 986
915 997
915 998
916 5
916 145
916 151
916 193
916 225
916 226
916 326
916 364
916 395
916 397
916 408
916 416
916 426
916 557
916 608
916 615
916 687
916 732
916 758
916 773
916 853
916 889
916 899
916 929
916 955
916 996
917 37
917 171
917 180
917 241
917 293
917 350
917 386
917 411
917 453
917 470
917 486
917 557
917 643
917 658
917 686
917 690
917 736
917 738
917 768
917 799
917 809
917 813
917 834
917 840
917 905
917 929
918 7
918 18
918 90
918 133
918 187
918 192
918 217
918 239
918 264
918 265
918 385
918 450
918 469
918 530
918 534
918 545
918 577
918 651
918 665
918 685
918 763
918 881
918 912
918 929
918 936
918 977
919 93
919 107
919 149
919 175
919 197
919 279
919 335
919 372
919 519
919 549
919 569
919 582
919 588
919 599
919 602
919 614
919 623
919 652
919 737
919 781
919 819
919 841
919 843
919 845
919 847
919 895
919 995
920 64
920 202
920 215
920 221
920 255
920 263
920 330
920 335
920 369
920 375
920 456
920 483
920 578
920 612
920 613
920 659
920 668
920 744
920 747
920 765
920 782
920 787
920 793
920 926
920 932
920 971
920 993
921 361
921 468
921 490
921 563
921 565
921 580
921 633
921 644
921 680
921 699
921 700
921 751
921 755
921 767
921 779
921 795
921 836
921 876
921 909
921 914
921 957
921 960
921 963
921 988
921 991
921 994
921 995
922 278
922 317
922 346
922 383
922 430
922 467
922 476
922 528
922 548
922 725
922 766
922 769
922 771
922 777
922 818
922 821
922 840
922 855
922 856
922 876
922 880
922 927
922 945
922 973
922 982
922 983
922 987
923 8
923 54
923 98
923 230
923 257
923 310
923 331
923 351
923 367
923 387
923 413
923 429
923 443
923 660
923 681
923 698
923 700
923 735
923 745
923 754
923 755
923 760
923 790
923 832
923 835
923 929
923 989
924 10
924 30
924 103
924 111
924 219
924 298
924 328
924 448
924 451
924 482
924 496
924 503
924 509
924 515
924 544
924 570
924 620
924 698
924 721
924 729
924 748
924 759
924 786
924 862
924 864
924 913
924 950
925 56
925 110
925 147
925 232
925 247
925 272
925 281
925 283
925 313
925 314
925 327
925 421
925 487
925 501
925 532
925 539
925 566
925 571
925 596
925 653
925 710
925 823
925 827
925 831
925 878
925 952
925 969
925 981
926 4
926 40
926 85
926 173
926 202
926 255
926 263
926 334
926 369
926 375
926 376
926 456
926 483
926 504
926 508
926 593
926 612
926 613
926 659
926 744
926 782
926 787
926 793
926 854
926 920
926 932
926 955
926 990
927 134
927 234
927 248
927 336
927 346
927 430
927 446
927 467
927 548
927 588
927 609
927 725
927 766
927 769
927 818
927 821
927 831
927 840
927 855
927 879
927 880
927 922
927 945
927 953
927 983
927 987
927 989
927 993
928 22
928 31
928 65
928 94
928 141
928 161
928 178
928 201
928 324
928 378
928 388
928 425
928 460
928 472
928 489
928 506
928 566
928 590
928 619
928 650
928 672
928 692
928 709
928 712
928 741
928 750
928 785
928 910
929 37
929 180
929 241
929 293
929 299
929 350
929 411
929 453
929 470
929 486
929 609
929 643
929 658
929 690
929 736
929 738
929 768
929 799
929 809
929 813
929 834
929 905
929 916
929 917
929 918
929 923
929 946
929 986
930 478
930 502
930 523
930 576
930 679
930 730
930 739
930 770
930 794
930 836
930 846
930 851
930 857
930 866
930 872
930 888
930 890
930 894
930 901
930 915
930 946
930 947
930 973
930 978
930 985
930 986
930 997
930 998
931 45
931 132
931 162
931 218
931 237
931 276
931 342
931 445
931 563
931 587
931 616
931 624
931 722
931 731
931 740
931 773
931 801
931 804
931 830
931 839
931 848
931 891
931 902
931 907
931 915
931 935
931 949
931 951
932 40
932 64
932 173
932 215
932 221
932 330
932 334
932 369
932 373
932 456
932 483
932 508
932 580
932 585
932 593
932 604
932 612
932 613
932 659
932 668
932 713
932 744
932 782
932 787
932 793
932 920
932 926
932 938
932 955
933 43
933 121
933 155
933 207
933 224
933 258
933 267
933 462
933 471
933 532
933 600
933 630
933 660
933 682
933 684
933 693
933 696
933 697
933 704
933 734
933 749
933 751
933 803
933 817
933 872
933 938
933 945
933 948
933 985
934 57
934 97
934 308
934 384
934 452
934 479
934 481
934 520
934 539
934 551
934 636
934 648
934 723
934 764
934 788
934 833
934 848
934 854
934 858
934 913
934 942
934 943
934 950
934 952
934 954
934 955
934 965
934 966
934 992
935 102
935 132
935 162
935 204
935 260
935 276
935 342
935 445
935 490
935 616
935 624
935 632
935 680
935 688
935 722
935 740
935 773
935 801
935 804
935 830
935 848
935 891
935 895
935 902
935 907
935 931
935 942
935 949
935 951
936 7
936 18
936 42
936 90
936 133
936 143
936 160
936 187
936 191
936 192
936 217
936 264
936 385
936 450
936 469
936 530
936 534
936 545
936 577
936 651
936 665
936 685
936 763
936 785
936 878
936 912
936 918
936 987
936 999
937 67
937 69
937 101
937 104
937 134
937 150
937 164
937 246
937 304
937 494
937 516
937 540
937 547
937 591
937 646
937 657
937 677
937 708
937 742
937 788
937 803
937 815
937 837
937 850
937 878
937 897
937 900
937 901
937 904
938 41
938 43
938 49
938 121
938 155
938 258
938 259
938 267
938 295
938 343
938 416
938 462
938 532
938 600
938 660
938 682
938 684
938 693
938 696
938 697
938 704
938 734
938 749
938 809
938 847
938 871
938 872
938 932
938 933
939 14
939 89
939 102
939 171
939 289
939 305
939 322
939 327
939 349
939 360
939 378
939 379
939 394
939 488
939 643
939 657
939 663
939 666
939 671
939 677
939 701
939 715
939 844
939 901
939 948
939 956
939 966
939 970
939 971
940 179
940 258
940 275
940 306
940 542
940 559
940 564
940 586
940 639
940 649
940 662
940 720
940 775
940 780
940 783
940 784
940 797
940 808
940 814
940 865
940 887
940 903
940 945
940 958
940 967
940 974
940 982
940 984
940 996
940 999
941 9
941 21
941 96
941 117
941 130
941 139
941 157
941 159
941 195
941 235
941 338
941 422
941 498
941 510
941 529
941 610
941 645
941 650
941 734
941 735
941 755
941 774
941 805
941 810
941 817
941 829
941 867
941 908
941 970
941 986
942 109
942 308
942 403
942 458
942 479
942 481
942 520
942 551
942 635
942 636
942 648
942 723
942 757
942 764
942 779
942 788
942 833
942 838
942 854
942 858
942 934
942 935
942 943
942 950
942 954
942 955
942 965
942 966
942 968
942 994
943 10
943 105
943 129
943 250
943 266
943 312
943 403
943 442
943 458
943 520
943 551
943 635
943 636
943 641
943 669
943 694
943 723
943 766
943 775
943 788
943 833
943 854
943 858
943 934
943 942
943 949
943 950
943 954
943 955
943 965
943 966
944 67
944 92
944 123
944 181
944 209
944 319
944 332
944 389
944 393
944 439
944 480
944 535
944 541
944 596
944 601
944 604
944 647
944 683
944 706
944 714
944 753
944 761
944 838
944 855
944 856
944 860
944 960
944 961
944 968
944 972
944 981
945 3
945 108
945 118
945 169
945 236
945 305
945 317
945 320
945 412
945 446
945 467
945 476
945 548
945 609
945 725
945 766
945 771
945 792
945 817
945 818
945 821
945 840
945 855
945 880
945 922
945 927
945 933
945 940
945 953
945 983
945 987
946 154
946 205
946 220
946 270
946 381
946 448
946 583
946 618
946 679
946 695
946 739
946 754
946 756
946 770
946 836
946 851
946 857
946 859
946 888
946 890
946 894
946 915
946 929
946 930
946 947
946 958
946 978
946 985
946 986
946 997
946 998
947 13
947 270
947 447
947 478
947 491
947 492
947 618
947 695
947 730
947 739
947 756
947 770
947 784
947 826
947 830
947 836
947 844
947 851
947 857
947 872
947 888
947 890
947 894
947 915
947 930
947 946
947 978
947 983
947 985
947 986
947 997
947 998
948 14
948 15
948 174
948 322
948 327
948 345
948 349
948 360
948 366
948 379
948 434
948 441
948 444
948 488
948 541
948 657
948 663
948 666
948 671
948 677
948 701
948 715
948 844
948 901
948 908
948 933
948 939
948 951
948 956
948 970
948 971
948 975
949 45
949 162
949 204
949 237
949 260
949 276
949 315
949 342
949 440
949 445
949 475
949 490
949 616
949 624
949 690
949 722
949 726
949 740
949 758
949 773
949 801
949 804
949 808
949 830
949 848
949 891
949 902
949 907
949 931
949 935
949 943
949 951
950 11
950 97
950 105
950 129
950 266
950 384
950 407
950 551
950 634
950 635
950 648
950 655
950 669
950 694
950 723
950 764
950 788
950 790
950 833
950 848
950 854
950 858
950 924
950 934
950 942
950 943
950 951
950 954
950 955
950 965
950 966
950 994
951 45
951 132
951 146
951 162
951 204
951 237
951 260
951 276
951 342
951 445
951 475
951 490
951 502
951 616
951 624
951 691
951 722
951 726
951 740
951 773
951 801
951 804
951 848
951 891
951 902
951 907
951 931
951 935
951 948
951 949
951 950
951 954
952 58
952 74
952 77
952 78
952 99
952 165
952 248
952 272
952 281
952 283
952 314
952 344
952 372
952 421
952 438
952 487
952 522
952 545
952 571
952 596
952 653
952 710
952 807
952 823
952 827
952 831
952 850
952 877
952 915
952 925
952 934
952 969
952 981
953 48
953 91
953 169
953 234
953 236
953 278
953 383
953 446
953 467
953 476
953 507
953 548
953 572
953 587
953 588
953 609
953 725
953 766
953 769
953 771
953 818
953 821
953 840
953 855
953 880
953 927
953 945
953 960
953 975
953 976
953 981
953 983
953 984
953 987
954 57
954 97
954 105
954 129
954 312
954 354
954 403
954 407
954 419
954 458
954 476
954 479
954 635
954 636
954 669
954 676
954 694
954 723
954 764
954 788
954 833
954 854
954 858
954 934
954 942
954 943
954 950
954 951
954 955
954 965
954 966
954 982
954 984
954 989
955 11
955 105
955 109
955 237
955 250
955 384
955 403
955 407
955 419
955 479
955 481
955 520
955 551
955 635
955 648
955 694
955 723
955 764
955 788
955 833
955 854
955 858
955 870
955 916
955 926
955 932
955 934
955 942
955 943
955 950
955 954
955 965
955 966
955 997
956 33
956 83
956 102
956 171
956 226
956 289
956 290
956 305
956 322
956 340
956 345
956 349
956 360
956 366
956 379
956 441
956 444
956 488
956 517
956 657
956 663
956 666
956 671
956 677
956 701
956 715
956 821
956 844
956 890
956 901
956 939
956 948
956 970
956 971
956 988
956 995
957 140
957 141
957 146
957 183
957 199
957 253
957 291
957 353
957 473
957 508
957 514
957 549
957 565
957 580
957 594
957 598
957 633
957 680
957 694
957 700
957 721
957 751
957 754
957 755
957 767
957 779
957 830
957 855
957 876
957 909
957 921
957 963
957 988
957 991
957 994
957 995
958 2
958 11
958 99
958 275
958 355
958 377
958 424
958 521
958 542
958 552
958 559
958 573
958 606
958 649
958 688
958 720
958 775
958 783
958 784
958 797
958 798
958 808
958 814
958 831
958 865
958 869
958 887
958 903
958 940
958 946
958 967
958 974
958 982
958 984
958 996
958 999
959 320
959 416
959 549
959 597
959 625
959 655
959 673
959 780
959 794
959 883
959 906
959 914
959 962
959 964
959 973
959 975
959 977
959 978
959 979
959 980
959 992
960 62
960 63
960 112
960 124
960 153
960 181
960 203
960 209
960 251
960 296
960 332
960 389
960 393
960 439
960 480
960 535
960 601
960 604
960 647
960 683
960 706
960 714
960 753
960 801
960 803
960 838
960 856
960 860
960 872
960 902
960 921
960 944
960 953
960 961
960 968
960 972
960 998
961 38
961 39
961 62
961 70
961 92
961 123
961 124
961 181
961 209
961 251
961 296
961 319
961 334
961 369
961 389
961 393
961 439
961 480
961 535
961 601
961 604
961 623
961 647
961 683
961 695
961 706
961 714
961 724
961 753
961 838
961 856
961 860
961 944
961 960
961 968
961 972
961 981
962 439
962 560
962 567
962 625
962 655
962 673
962 745
962 766
962 780
962 794
962 808
962 820
962 875
962 883
962 894
962 914
962 959
962 964
962 973
962 975
962 977
962 979
962 980
963 4
963 75
963 158
963 199
963 353
963 361
963 453
963 454
963 468
963 527
963 563
963 565
963 580
963 594
963 598
963 633
963 644
963 664
963 680
963 699
963 700
963 751
963 755
963 767
963 779
963 824
963 873
963 876
963 906
963 909
963 911
963 921
963 957
963 988
963 991
963 994
963 995
963 997
964 53
964 471
964 481
964 567
964 597
964 613
964 625
964 655
964 673
964 680
964 780
964 794
964 851
964 883
964 914
964 959
964 962
964 973
964 975
964 977
964 978
964 979
964 980
965 59
965 109
965 250
965 266
965 308
965 312
965 382
965 384
965 403
965 407
965 419
965 458
965 479
965 481
965 551
965 635
965 636
965 648
965 669
965 675
965 678
965 694
965 723
965 726
965 764
965 788
965 833
965 849
965 854
965 858
965 911
965 934
965 942
965 943
965 950
965 954
965 955
965 966
965 996
966 11
966 57
966 65
966 250
966 266
966 308
966 312
966 323
966 384
966 407
966 419
966 458
966 481
966 520
966 551
966 635
966 636
966 648
966 669
966 687
966 694
966 723
966 764
966 788
966 821
966 833
966 854
966 858
966 865
966 934
966 939
966 942
966 943
966 950
966 954
966 955
966 965
966 967
966 990
967 2
967 6
967 17
967 282
967 324
967 400
967 420
967 424
967 521
967 552
967 559
967 585
967 586
967 606
967 649
967 653
967 720
967 759
967 775
967 783
967 784
967 789
967 797
967 808
967 812
967 814
967 826
967 832
967 865
967 887
967 903
967 940
967 958
967 966
967 974
967 982
967 984
967 996
967 999
968 39
968 63
968 70
968 92
968 112
968 124
968 153
968 181
968 203
968 251
968 296
968 299
968 319
968 332
968 389
968 393
968 439
968 480
968 535
968 601
968 604
968 647
968 683
968 706
968 714
968 753
968 771
968 811
968 823
968 838
968 856
968 860
968 913
968 942
968 944
968 960
968 961
968 972
968 987
969 56
969 58
969 74
969 77
969 78
969 99
969 190
969 230
969 232
969 247
969 248
969 269
969 272
969 273
969 281
969 313
969 314
969 421
969 487
969 501
969 522
969 539
969 571
969 596
969 653
969 704
969 710
969 807
969 823
969 827
969 831
969 865
969 877
969 925
969 952
969 972
969 973
969 978
969 981
970 14
970 33
970 83
970 106
970 171
970 174
970 184
970 241
970 289
970 290
970 305
970 327
970 340
970 345
970 360
970 366
970 379
970 441
970 444
970 488
970 622
970 657
970 663
970 666
970 671
970 677
970 701
970 715
970 753
970 844
970 881
970 891
970 900
970 901
970 939
970 941
970 948
970 956
970 971
971 14
971 83
971 102
971 108
971 174
971 184
971 289
971 290
971 305
971 322
971 327
971 340
971 345
971 349
971 366
971 377
971 379
971 441
971 444
971 488
971 657
971 663
971 666
971 671
971 677
971 701
971 715
971 718
971 819
971 832
971 844
971 901
971 920
971 939
971 948
971 956
971 970
971 979
971 998
972 39
972 62
972 63
972 112
972 123
972 124
972 153
972 203
972 209
972 251
972 296
972 300
972 319
972 332
972 383
972 389
972 393
972 439
972 480
972 535
972 538
972 601
972 604
972 647
972 683
972 706
972 714
972 753
972 798
972 838
972 840
972 856
972 860
972 944
972 960
972 961
972 968
972 969
972 979
972 987
972 997
973 12
973 36
973 50
973 73
973 84
973 120
973 168
973 193
973 212
973 216
973 307
973 318
973 359
973 371
973 404
973 406
973 417
973 558
973 560
973 567
973 625
973 655
973 673
973 698
973 729
973 780
973 790
973 794
973 829
973 883
973 914
973 922
973 930
973 959
973 962
973 964
973 969
973 975
973 977
973 979
973 980
974 6
974 38
974 41
974 208
974 240
974 242
974 282
974 288
974 355
974 357
974 377
974 400
974 435
974 559
974 569
974 573
974 585
974 586
974 606
974 649
974 691
974 720
974 775
974 783
974 784
974 797
974 807
974 808
974 814
974 865
974 887
974 899
974 903
974 940
974 958
974 967
974 982
974 984
974 995
974 996
974 999
975 359
975 371
975 404
975 406
975 417
975 530
975 560
975 567
975 622
975 625
975 655
975 673
975 759
975 780
975 794
975 802
975 880
975 883
975 888
975 914
975 948
975 953
975 959
975 962
975 964
975 973
975 977
975 979
975 980
975 986
976 88
976 242
976 402
976 438
976 442
976 447
976 457
976 484
976 499
976 513
976 533
976 537
976 538
976 584
976 602
976 607
976 621
976 626
976 686
976 718
976 724
976 774
976 792
976 811
976 850
976 852
976 855
976 874
976 890
976 892
976 896
976 899
976 911
976 953
976 982
976 989
976 990
976 992
976 993
977 12
977 36
977 87
977 120
977 148
977 168
977 182
977 212
977 216
977 218
977 228
977 281
977 307
977 318
977 371
977 404
977 406
977 412
977 417
977 466
977 467
977 560
977 567
977 592
977 625
977 655
977 673
977 780
977 794
977 883
977 884
977 914
977 918
977 959
977 962
977 964
977 973
977 975
977 979
977 980
977 987
977 988
978 13
978 52
978 53
978 56
978 118
978 130
978 352
978 374
978 478
978 491
978 502
978 523
978 554
978 576
978 583
978 626
978 635
978 649
978 679
978 695
978 730
978 739
978 756
978 770
978 836
978 851
978 857
978 888
978 890
978 894
978 902
978 915
978 930
978 946
978 947
978 959
978 964
978 969
978 985
978 986
978 997
978 998
979 12
979 36
979 50
979 73
979 84
979 87
979 120
979 148
979 174
979 182
979 193
979 212
979 218
979 228
979 307
979 318
979 359
979 371
979 404
979 406
979 469
979 560
979 567
979 625
979 655
979 673
979 706
979 722
979 780
979 794
979 858
979 883
979 912
979 914
979 959
979 962
979 964
979 971
979 972
979 973
979 975
979 977
979 980
979 995
980 12
980 50
980 73
980 84
980 87
980 148
980 168
980 182
980 193
980 212
980 216
980 218
980 228
980 307
980 318
980 345
980 359
980 371
980 404
980 406
980 417
980 444
980 471
980 560
980 567
980 625
980 655
980 673
980 780
980 794
980 806
980 867
980 883
980 891
980 914
980 959
980 962
980 964
980 973
980 975
980 977
980 979
980 982
980 983
980 986
981 28
981 44
981 56
981 58
981 74
981 77
981 78
981 99
981 110
981 165
981 190
981 232
981 247
981 248
981 269
981 272
981 281
981 283
981 313
981 314
981 344
981 421
981 483
981 487
981 501
981 522
981 539
981 571
981 596
981 653
981 677
981 710
981 760
981 807
981 823
981 827
981 831
981 877
981 925
981 944
981 952
981 953
981 961
981 969
981 989
982 2
982 81
982 186
982 240
982 306
982 346
982 356
982 377
982 400
982 420
982 424
982 435
982 449
982 521
982 542
982 552
982 564
982 585
982 586
982 606
982 649
982 712
982 720
982 768
982 775
982 783
982 784
982 797
982 808
982 814
982 865
982 887
982 903
982 922
982 940
982 954
982 958
982 967
982 974
982 976
982 980
982 984
982 996
982 997
982 999
983 3
983 48
983 108
983 169
983 234
983 236
983 310
983 317
983 320
983 336
983 346
983 383
983 412
983 430
983 446
983 467
983 476
983 507
983 548
983 572
983 587
983 588
983 609
983 692
983 722
983 725
983 766
983 769
983 771
983 777
983 818
983 821
983 840
983 855
983 875
983 880
983 912
983 922
983 927
983 945
983 947
983 953
983 980
983 987
983 994
984 2
984 17
984 38
984 41
984 81
984 86
984 103
984 186
984 231
984 238
984 240
984 306
984 355
984 356
984 435
984 542
984 552
984 559
984 564
984 573
984 585
984 586
984 606
984 642
984 649
984 651
984 720
984 775
984 783
984 784
984 797
984 808
984 814
984 865
984 887
984 903
984 940
984 953
984 954
984 958
984 967
984 974
984 982
984 988
984 996
984 999
985 16
985 34
985 40
985 52
985 59
985 154
985 220
985 270
985 326
985 374
985 447
985 485
985 492
985 502
985 523
985 554
985 576
985 583
985 618
985 668
985 679
985 695
985 696
985 730
985 739
985 756
985 770
985 773
985 836
985 849
985 851
985 857
985 870
985 888
985 890
985 894
985 915
985 930
985 933
985 946
985 947
985 978
985 986
985 993
985 997
985 998
986 16
986 34
986 53
986 118
986 167
986 270
986 347
986 352
986 381
986 437
986 447
986 478
986 485
986 491
986 492
986 502
986 523
986 554
986 583
986 618
986 679
986 695
986 707
986 730
986 739
986 756
986 770
986 836
986 840
986 851
986 857
986 888
986 890
986 894
986 915
986 929
986 930
986 941
986 946
986 947
986 975
986 978
986 980
986 985
986 997
986 998
987 3
987 48
987 108
987 169
987 234
987 236
987 278
987 317
987 320
987 336
987 346
987 383
987 412
987 422
987 430
987 446
987 467
987 476
987 507
987 548
987 572
987 587
987 588
987 609
987 666
987 725
987 728
987 766
987 769
987 771
987 818
987 821
987 840
987 855
987 864
987 880
987 914
987 922
987 927
987 936
987 945
987 953
987 968
987 972
987 977
987 983
988 27
988 35
988 79
988 113
988 170
988 234
988 253
988 291
988 353
988 354
988 361
988 365
988 425
988 468
988 473
988 514
988 527
988 563
988 565
988 580
988 594
988 598
988 633
988 644
988 680
988 699
988 700
988 751
988 755
988 767
988 779
988 810
988 823
988 874
988 875
988 876
988 909
988 921
988 956
988 957
988 963
988 977
988 984
988 991
988 994
988 995
989 88
989 125
989 188
989 189
989 194
989 214
989 233
989 242
989 300
989 321
989 337
989 402
989 438
989 457
989 484
989 499
989 513
989 533
989 537
989 538
989 584
989 602
989 607
989 621
989 626
989 641
989 686
989 718
989 724
989 792
989 811
989 852
989 874
989 882
989 892
989 896
989 905
989 911
989 923
989 927
989 954
989 976
989 981
989 990
989 992
989 993
990 15
990 25
990 125
990 214
990 233
990 242
990 300
990 321
990 337
990 340
990 402
990 438
990 442
990 457
990 484
990 499
990 513
990 533
990 537
990 538
990 584
990 602
990 607
990 610
990 621
990 626
990 658
990 686
990 689
990 706
990 718
990 724
990 778
990 792
990 811
990 852
990 858
990 874
990 892
990 896
990 911
990 926
990 966
990 976
990 989
990 992
990 993
991 4
991 27
991 35
991 75
991 78
991 100
991 140
991 146
991 170
991 183
991 353
991 354
991 361
991 365
991 468
991 473
991 514
991 527
991 535
991 563
991 565
991 594
991 598
991 633
991 644
991 680
991 699
991 700
991 715
991 720
991 743
991 747
991 751
991 755
991 767
991 779
991 813
991 873
991 876
991 886
991 909
991 921
991 957
991 963
991 988
991 994
991 995
992 15
992 25
992 188
992 211
992 214
992 233
992 242
992 300
992 321
992 337
992 402
992 438
992 442
992 457
992 480
992 484
992 489
992 499
992 513
992 533
992 537
992 538
992 584
992 602
992 607
992 621
992 626
992 686
992 701
992 718
992 724
992 730
992 756
992 792
992 810
992 811
992 852
992 874
992 892
992 896
992 911
992 934
992 959
992 976
992 989
992 990
992 993
992 995
993 15
993 25
993 88
993 125
993 188
993 214
993 233
993 300
993 321
993 337
993 396
993 402
993 410
993 438
993 442
993 457
993 484
993 499
993 513
993 533
993 537
993 538
993 579
993 584
993 602
993 607
993 621
993 626
993 670
993 686
993 718
993 724
993 782
993 787
993 792
993 811
993 852
993 874
993 892
993 896
993 911
993 913
993 920
993 927
993 976
993 985
993 989
993 990
993 992
994 35
994 75
994 79
994 100
994 113
994 140
994 141
994 146
994 158
994 183
994 253
994 291
994 349
994 354
994 365
994 473
994 514
994 527
994 557
994 563
994 565
994 580
994 594
994 598
994 633
994 644
994 647
994 680
994 699
994 700
994 751
994 755
994 767
994 779
994 818
994 835
994 876
994 888
994 909
994 921
994 942
994 950
994 957
994 963
994 983
994 988
994 991
994 995
994 996
995 4
995 27
995 35
995 79
995 100
995 113
995 141
995 158
995 165
995 170
995 199
995 291
995 354
995 365
995 468
995 473
995 514
995 527
995 563
995 565
995 580
995 594
995 598
995 633
995 644
995 680
995 699
995 700
995 751
995 755
995 767
995 779
995 788
995 800
995 839
995 861
995 876
995 909
995 919
995 921
995 956
995 957
995 963
995 974
995 979
995 988
995 991
995 992
995 994
996 17
996 32
996 38
996 41
996 44
996 81
996 208
996 275
996 282
996 356
996 377
996 385
996 400
996 424
996 435
996 521
996 542
996 552
996 559
996 564
996 573
996 575
996 586
996 606
996 649
996 660
996 713
996 720
996 775
996 783
996 784
996 797
996 808
996 814
996 842
996 865
996 887
996 903
996 907
996 916
996 940
996 958
996 965
996 967
996 974
996 982
996 984
996 994
996 999
997 13
997 34
997 52
997 53
997 59
997 261
997 352
997 374
997 381
997 447
997 478
997 485
997 491
997 492
997 502
997 523
997 551
997 554
997 576
997 583
997 606
997 618
997 633
997 679
997 695
997 730
997 737
997 739
997 756
997 770
997 836
997 851
997 857
997 877
997 888
997 890
997 894
997 915
997 930
997 946
997 947
997 955
997 963
997 972
997 978
997 982
997 985
997 986
997 998
998 13
998 16
998 26
998 59
998 112
998 117
998 118
998 154
998 220
998 291
998 352
998 374
998 381
998 388
998 431
998 447
998 478
998 485
998 491
998 502
998 523
998 554
998 576
998 583
998 618
998 633
998 679
998 695
998 730
998 739
998 756
998 770
998 836
998 851
998 857
998 888
998 890
998 894
998 909
998 915
998 930
998 946
998 947
998 960
998 971
998 978
998 985
998 986
998 997
999 6
999 17
999 32
999 81
999 186
999 208
999 240
999 275
999 282
999 306
999 355
999 400
999 420
999 542
999 552
999 559
999 564
999 573
999 585
999 586
999 591
999 606
999 608
999 649
999 720
999 725
999 726
999 775
999 783
999 784
999 797
999 799
999 808
999 814
999 840
999 849
999 865
999 887
999 899
999 902
999 903
999 936
999 940
999 958
999 967
999 974
999 982
999 984
999 996
