0 505
0 879
0 898
0 927
1 965
1 979
1 982
1 993
2 514
2 908
2 959
2 988
3 499
3 820
3 847
3 920
4 834
4 879
4 898
4 927
5 556
5 831
5 916
5 972
6 596
6 727
6 960
6 967
7 800
7 943
7 963
7 988
8 866
8 943
8 963
8 988
9 825
9 857
9 950
9 987
10 394
10 489
10 567
10 915
11 994
11 997
11 998
11 999
12 991
12 992
12 995
12 996
13 52
13 706
13 862
13 957
14 410
14 975
14 976
14 977
15 378
15 934
15 980
15 984
16 49
16 455
16 912
16 940
17 821
17 845
17 950
17 987
18 781
18 902
18 917
18 940
19 855
19 913
19 919
19 947
20 708
20 897
20 901
20 967
21 929
21 934
21 980
21 984
22 754
22 910
22 930
22 932
23 595
23 691
23 882
23 972
24 511
24 815
24 845
24 987
25 540
25 607
25 760
25 880
26 524
26 780
26 916
26 972
27 933
27 978
27 983
27 986
28 178
28 350
28 770
28 861
29 62
29 342
29 918
29 926
30 267
30 654
30 807
30 886
31 119
31 921
31 966
31 989
32 571
32 595
32 916
32 972
33 954
33 991
33 995
33 996
34 682
34 780
34 882
34 972
35 811
35 885
35 889
35 911
36 423
36 754
36 930
36 932
37 858
37 971
37 975
37 976
38 617
38 764
38 869
38 920
39 914
39 962
39 979
39 993
40 698
40 961
40 985
40 990
41 895
41 937
41 949
41 974
42 602
42 883
42 959
42 988
43 107
43 716
43 928
43 941
44 971
44 975
44 976
44 977
45 638
45 786
45 850
45 906
46 701
46 770
46 806
46 861
47 958
47 973
47 983
47 986
48 991
48 992
48 995
48 996
49 16
49 137
49 945
49 948
50 905
50 964
50 966
50 989
51 324
51 366
51 930
51 932
52 13
52 230
52 572
52 915
53 113
53 443
53 919
53 947
54 172
54 579
54 660
54 855
55 958
55 970
55 983
55 986
56 781
56 896
56 912
56 948
57 197
57 876
57 968
57 987
58 660
58 741
58 863
58 947
59 613
59 734
59 824
59 947
60 732
60 895
60 949
60 974
61 201
61 829
61 918
61 926
62 29
62 626
62 918
62 926
63 812
63 905
63 964
63 989
64 108
64 463
64 792
64 972
65 839
65 885
65 889
65 911
66 675
66 950
66 968
66 987
67 734
67 797
67 824
67 863
68 89
68 774
68 799
68 806
69 544
69 807
69 828
69 886
70 245
70 882
70 916
70 972
71 140
71 673
71 960
71 967
72 931
72 979
72 981
72 993
73 938
73 939
73 979
73 993
74 278
74 821
74 968
74 987
75 859
75 964
75 966
75 989
76 575
76 603
76 915
76 957
77 970
77 973
77 983
77 986
78 519
78 881
78 928
78 941
79 99
79 628
79 799
79 861
80 933
80 973
80 978
80 983
81 721
81 953
81 985
81 990
82 994
82 997
82 998
82 999
83 879
83 898
83 899
83 927
84 797
84 855
84 913
84 919
85 961
85 969
85 985
85 990
86 291
86 648
86 928
86 941
87 354
87 663
87 930
87 932
88 888
88 994
88 998
88 999
89 68
89 565
89 606
89 758
90 939
90 965
90 981
90 993
91 845
91 950
91 968
91 987
92 400
92 617
92 764
92 920
93 596
93 901
93 960
93 967
94 387
94 944
94 949
94 974
95 849
95 946
95 952
95 984
96 834
96 898
96 899
96 927
97 704
97 937
97 944
97 974
98 942
98 964
98 966
98 989
99 79
99 606
99 628
99 799
100 895
100 937
100 949
100 974
101 962
101 979
101 982
101 993
102 923
102 971
102 976
102 977
103 231
103 790
103 828
103 830
104 190
104 497
104 586
104 984
105 854
105 923
105 971
105 977
106 791
106 853
106 897
106 911
107 43
107 120
107 784
107 928
108 64
108 882
108 916
108 972
109 593
109 623
109 949
109 974
110 958
110 978
110 983
110 986
111 958
111 970
111 978
111 986
112 816
112 955
112 997
112 998
113 53
113 257
113 734
113 947
114 281
114 765
114 821
114 876
115 453
115 882
115 916
115 972
116 850
116 906
116 907
116 924
117 991
117 992
117 995
117 996
118 921
118 942
118 966
118 989
119 31
119 942
119 966
119 989
120 107
120 291
120 519
120 928
121 870
121 906
121 922
121 924
122 244
122 882
122 916
122 972
123 321
123 531
123 810
123 920
124 892
124 964
124 966
124 989
125 887
125 943
125 963
125 988
126 838
126 839
126 885
126 897
127 790
127 828
127 830
127 886
128 933
128 956
128 983
128 986
129 528
129 828
129 830
129 886
130 845
130 950
130 968
130 987
131 812
131 859
131 964
131 989
132 425
132 709
132 734
132 855
133 955
133 997
133 998
133 999
134 909
134 913
134 919
134 947
135 863
135 913
135 919
135 947
136 856
136 903
136 915
136 957
137 49
137 767
137 940
137 945
138 994
138 997
138 998
138 999
139 548
139 626
139 918
139 926
140 71
140 782
140 901
140 967
141 883
141 887
141 959
141 988
142 936
142 994
142 997
142 999
143 929
143 935
143 946
143 984
144 582
144 848
144 959
144 988
145 582
145 866
145 887
145 959
146 663
146 676
146 930
146 932
147 433
147 662
147 843
147 941
148 337
148 415
148 790
148 830
149 344
149 591
149 972
150 991
150 992
150 995
150 996
151 961
151 969
151 985
151 990
152 883
152 943
152 963
152 988
153 748
153 820
153 865
153 869
154 962
154 979
154 981
154 993
155 744
155 786
155 819
155 907
156 759
156 784
156 881
156 941
157 921
157 942
157 966
157 989
158 752
158 946
158 952
158 980
159 838
159 889
159 897
159 911
160 366
160 910
160 930
160 932
161 994
161 997
161 998
161 999
162 604
162 969
162 985
162 990
163 902
163 940
163 945
163 948
164 850
164 906
164 907
164 922
165 399
165 910
165 930
165 932
166 578
166 810
166 820
166 869
167 917
167 940
167 945
167 948
168 845
168 846
168 968
168 987
169 860
169 969
169 985
169 990
170 953
170 969
170 985
170 990
171 962
171 979
171 982
171 993
172 54
172 276
172 913
173 933
173 973
173 978
173 986
174 991
174 992
174 995
174 996
175 937
175 944
175 949
175 974
176 849
176 929
176 952
176 984
177 798
177 834
177 899
177 927
178 28
178 549
178 635
178 861
179 905
179 921
179 964
179 989
180 955
180 994
180 998
180 999
181 753
181 937
181 944
181 974
182 373
182 910
182 930
182 932
183 661
183 754
183 930
183 932
184 979
184 981
184 982
184 993
185 683
185 898
185 899
185 927
186 893
186 969
186 985
186 990
187 274
187 929
187 934
187 935
188 808
188 854
188 976
188 977
189 650
189 770
189 799
189 806
190 104
190 712
190 835
190 880
191 831
191 882
191 916
191 972
192 746
192 838
192 885
192 911
193 698
193 985
193 990
194 905
194 921
194 942
194 989
195 655
195 910
195 930
195 932
196 665
196 727
196 960
196 967
197 57
197 503
197 687
197 950
198 322
198 517
198 596
198 967
199 691
199 831
199 916
199 972
200 644
200 843
200 928
200 941
201 61
201 918
201 926
202 925
202 994
202 997
202 998
203 878
203 905
203 964
203 989
204 703
204 708
204 960
204 967
205 664
205 751
205 903
205 957
206 725
206 738
206 960
206 967
207 994
207 997
207 998
207 999
208 735
208 906
208 922
208 924
209 923
209 971
209 976
209 977
210 625
210 730
210 850
210 922
211 798
211 898
211 899
211 927
212 925
212 997
212 998
212 999
213 636
213 707
213 902
213 912
214 795
214 961
214 969
214 990
215 956
215 973
215 978
215 983
216 958
216 973
216 978
216 986
217 908
217 943
217 959
217 988
218 814
218 944
218 949
218 974
219 955
219 994
219 997
219 999
220 741
220 863
220 909
220 919
221 936
221 994
221 998
221 999
222 231
222 828
222 830
222 886
223 991
223 992
223 995
223 996
224 295
224 831
224 916
224 972
225 961
225 969
225 985
225 990
226 921
226 942
226 964
226 989
227 490
227 586
227 835
227 880
228 769
228 829
228 918
228 926
229 971
229 975
229 976
229 977
230 52
230 534
230 641
230 903
231 103
231 222
231 828
231 886
232 938
232 965
232 981
232 993
233 645
233 656
233 681
233 920
234 826
234 879
234 899
234 927
235 858
235 923
235 975
235 976
235 977
236 644
236 759
236 843
236 928
236 941
237 814
237 937
237 944
237 949
237 974
238 892
238 905
238 942
238 966
238 989
239 306
239 524
239 691
239 780
239 972
240 380
240 851
240 907
240 924
241 635
241 650
241 758
241 799
241 806
242 622
242 935
242 952
242 980
242 984
243 572
243 736
243 856
243 862
243 957
244 122
244 556
244 792
244 882
244 972
245 70
245 591
245 831
245 916
245 972
246 923
246 971
246 975
246 976
246 977
247 970
247 973
247 978
247 983
247 986
248 515
248 548
248 618
248 918
248 926
249 914
249 931
249 962
249 982
249 993
250 658
250 887
250 943
250 959
250 988
251 667
251 674
251 749
251 760
251 880
252 522
252 745
252 934
252 935
252 980
253 759
253 843
253 881
253 928
253 941
254 811
254 838
254 839
254 885
254 897
255 892
255 921
255 964
255 966
255 989
256 401
256 654
256 807
256 830
256 886
257 113
257 393
257 824
257 913
257 947
258 779
258 934
258 935
258 952
258 984
259 956
259 973
259 978
259 983
259 986
260 844
260 905
260 964
260 966
260 989
261 868
261 937
261 944
261 949
261 974
262 491
262 832
262 971
262 975
262 977
263 290
263 618
263 647
263 918
263 926
264 637
264 741
264 797
264 824
264 913
265 739
265 814
265 937
265 944
265 974
266 878
266 921
266 964
266 966
266 989
267 30
267 372
267 415
267 544
267 592
268 503
268 589
268 950
268 968
268 987
269 938
269 979
269 981
269 982
269 993
270 935
270 946
270 952
270 980
270 984
271 322
271 562
271 725
271 960
271 967
272 558
272 935
272 952
272 980
272 984
273 925
273 994
273 997
273 998
273 999
274 187
274 929
274 935
274 980
274 984
275 904
275 979
275 981
275 982
275 993
276 172
276 384
276 637
276 734
276 947
277 726
277 934
277 946
277 952
277 984
278 74
278 416
278 857
278 968
278 987
279 592
279 654
279 790
279 807
279 886
280 473
280 808
280 975
280 976
280 977
281 114
281 687
281 821
281 950
281 968
282 846
282 857
282 950
282 968
282 987
283 687
283 825
283 857
283 950
283 987
284 763
284 971
284 975
284 976
284 977
285 844
285 892
285 964
285 966
285 989
286 646
286 802
286 853
286 897
286 911
287 815
287 821
287 857
287 968
287 987
288 655
288 676
288 910
288 930
288 932
289 809
289 991
289 992
289 995
289 996
290 263
290 610
290 829
290 918
290 926
291 86
291 120
291 643
291 720
291 784
292 323
292 807
292 828
292 830
292 886
293 767
293 817
293 917
293 945
293 948
294 951
294 954
294 992
294 995
294 996
295 224
295 344
295 831
295 916
295 972
296 781
296 896
296 902
296 917
296 948
297 657
297 706
297 903
297 915
297 957
298 409
298 896
298 912
298 940
298 945
299 329
299 575
299 603
299 903
299 957
300 785
300 871
300 883
300 943
300 963
301 344
301 591
301 691
301 882
301 972
302 935
302 946
302 952
302 980
302 984
303 815
303 821
303 876
303 968
303 987
304 348
304 648
304 843
304 881
304 941
305 428
305 445
305 572
305 750
305 805
306 239
306 463
306 780
306 916
306 972
307 936
307 955
307 994
307 998
307 999
308 756
308 818
308 833
308 906
308 922
309 781
309 912
309 940
309 945
309 948
310 659
310 848
310 883
310 943
310 959
311 322
311 562
311 673
311 960
311 967
312 736
312 750
312 768
312 805
312 915
313 731
313 795
313 893
313 969
313 990
314 887
314 908
314 943
314 963
314 988
315 767
315 781
315 817
315 902
315 940
316 931
316 965
316 979
316 982
316 993
317 832
317 884
317 971
317 975
317 977
318 722
318 874
318 994
318 997
318 999
319 435
319 540
319 710
319 749
319 771
320 323
320 528
320 654
320 807
320 830
321 123
321 419
321 810
321 865
321 920
322 198
322 271
322 311
322 685
322 967
323 292
323 320
323 790
323 807
323 886
324 51
324 569
324 910
324 930
324 932
325 731
325 860
325 969
325 985
325 990
326 875
326 994
326 997
326 998
326 999
327 478
327 531
327 810
327 865
327 869
328 815
328 846
328 950
328 968
328 987
329 299
329 641
329 805
329 856
329 957
330 904
330 962
330 965
330 981
330 993
331 951
331 991
331 992
331 995
331 996
332 896
332 912
332 917
332 945
332 948
333 370
333 515
333 715
333 769
333 918
334 531
334 578
334 640
334 810
334 920
335 888
335 994
335 997
335 998
335 999
336 939
336 965
336 981
336 982
336 993
337 148
337 544
337 790
337 807
337 828
338 501
338 635
338 701
338 758
338 861
339 871
339 883
339 943
339 963
339 988
340 540
340 667
340 749
340 760
340 794
341 800
341 943
341 959
341 963
341 988
342 29
342 535
342 769
342 918
342 926
343 588
343 762
343 843
343 881
343 941
344 149
344 295
344 301
344 780
344 916
345 778
345 896
345 902
345 940
345 948
346 954
346 991
346 992
346 995
346 996
347 427
347 755
347 881
347 928
347 941
348 304
348 588
348 755
348 881
348 928
349 735
349 786
349 870
349 907
349 924
350 28
350 758
350 770
350 799
350 806
351 682
351 691
351 792
351 882
351 972
352 954
352 991
352 992
352 995
352 996
353 471
353 535
353 829
353 918
353 926
354 87
354 661
354 754
354 910
354 930
355 496
355 934
355 935
355 946
355 984
356 460
356 618
356 647
356 829
356 926
357 627
357 893
357 953
357 969
357 990
358 726
358 934
358 946
358 980
358 984
359 936
359 994
359 997
359 998
359 999
360 595
360 792
360 831
360 882
360 972
361 925
361 994
361 997
361 998
361 999
362 634
362 846
362 876
362 950
362 987
363 378
363 804
363 946
363 952
363 980
364 662
364 716
364 720
364 928
364 941
365 896
365 917
365 940
365 945
365 948
366 51
366 160
366 910
366 930
366 932
367 958
367 970
367 973
367 978
367 986
368 894
368 991
368 992
368 995
368 996
369 737
369 925
369 994
369 997
369 998
370 333
370 715
370 769
370 829
370 926
371 873
371 991
371 992
371 995
371 996
372 267
372 807
372 828
372 830
372 886
373 182
373 423
373 910
373 930
373 932
374 892
374 942
374 964
374 966
374 989
375 925
375 994
375 997
375 998
375 999
376 933
376 958
376 970
376 983
376 986
377 863
377 909
377 913
377 919
377 947
378 15
378 363
378 733
378 980
378 984
379 730
379 818
379 906
379 907
379 924
380 240
380 684
380 906
380 907
380 922
381 933
381 956
381 970
381 978
381 986
382 614
382 819
382 907
382 922
382 924
383 396
383 435
383 729
383 771
383 787
384 276
384 601
384 734
384 797
384 909
385 596
385 685
385 708
385 901
385 960
386 540
386 607
386 710
386 794
386 880
387 94
387 868
387 944
387 949
387 974
388 723
388 773
388 898
388 899
388 927
389 864
389 951
389 992
389 995
389 996
390 586
390 674
390 712
390 729
390 880
391 951
391 954
391 991
391 992
391 995
391 996
392 726
392 733
392 929
392 935
392 946
392 980
393 257
393 580
393 734
393 909
393 913
393 919
394 10
394 567
394 805
394 862
394 915
394 957
395 624
395 778
395 902
395 940
395 945
395 948
396 383
396 586
396 674
396 710
396 794
396 880
397 439
397 825
397 846
397 950
397 968
397 987
398 418
398 480
398 750
398 768
398 862
398 915
399 165
399 482
399 495
399 910
399 930
399 932
400 92
400 617
400 670
400 820
400 847
400 869
401 256
401 592
401 790
401 807
401 828
401 886
402 893
402 953
402 961
402 969
402 985
402 990
403 643
403 662
403 755
403 762
403 928
403 941
404 637
404 797
404 855
404 913
404 919
404 947
405 655
405 663
405 754
405 910
405 930
405 932
406 495
406 569
406 661
406 676
406 910
406 932
407 848
407 866
407 908
407 943
407 963
407 988
408 855
408 863
408 909
408 913
408 919
408 947
409 298
409 479
409 507
409 817
409 917
409 948
410 14
410 854
410 884
410 971
410 975
410 976
411 893
411 953
411 961
411 969
411 985
411 990
412 501
412 628
412 650
412 770
412 799
412 861
413 431
413 849
413 929
413 934
413 952
413 980
414 813
414 859
414 878
414 942
414 964
414 989
415 148
415 267
415 592
415 790
415 807
415 886
416 278
416 589
416 876
416 950
416 968
416 987
417 749
417 760
417 771
417 787
417 835
417 880
418 398
418 750
418 751
418 768
418 856
418 957
419 321
419 681
419 694
419 748
419 865
419 920
420 627
420 679
420 953
420 961
420 985
420 990
421 457
421 696
421 859
421 878
421 964
421 989
422 956
422 970
422 973
422 978
422 983
422 986
423 36
423 373
423 569
423 910
423 930
423 932
424 936
424 955
424 994
424 997
424 998
424 999
425 132
425 824
425 909
425 913
425 919
425 947
426 956
426 958
426 970
426 978
426 983
426 986
427 347
427 644
427 755
427 881
427 928
427 941
428 305
428 706
428 750
428 856
428 862
428 903
429 675
429 825
429 846
429 876
429 968
429 987
430 629
430 705
430 883
430 943
430 959
430 988
431 413
431 929
431 946
431 952
431 980
431 984
432 933
432 956
432 970
432 978
432 983
432 986
433 147
433 588
433 762
433 784
433 928
433 941
434 925
434 955
434 994
434 997
434 998
434 999
435 319
435 383
435 710
435 712
435 771
435 880
436 657
436 706
436 856
436 903
436 915
436 957
437 890
437 954
437 991
437 992
437 995
437 996
438 894
438 954
438 991
438 992
438 995
438 996
439 397
439 825
439 845
439 876
439 968
439 987
440 827
440 836
440 994
440 997
440 998
440 999
441 773
441 798
441 879
441 898
441 899
441 927
442 802
442 853
442 885
442 889
442 897
442 911
443 53
443 580
443 824
443 855
443 909
443 947
444 826
444 834
444 879
444 898
444 899
444 927
445 305
445 751
445 856
445 862
445 903
445 957
446 939
446 962
446 979
446 981
446 982
446 993
447 962
447 965
447 979
447 981
447 982
447 993
448 936
448 955
448 994
448 997
448 998
448 999
449 933
449 956
449 970
449 973
449 983
449 986
450 860
450 953
450 961
450 969
450 985
450 990
451 860
451 893
451 953
451 961
451 985
451 990
452 778
452 902
452 912
452 940
452 945
452 948
453 115
453 682
453 792
453 831
453 916
453 972
454 665
454 677
454 693
454 703
454 713
454 967
455 16
455 817
455 896
455 902
455 917
455 945
456 723
456 826
456 834
456 879
456 898
456 927
457 421
457 702
457 813
457 942
457 964
457 989
458 563
458 839
458 853
458 889
458 897
458 911
459 493
459 953
459 961
459 969
459 985
459 990
460 356
460 626
460 769
460 829
460 918
460 926
461 612
461 623
461 895
461 944
461 949
461 974
462 620
462 785
462 943
462 959
462 963
462 988
463 64
463 306
463 556
463 691
463 916
463 972
464 621
464 732
464 868
464 937
464 949
464 974
465 938
465 939
465 965
465 979
465 982
465 993
466 723
466 826
466 879
466 898
466 899
466 927
467 550
467 582
467 800
467 866
467 963
467 988
468 951
468 954
468 991
468 992
468 995
468 996
469 518
469 893
469 953
469 961
469 985
469 990
470 873
470 951
470 991
470 992
470 995
470 996
471 353
471 626
471 769
471 829
471 918
471 926
472 812
472 813
472 844
472 942
472 966
472 989
473 280
473 763
473 971
473 975
473 976
473 977
474 802
474 853
474 885
474 889
474 897
474 911
475 894
475 954
475 991
475 992
475 995
475 996
476 875
476 888
476 925
476 997
476 998
476 999
477 858
477 884
477 923
477 971
477 975
477 976
478 327
478 656
478 681
478 865
478 869
478 920
479 409
479 778
479 817
479 902
479 917
479 945
480 398
480 641
480 736
480 750
480 856
480 957
481 680
481 795
481 953
481 961
481 985
481 990
482 399
482 676
482 754
482 910
482 930
482 932
483 675
483 765
483 825
483 876
483 968
483 987
484 875
484 955
484 994
484 997
484 998
484 999
485 781
485 902
485 912
485 917
485 940
485 945
486 840
486 890
486 951
486 992
486 995
486 996
487 753
487 868
487 895
487 937
487 944
487 949
487 974
488 874
488 888
488 936
488 955
488 997
488 998
488 999
489 10
489 657
489 805
489 856
489 903
489 915
489 957
490 227
490 710
490 718
490 760
490 771
490 794
490 880
491 262
491 616
491 884
491 971
491 975
491 976
491 977
492 578
492 640
492 694
492 847
492 865
492 869
492 920
493 459
493 893
493 953
493 961
493 969
493 985
493 990
494 684
494 744
494 819
494 850
494 851
494 907
494 924
495 399
495 406
495 661
495 754
495 910
495 930
495 932
496 355
496 558
496 849
496 929
496 946
496 980
496 984
497 104
497 540
497 609
497 712
497 729
497 771
497 835
498 675
498 765
498 821
498 876
498 950
498 968
498 987
499 3
499 640
499 670
499 810
499 820
499 865
499 920
500 873
500 894
500 954
500 991
500 992
500 995
500 996
501 338
501 412
501 611
501 628
501 758
501 774
501 806
502 576
502 832
502 923
502 971
502 975
502 976
502 977
503 197
503 268
503 687
503 815
503 825
503 968
503 987
504 837
504 938
504 962
504 979
504 981
504 982
504 993
505 0
505 631
505 642
505 798
505 826
505 899
505 927
506 559
506 878
506 921
506 942
506 964
506 966
506 989
507 409
507 636
507 912
507 917
507 940
507 945
507 948
508 841
508 951
508 954
508 991
508 992
508 995
508 996
509 623
509 868
509 895
509 937
509 944
509 949
509 974
510 775
510 892
510 905
510 921
510 964
510 966
510 989
511 24
511 619
511 689
511 821
511 825
511 846
511 987
512 707
512 896
512 912
512 917
512 940
512 945
512 948
513 658
513 672
513 785
513 800
513 871
513 963
513 988
514 2
514 620
514 887
514 908
514 959
514 963
514 988
515 248
515 333
515 647
515 715
515 769
515 918
515 926
516 875
516 936
516 955
516 994
516 997
516 998
516 999
517 198
517 703
517 708
517 727
517 782
517 960
517 967
518 469
518 731
518 860
518 953
518 961
518 969
518 990
519 78
519 120
519 755
519 762
519 843
519 928
519 941
520 931
520 938
520 939
520 965
520 981
520 982
520 993
521 549
521 611
521 701
521 758
521 774
521 799
521 861
522 252
522 752
522 789
522 935
522 946
522 980
522 984
523 956
523 958
523 970
523 973
523 978
523 983
523 986
524 26
524 239
524 591
524 792
524 831
524 882
524 916
525 756
525 803
525 819
525 870
525 907
525 922
525 924
526 773
526 798
526 826
526 879
526 898
526 899
526 927
527 808
527 854
527 923
527 971
527 975
527 976
527 977
528 129
528 320
528 592
528 790
528 807
528 830
528 886
529 549
529 611
529 701
529 774
529 799
529 806
529 861
530 795
530 893
530 953
530 961
530 969
530 985
530 990
531 123
531 327
531 334
531 656
531 748
531 847
531 920
532 634
532 815
532 857
532 876
532 950
532 968
532 987
533 632
533 778
533 781
533 917
533 940
533 945
533 948
534 230
534 736
534 768
534 862
534 903
534 915
534 957
535 342
535 353
535 618
535 715
535 829
535 918
535 926
536 783
536 867
536 951
536 991
536 992
536 995
536 996
537 812
537 844
537 878
537 942
537 964
537 966
537 989
538 568
538 665
538 703
538 738
538 901
538 960
538 967
539 680
539 719
539 953
539 961
539 969
539 985
539 990
540 25
540 319
540 340
540 386
540 497
540 710
540 749
541 594
541 733
541 779
541 929
541 952
541 980
541 984
542 956
542 958
542 970
542 973
542 978
542 983
542 986
543 804
543 929
543 934
543 935
543 952
543 980
543 984
544 69
544 267
544 337
544 654
544 790
544 828
544 886
545 552
545 666
545 923
545 971
545 975
545 976
545 977
546 753
546 796
546 895
546 937
546 944
546 949
546 974
547 594
547 752
547 779
547 849
547 935
547 980
547 984
548 139
548 248
548 647
548 715
548 769
548 918
548 926
549 178
549 521
549 529
549 701
549 770
549 774
549 861
550 467
550 866
550 871
550 908
550 959
550 963
550 988
551 956
551 958
551 970
551 973
551 978
551 983
551 986
552 545
552 576
552 616
552 971
552 975
552 976
552 977
553 562
553 673
553 693
553 708
553 738
553 960
553 967
554 783
554 867
554 951
554 991
554 992
554 995
554 996
555 665
555 693
555 708
555 738
555 782
555 960
555 967
556 5
556 244
556 463
556 780
556 792
556 916
556 972
557 956
557 958
557 970
557 973
557 978
557 983
557 986
558 272
558 496
558 804
558 934
558 946
558 952
558 980
559 506
559 813
559 892
559 905
559 942
559 966
559 989
560 612
560 704
560 868
560 895
560 937
560 944
560 974
561 658
561 672
561 887
561 908
561 943
561 959
561 988
562 271
562 311
562 553
562 568
562 782
562 960
562 967
563 458
563 839
563 853
563 885
563 889
563 897
563 911
564 791
564 811
564 839
564 853
564 885
564 889
564 911
565 89
565 635
565 650
565 701
565 770
565 774
565 799
565 861
566 783
566 840
566 852
566 951
566 991
566 992
566 995
566 996
567 10
567 394
567 603
567 751
567 856
567 862
567 915
567 957
568 538
568 562
568 685
568 703
568 727
568 901
568 960
568 967
569 324
569 406
569 423
569 655
569 676
569 910
569 930
569 932
570 931
570 939
570 962
570 965
570 979
570 981
570 982
570 993
571 32
571 682
571 780
571 792
571 831
571 882
571 916
571 972
572 52
572 243
572 305
572 664
572 750
572 751
572 903
572 957
573 594
573 929
573 934
573 935
573 946
573 952
573 980
573 984
574 854
574 858
574 884
574 923
574 971
574 975
574 976
574 977
575 76
575 299
575 664
575 736
575 805
575 856
575 903
575 957
576 502
576 552
576 854
576 858
576 884
576 971
576 976
576 977
577 931
577 938
577 939
577 962
577 965
577 981
577 982
577 993
578 166
578 334
578 492
578 617
578 681
578 694
578 847
578 920
579 54
579 613
579 637
579 797
579 909
579 913
579 919
579 947
580 393
580 443
580 686
580 741
580 863
580 913
580 919
580 947
581 890
581 894
581 951
581 954
581 991
581 992
581 995
581 996
582 144
582 145
582 467
582 602
582 866
582 883
582 887
582 988
583 608
583 693
583 713
583 725
583 738
583 901
583 960
583 967
584 746
584 791
584 811
584 838
584 853
584 889
584 897
584 911
585 719
585 795
585 860
585 893
585 953
585 969
585 985
585 990
586 104
586 227
586 390
586 396
586 607
586 760
586 787
586 794
587 891
587 914
587 939
587 962
587 965
587 981
587 982
587 993
588 343
588 348
588 433
588 643
588 716
588 720
588 928
588 941
589 268
589 416
589 689
589 765
589 845
589 950
589 968
589 987
590 596
590 608
590 673
590 677
590 725
590 901
590 960
590 967
591 149
591 245
591 301
591 524
591 792
591 831
591 916
591 972
592 267
592 279
592 401
592 415
592 528
592 828
592 830
592 886
593 109
593 732
593 753
593 814
593 937
593 944
593 949
593 974
594 541
594 547
594 573
594 745
594 934
594 946
594 980
594 984
595 23
595 32
595 360
595 682
595 792
595 831
595 882
595 972
596 6
596 93
596 198
596 385
596 590
596 713
596 901
596 960
597 933
597 956
597 958
597 970
597 973
597 978
597 983
597 986
598 678
598 808
598 832
598 858
598 923
598 971
598 975
598 977
599 809
599 841
599 864
599 890
599 954
599 992
599 995
599 996
600 627
600 731
600 795
600 860
600 953
600 969
600 985
600 990
601 384
601 660
601 686
601 734
601 824
601 855
601 909
601 913
602 42
602 582
602 800
602 848
602 887
602 908
602 963
602 988
603 76
603 299
603 567
603 657
603 751
603 856
603 915
603 957
604 162
604 680
604 860
604 893
604 961
604 969
604 985
604 990
605 679
605 698
605 860
605 953
605 961
605 969
605 985
605 990
606 89
606 99
606 611
606 758
606 774
606 799
606 806
606 861
607 25
607 386
607 586
607 729
607 749
607 787
607 794
607 835
608 583
608 590
608 693
608 713
608 782
608 901
608 960
608 967
609 497
609 718
609 729
609 749
609 771
609 787
609 835
609 880
610 290
610 618
610 626
610 647
610 769
610 829
610 918
610 926
611 501
611 521
611 529
611 606
611 701
611 758
611 774
611 861
612 461
612 560
612 796
612 814
612 895
612 937
612 949
612 974
613 59
613 579
613 709
613 824
613 855
613 863
613 909
613 947
614 382
614 744
614 756
614 803
614 833
614 851
614 922
614 924
615 631
615 723
615 773
615 798
615 834
615 879
615 898
615 899
615 927
616 491
616 552
616 763
616 884
616 923
616 971
616 975
616 976
616 977
617 38
617 92
617 400
617 578
617 645
617 764
617 847
617 869
617 920
618 248
618 263
618 356
618 535
618 610
618 626
618 829
618 918
618 926
619 511
619 815
619 821
619 845
619 846
619 857
619 876
619 968
619 987
620 462
620 514
620 800
620 848
620 871
620 887
620 908
620 959
620 988
621 464
621 753
621 796
621 814
621 868
621 895
621 937
621 944
621 974
622 242
622 697
622 745
622 929
622 934
622 935
622 946
622 980
622 984
623 109
623 461
623 509
623 739
623 796
623 868
623 944
623 949
623 974
624 395
624 636
624 781
624 896
624 902
624 912
624 940
624 945
624 948
625 210
625 684
625 744
625 786
625 803
625 818
625 833
625 870
625 924
626 62
626 139
626 460
626 471
626 610
626 618
626 715
626 918
626 926
627 357
627 420
627 600
627 721
627 893
627 961
627 969
627 985
627 990
628 79
628 99
628 412
628 501
628 635
628 770
628 774
628 799
628 806
629 430
629 785
629 848
629 871
629 908
629 943
629 959
629 963
629 988
630 891
630 904
630 931
630 962
630 965
630 979
630 981
630 982
630 993
631 505
631 615
631 798
631 826
631 834
631 879
631 898
631 899
631 927
632 533
632 767
632 817
632 896
632 902
632 912
632 917
632 940
632 948
633 874
633 888
633 925
633 936
633 955
633 994
633 997
633 998
633 999
634 362
634 532
634 821
634 845
634 846
634 857
634 876
634 950
634 987
635 178
635 241
635 338
635 565
635 628
635 650
635 758
635 806
635 861
636 213
636 507
636 624
636 896
636 912
636 917
636 940
636 945
636 948
637 264
637 276
637 404
637 579
637 824
637 863
637 909
637 919
637 947
638 45
638 786
638 803
638 818
638 833
638 851
638 870
638 906
638 907
639 808
639 854
639 858
639 884
639 923
639 971
639 975
639 976
639 977
640 334
640 492
640 499
640 645
640 748
640 820
640 865
640 869
640 920
641 230
641 329
641 480
641 751
641 768
641 862
641 903
641 915
641 957
642 505
642 773
642 798
642 826
642 834
642 879
642 898
642 899
642 927
643 291
643 403
643 588
643 644
643 755
643 843
643 881
643 928
643 941
644 200
644 236
644 427
644 643
644 662
644 720
644 843
644 881
644 941
645 233
645 617
645 640
645 670
645 810
645 847
645 865
645 869
645 920
646 286
646 699
646 802
646 838
646 853
646 885
646 889
646 897
646 911
647 263
647 356
647 515
647 548
647 610
647 715
647 829
647 918
647 926
648 86
648 304
648 716
648 720
648 784
648 843
648 881
648 928
648 941
649 678
649 832
649 858
649 884
649 923
649 971
649 975
649 976
649 977
650 189
650 241
650 412
650 565
650 635
650 758
650 770
650 806
650 861
651 705
651 800
651 848
651 883
651 908
651 943
651 959
651 963
651 988
652 696
652 775
652 859
652 892
652 905
652 921
652 942
652 966
652 989
653 852
653 864
653 890
653 894
653 951
653 991
653 992
653 995
653 996
654 30
654 256
654 279
654 320
654 544
654 790
654 807
654 828
654 830
655 195
655 288
655 405
655 569
655 663
655 754
655 910
655 930
655 932
656 233
656 478
656 531
656 670
656 748
656 820
656 847
656 865
656 869
657 297
657 436
657 489
657 603
657 706
657 751
657 856
657 862
657 915
657 957
658 250
658 513
658 561
658 848
658 866
658 871
658 883
658 959
658 963
658 988
659 310
659 672
659 717
659 785
659 866
659 871
659 883
659 959
659 963
659 988
660 54
660 58
660 601
660 709
660 824
660 855
660 863
660 909
660 919
660 947
661 183
661 354
661 406
661 495
661 663
661 676
661 754
661 910
661 930
661 932
662 147
662 364
662 403
662 644
662 759
662 762
662 784
662 843
662 928
662 941
663 87
663 146
663 405
663 655
663 661
663 676
663 754
663 910
663 930
663 932
664 205
664 572
664 575
664 736
664 750
664 751
664 862
664 903
664 915
664 957
665 196
665 454
665 538
665 555
665 677
665 703
665 727
665 738
665 782
665 901
666 545
666 678
666 763
666 832
666 854
666 884
666 923
666 975
666 976
666 977
667 251
667 340
667 674
667 710
667 718
667 760
667 787
667 794
667 835
667 880
668 793
668 836
668 874
668 875
668 888
668 936
668 994
668 997
668 998
668 999
669 732
669 739
669 753
669 796
669 868
669 895
669 937
669 944
669 949
669 974
670 400
670 499
670 645
670 656
670 694
670 764
670 810
670 847
670 865
670 920
671 683
671 827
671 836
671 874
671 936
671 955
671 994
671 997
671 998
671 999
672 513
672 561
672 659
672 866
672 871
672 887
672 908
672 959
672 963
672 988
673 71
673 311
673 553
673 590
673 703
673 725
673 738
673 901
673 960
673 967
674 251
674 390
674 396
674 667
674 718
674 749
674 760
674 787
674 794
674 835
675 66
675 429
675 483
675 498
675 815
675 845
675 857
675 950
675 968
675 987
676 146
676 288
676 406
676 482
676 569
676 661
676 663
676 910
676 930
676 932
677 454
677 590
677 665
677 685
677 725
677 727
677 738
677 901
677 960
677 967
678 598
678 649
678 666
678 808
678 854
678 858
678 971
678 975
678 976
678 977
679 420
679 605
679 719
679 860
679 893
679 953
679 961
679 969
679 985
679 990
680 481
680 539
680 604
680 795
680 860
680 953
680 961
680 969
680 985
680 990
681 233
681 419
681 478
681 578
681 748
681 764
681 820
681 847
681 869
681 920
682 34
682 351
682 453
682 571
682 595
682 691
682 780
682 882
682 916
682 972
683 185
683 671
683 874
683 925
683 936
683 955
683 994
683 997
683 998
683 999
684 380
684 494
684 625
684 833
684 850
684 851
684 870
684 907
684 922
684 924
685 322
685 385
685 568
685 677
685 693
685 738
685 782
685 901
685 960
685 967
686 580
686 601
686 709
686 741
686 797
686 824
686 863
686 909
686 919
686 947
687 197
687 281
687 283
687 503
687 825
687 846
687 857
687 950
687 968
687 987
688 816
688 836
688 875
688 925
688 936
688 955
688 994
688 997
688 998
688 999
689 511
689 589
689 765
689 821
689 825
689 846
689 876
689 950
689 968
689 987
690 841
690 852
690 873
690 894
690 951
690 954
690 991
690 992
690 995
690 996
691 23
691 199
691 239
691 301
691 351
691 463
691 682
691 780
691 882
691 972
692 730
692 735
692 744
692 803
692 818
692 819
692 850
692 851
692 870
692 906
692 924
693 454
693 553
693 555
693 583
693 608
693 685
693 725
693 738
693 782
693 960
693 967
694 419
694 492
694 578
694 670
694 764
694 810
694 820
694 847
694 865
694 869
694 920
695 823
695 877
695 900
695 933
695 956
695 958
695 970
695 973
695 978
695 983
695 986
696 421
696 652
696 812
696 859
696 878
696 892
696 921
696 942
696 964
696 966
696 989
697 622
697 733
697 779
697 789
697 804
697 849
697 934
697 946
697 952
697 980
697 984
698 40
698 193
698 605
698 719
698 721
698 795
698 953
698 961
698 969
698 985
698 990
699 646
699 746
699 791
699 802
699 811
699 838
699 839
699 885
699 889
699 897
699 911
700 872
700 891
700 914
700 931
700 938
700 939
700 965
700 979
700 981
700 982
700 993
701 46
701 338
701 521
701 529
701 549
701 565
701 611
701 770
701 774
701 806
701 861
702 457
702 844
702 859
702 878
702 892
702 905
702 921
702 942
702 964
702 966
702 989
703 204
703 454
703 517
703 538
703 568
703 665
703 673
703 713
703 901
703 960
703 967
704 97
704 560
704 739
704 796
704 814
704 868
704 895
704 937
704 944
704 949
704 974
705 430
705 651
705 785
705 848
705 866
705 871
705 908
705 943
705 959
705 963
705 988
706 13
706 297
706 428
706 436
706 657
706 736
706 751
706 768
706 805
706 903
706 957
707 213
707 512
707 767
707 778
707 896
707 902
707 912
707 917
707 940
707 945
707 948
708 20
708 204
708 385
708 517
708 553
708 555
708 713
708 727
708 901
708 960
708 967
709 132
709 613
709 660
709 686
709 797
709 855
709 863
709 909
709 913
709 919
709 947
710 319
710 386
710 396
710 435
710 490
710 540
710 667
710 729
710 771
710 835
710 880
711 822
711 877
711 900
711 933
711 956
711 958
711 970
711 973
711 978
711 983
711 986
712 190
712 390
712 435
712 497
712 718
712 749
712 771
712 787
712 794
712 835
712 880
713 454
713 583
713 596
713 608
713 703
713 708
713 727
713 782
713 901
713 960
713 967
714 842
714 877
714 900
714 933
714 956
714 958
714 970
714 973
714 978
714 983
714 986
715 333
715 370
715 515
715 535
715 548
715 626
715 647
715 769
715 829
715 918
715 926
716 43
716 364
716 588
716 648
716 720
716 755
716 759
716 762
716 784
716 881
716 928
717 659
717 785
717 800
717 848
717 866
717 883
717 887
717 908
717 959
717 963
717 988
718 490
718 609
718 667
718 674
718 712
718 729
718 760
718 787
718 794
718 835
718 880
719 539
719 585
719 679
719 698
719 731
719 860
719 893
719 953
719 961
719 985
719 990
720 291
720 364
720 588
720 644
720 648
720 716
720 759
720 784
720 881
720 928
720 941
721 81
721 627
721 698
721 731
721 795
721 893
721 953
721 961
721 969
721 985
721 990
722 318
722 827
722 875
722 888
722 925
722 936
722 955
722 994
722 997
722 998
722 999
723 388
723 456
723 466
723 615
723 773
723 826
723 834
723 879
723 898
723 899
723 927
724 872
724 904
724 914
724 931
724 938
724 962
724 965
724 979
724 981
724 982
724 993
725 206
725 271
725 583
725 590
725 673
725 677
725 693
725 782
725 901
725 960
725 967
726 277
726 358
726 392
726 789
726 804
726 929
726 935
726 946
726 952
726 980
726 984
727 6
727 196
727 517
727 568
727 665
727 677
727 708
727 713
727 782
727 901
727 960
727 967
728 840
728 841
728 852
728 864
728 867
728 873
728 890
728 951
728 954
728 991
728 995
728 996
729 383
729 390
729 497
729 607
729 609
729 710
729 718
729 760
729 787
729 794
729 835
729 880
730 210
730 379
730 692
730 818
730 819
730 833
730 850
730 851
730 870
730 906
730 907
730 922
731 313
731 325
731 518
731 600
731 719
731 721
731 860
731 953
731 961
731 969
731 985
731 990
732 60
732 464
732 593
732 669
732 739
732 796
732 868
732 895
732 937
732 944
732 949
732 974
733 378
733 392
733 541
733 697
733 789
733 849
733 929
733 934
733 946
733 952
733 980
733 984
734 59
734 67
734 113
734 132
734 276
734 384
734 393
734 601
734 855
734 909
734 913
734 947
735 208
735 349
735 692
735 744
735 786
735 803
735 819
735 850
735 870
735 906
735 922
735 924
736 243
736 312
736 480
736 534
736 575
736 664
736 706
736 805
736 862
736 903
736 915
736 957
737 369
737 816
737 827
737 874
737 875
737 888
737 936
737 955
737 994
737 997
737 998
737 999
738 206
738 538
738 553
738 555
738 583
738 665
738 673
738 677
738 685
738 693
738 901
738 960
739 265
739 623
739 669
739 704
739 732
739 814
739 868
739 895
739 937
739 944
739 949
739 974
740 822
740 842
740 877
740 900
740 933
740 956
740 958
740 970
740 973
740 978
740 983
740 986
741 58
741 220
741 264
741 580
741 686
741 797
741 855
741 863
741 909
741 913
741 919
741 947
742 822
742 842
742 877
742 900
742 933
742 956
742 958
742 970
742 973
742 978
742 983
742 986
743 891
743 904
743 914
743 931
743 938
743 939
743 962
743 965
743 979
743 981
743 982
743 993
744 155
744 494
744 614
744 625
744 692
744 735
744 818
744 850
744 870
744 906
744 922
744 924
745 252
745 594
745 622
745 789
745 804
745 849
745 929
745 934
745 946
745 952
745 980
745 984
746 192
746 584
746 699
746 791
746 802
746 811
746 838
746 839
746 885
746 889
746 897
746 911
747 823
747 842
747 877
747 900
747 933
747 956
747 958
747 970
747 973
747 978
747 983
747 986
748 153
748 419
748 531
748 640
748 656
748 681
748 764
748 820
748 847
748 865
748 869
748 920
749 251
749 319
749 340
749 417
749 540
749 607
749 609
749 674
749 712
749 771
749 787
749 794
749 835
750 305
750 312
750 398
750 418
750 428
750 480
750 572
750 664
750 805
750 862
750 903
750 915
750 957
751 205
751 418
751 445
751 567
751 572
751 603
751 641
751 657
751 664
751 706
751 768
751 805
751 957
752 158
752 522
752 547
752 779
752 804
752 849
752 929
752 934
752 935
752 946
752 952
752 980
752 984
753 181
753 487
753 546
753 593
753 621
753 669
753 796
753 868
753 895
753 937
753 944
753 949
753 974
754 22
754 36
754 183
754 354
754 405
754 482
754 495
754 655
754 661
754 663
754 910
754 930
754 932
755 347
755 348
755 403
755 427
755 519
755 643
755 716
755 759
755 762
755 784
755 843
755 881
755 941
756 308
756 525
756 614
756 818
756 819
756 833
756 850
756 851
756 870
756 906
756 907
756 922
756 924
757 872
757 891
757 904
757 914
757 931
757 938
757 939
757 962
757 965
757 979
757 981
757 982
757 993
758 89
758 241
758 338
758 350
758 501
758 521
758 606
758 611
758 635
758 650
758 770
758 799
758 806
759 156
759 236
759 253
759 662
759 716
759 720
759 755
759 762
759 784
759 843
759 881
759 928
759 941
760 25
760 251
760 340
760 417
760 490
760 586
760 667
760 674
760 718
760 729
760 787
760 794
760 835
761 872
761 891
761 904
761 914
761 931
761 938
761 939
761 962
761 965
761 979
761 981
761 982
761 993
762 343
762 403
762 433
762 519
762 662
762 716
762 755
762 759
762 784
762 843
762 881
762 928
762 941
763 284
763 473
763 616
763 666
763 808
763 832
763 858
763 884
763 923
763 971
763 975
763 976
763 977
764 38
764 92
764 617
764 670
764 681
764 694
764 748
764 810
764 820
764 847
764 865
764 869
764 920
765 114
765 483
765 498
765 589
765 689
765 815
765 825
765 845
765 846
765 857
765 876
765 950
765 987
766 783
766 852
766 864
766 867
766 873
766 890
766 894
766 951
766 954
766 991
766 992
766 995
766 996
767 137
767 293
767 315
767 632
767 707
767 817
767 896
767 902
767 912
767 917
767 940
767 945
767 948
768 312
768 398
768 418
768 534
768 641
768 706
768 751
768 805
768 856
768 862
768 903
768 915
768 957
769 228
769 333
769 342
769 370
769 460
769 471
769 515
769 548
769 610
769 715
769 829
769 918
769 926
770 28
770 46
770 189
770 350
770 412
770 549
770 565
770 628
770 650
770 701
770 758
770 774
770 861
771 319
771 383
771 417
771 435
771 490
771 497
771 609
771 710
771 712
771 749
771 787
771 835
771 880
772 872
772 891
772 904
772 914
772 931
772 938
772 939
772 962
772 965
772 979
772 981
772 982
772 993
773 388
773 441
773 526
773 615
773 642
773 723
773 798
773 826
773 834
773 879
773 898
773 899
773 927
774 68
774 501
774 521
774 529
774 549
774 565
774 606
774 611
774 628
774 701
774 770
774 799
774 806
774 861
775 510
775 652
775 812
775 813
775 844
775 859
775 878
775 892
775 905
775 921
775 942
775 964
775 966
775 989
776 837
776 872
776 891
776 904
776 914
776 931
776 938
776 939
776 962
776 965
776 979
776 981
776 982
776 993
777 837
777 872
777 891
777 904
777 914
777 931
777 938
777 939
777 962
777 965
777 979
777 981
777 982
777 993
778 345
778 395
778 452
778 479
778 533
778 707
778 817
778 896
778 902
778 912
778 917
778 940
778 945
778 948
779 258
779 541
779 547
779 697
779 752
779 789
779 804
779 929
779 934
779 935
779 946
779 952
779 980
779 984
780 26
780 34
780 239
780 306
780 344
780 556
780 571
780 682
780 691
780 792
780 831
780 882
780 916
780 972
781 18
781 56
781 296
781 309
781 315
781 485
781 533
781 624
781 817
781 896
781 912
781 917
781 945
781 948
782 140
782 517
782 555
782 562
782 608
782 665
782 685
782 693
782 713
782 725
782 727
782 901
782 960
782 967
783 536
783 554
783 566
783 766
783 840
783 867
783 873
783 894
783 951
783 954
783 991
783 992
783 995
783 996
784 107
784 156
784 291
784 433
784 648
784 662
784 716
784 720
784 755
784 759
784 762
784 881
784 928
784 941
785 300
785 462
785 513
785 629
785 659
785 705
785 717
785 848
785 887
785 908
785 943
785 959
785 963
785 988
786 45
786 155
786 349
786 625
786 638
786 735
786 803
786 833
786 851
786 870
786 906
786 907
786 922
786 924
787 383
787 417
787 586
787 607
787 609
787 667
787 674
787 712
787 718
787 729
787 749
787 760
787 771
787 880
788 793
788 816
788 827
788 836
788 874
788 875
788 888
788 925
788 936
788 955
788 994
788 997
788 998
788 999
789 522
789 697
789 726
789 733
789 745
789 779
789 849
789 929
789 934
789 935
789 946
789 952
789 980
789 984
790 103
790 127
790 148
790 279
790 323
790 337
790 401
790 415
790 528
790 544
790 654
790 828
790 830
790 886
791 106
791 564
791 584
791 699
791 746
791 802
791 811
791 838
791 839
791 853
791 885
791 889
791 897
791 911
792 64
792 244
792 351
792 360
792 453
792 524
792 556
792 571
792 591
792 595
792 780
792 882
792 916
792 972
793 668
793 788
793 816
793 827
793 874
793 875
793 888
793 925
793 936
793 955
793 994
793 997
793 998
793 999
794 340
794 386
794 396
794 490
794 586
794 607
794 667
794 674
794 712
794 718
794 729
794 749
794 760
794 880
795 214
795 313
795 481
795 530
795 585
795 600
795 680
795 698
795 721
795 893
795 953
795 961
795 985
795 990
796 546
796 612
796 621
796 623
796 669
796 704
796 732
796 753
796 814
796 895
796 937
796 944
796 949
796 974
797 67
797 84
797 264
797 384
797 404
797 579
797 686
797 709
797 741
797 863
797 909
797 913
797 919
797 947
798 177
798 211
798 441
798 505
798 526
798 615
798 631
798 642
798 773
798 826
798 834
798 879
798 898
798 899
798 927
799 68
799 79
799 99
799 189
799 241
799 350
799 412
799 521
799 529
799 565
799 606
799 628
799 758
799 774
799 861
800 7
800 341
800 467
800 513
800 602
800 620
800 651
800 717
800 871
800 883
800 908
800 943
800 959
800 963
800 988
801 822
801 823
801 842
801 877
801 900
801 933
801 956
801 958
801 970
801 973
801 978
801 983
801 986
802 286
802 442
802 474
802 646
802 699
802 746
802 791
802 811
802 838
802 839
802 853
802 885
802 889
802 897
802 911
803 525
803 614
803 625
803 638
803 692
803 735
803 786
803 818
803 833
803 851
803 870
803 906
803 907
803 922
803 924
804 363
804 543
804 558
804 697
804 726
804 745
804 752
804 779
804 849
804 929
804 934
804 935
804 952
804 980
804 984
805 305
805 312
805 329
805 394
805 489
805 575
805 706
805 736
805 750
805 751
805 768
805 862
805 903
805 915
805 957
806 46
806 68
806 189
806 241
806 350
806 501
806 529
806 606
806 628
806 635
806 650
806 701
806 758
806 774
806 861
807 30
807 69
807 256
807 279
807 292
807 320
807 323
807 337
807 372
807 401
807 415
807 528
807 654
807 830
807 886
808 188
808 280
808 527
808 598
808 639
808 678
808 763
808 832
808 854
808 884
808 923
808 971
808 975
808 976
808 977
809 289
809 599
809 840
809 852
809 864
809 867
809 873
809 890
809 894
809 951
809 954
809 991
809 992
809 995
809 996
810 123
810 166
810 321
810 327
810 334
810 499
810 645
810 670
810 694
810 764
810 820
810 847
810 865
810 869
810 920
811 35
811 254
811 564
811 584
811 699
811 746
811 791
811 802
811 838
811 839
811 853
811 885
811 889
811 897
811 911
812 63
812 131
812 472
812 537
812 696
812 775
812 844
812 859
812 878
812 892
812 905
812 921
812 942
812 966
812 989
813 414
813 457
813 472
813 559
813 775
813 844
813 859
813 878
813 892
813 905
813 921
813 942
813 964
813 966
813 989
814 218
814 237
814 265
814 593
814 612
814 621
814 704
814 739
814 796
814 868
814 895
814 937
814 944
814 949
814 974
815 24
815 287
815 303
815 328
815 503
815 532
815 619
815 675
815 765
815 845
815 857
815 876
815 950
815 968
815 987
816 112
816 688
816 737
816 788
816 793
816 836
816 874
816 888
816 925
816 936
816 955
816 994
816 997
816 998
816 999
817 293
817 315
817 409
817 455
817 479
817 632
817 767
817 778
817 781
817 896
817 902
817 912
817 917
817 940
817 945
817 948
818 308
818 379
818 625
818 638
818 692
818 730
818 744
818 756
818 803
818 819
818 833
818 851
818 906
818 907
818 922
818 924
819 155
819 382
819 494
819 525
819 692
819 730
819 735
819 756
819 818
819 833
819 850
819 851
819 906
819 907
819 922
819 924
820 3
820 153
820 166
820 400
820 499
820 640
820 656
820 681
820 694
820 748
820 764
820 810
820 847
820 865
820 869
820 920
821 17
821 74
821 114
821 281
821 287
821 303
821 498
821 511
821 619
821 634
821 689
821 825
821 857
821 876
821 950
821 987
822 711
822 740
822 742
822 801
822 823
822 842
822 877
822 900
822 933
822 956
822 958
822 970
822 973
822 978
822 983
822 986
823 695
823 747
823 801
823 822
823 842
823 877
823 900
823 933
823 956
823 958
823 970
823 973
823 978
823 983
823 986
824 59
824 67
824 257
824 264
824 425
824 443
824 601
824 613
824 637
824 660
824 686
824 855
824 909
824 913
824 919
824 947
825 9
825 283
825 397
825 429
825 439
825 483
825 503
825 511
825 687
825 689
825 765
825 821
825 845
825 950
825 968
825 987
826 234
826 444
826 456
826 466
826 505
826 526
826 631
826 642
826 723
826 773
826 798
826 834
826 879
826 898
826 899
826 927
827 440
827 671
827 722
827 737
827 788
827 793
827 836
827 874
827 888
827 925
827 936
827 955
827 994
827 997
827 998
827 999
828 69
828 103
828 127
828 129
828 222
828 231
828 292
828 337
828 372
828 401
828 544
828 592
828 654
828 790
828 830
828 886
829 61
829 228
829 290
829 353
829 356
829 370
829 460
829 471
829 535
829 610
829 618
829 647
829 715
829 769
829 918
829 926
830 103
830 127
830 129
830 148
830 222
830 256
830 292
830 320
830 372
830 528
830 592
830 654
830 790
830 807
830 828
830 886
831 5
831 191
831 199
831 224
831 245
831 295
831 360
831 453
831 524
831 571
831 591
831 595
831 780
831 882
831 916
831 972
832 262
832 317
832 502
832 598
832 649
832 666
832 763
832 808
832 854
832 858
832 884
832 923
832 971
832 975
832 976
832 977
833 308
833 614
833 625
833 638
833 684
833 730
833 756
833 786
833 803
833 818
833 819
833 850
833 851
833 907
833 922
833 924
834 4
834 96
834 177
834 444
834 456
834 615
834 631
834 642
834 723
834 773
834 798
834 826
834 879
834 898
834 899
834 927
835 190
835 227
835 417
835 497
835 607
835 609
835 667
835 674
835 710
835 712
835 718
835 729
835 749
835 760
835 771
835 880
836 440
836 668
836 671
836 688
836 788
836 816
836 827
836 874
836 875
836 888
836 925
836 955
836 994
836 997
836 998
836 999
837 504
837 776
837 777
837 872
837 891
837 904
837 914
837 931
837 938
837 939
837 962
837 965
837 979
837 981
837 982
837 993
838 126
838 159
838 192
838 254
838 584
838 646
838 699
838 746
838 791
838 802
838 811
838 839
838 853
838 885
838 889
838 897
838 911
839 65
839 126
839 254
839 458
839 563
839 564
839 699
839 746
839 791
839 802
839 811
839 838
839 853
839 885
839 889
839 897
839 911
840 486
840 566
840 728
840 783
840 809
840 841
840 852
840 864
840 867
840 890
840 894
840 951
840 954
840 991
840 992
840 995
840 996
841 508
841 599
841 690
841 728
841 840
841 852
841 864
841 867
841 873
841 890
841 894
841 951
841 954
841 991
841 992
841 995
841 996
842 714
842 740
842 742
842 747
842 801
842 822
842 823
842 877
842 900
842 933
842 956
842 958
842 970
842 973
842 978
842 983
842 986
843 147
843 200
843 236
843 253
843 304
843 343
843 519
843 643
843 644
843 648
843 662
843 755
843 759
843 762
843 881
843 928
843 941
844 260
844 285
844 472
844 537
844 702
844 775
844 812
844 813
844 859
844 878
844 892
844 905
844 921
844 942
844 964
844 966
844 989
845 17
845 24
845 91
845 130
845 168
845 439
845 589
845 619
845 634
845 675
845 765
845 815
845 825
845 857
845 950
845 968
845 987
846 168
846 282
846 328
846 362
846 397
846 429
846 511
846 619
846 634
846 687
846 689
846 765
846 857
846 876
846 950
846 968
846 987
847 3
847 400
847 492
847 531
847 578
847 617
847 645
847 656
847 670
847 681
847 694
847 748
847 764
847 810
847 820
847 865
847 869
847 920
848 144
848 310
848 407
848 602
848 620
848 629
848 651
848 658
848 705
848 717
848 785
848 871
848 887
848 908
848 943
848 959
848 963
848 988
849 95
849 176
849 413
849 496
849 547
849 697
849 733
849 745
849 752
849 789
849 804
849 929
849 934
849 935
849 946
849 952
849 980
849 984
850 45
850 116
850 164
850 210
850 494
850 684
850 692
850 730
850 735
850 744
850 756
850 819
850 833
850 851
850 870
850 906
850 907
850 922
851 240
851 494
851 614
851 638
851 684
851 692
851 730
851 756
851 786
851 803
851 818
851 819
851 833
851 850
851 870
851 906
851 922
851 924
852 566
852 653
852 690
852 728
852 766
852 809
852 840
852 841
852 864
852 867
852 873
852 890
852 951
852 954
852 991
852 992
852 995
852 996
853 106
853 286
853 442
853 458
853 474
853 563
853 564
853 584
853 646
853 791
853 802
853 811
853 838
853 839
853 885
853 889
853 897
853 911
854 105
854 188
854 410
854 527
854 574
854 576
854 639
854 666
854 678
854 808
854 832
854 858
854 884
854 923
854 971
854 975
854 976
854 977
855 19
855 54
855 84
855 132
855 404
855 408
855 443
855 601
855 613
855 660
855 709
855 734
855 741
855 824
855 863
855 909
855 919
855 947
856 136
856 243
856 329
856 418
856 428
856 436
856 445
856 480
856 489
856 567
856 575
856 603
856 657
856 768
856 862
856 903
856 915
856 957
857 9
857 278
857 282
857 283
857 287
857 532
857 619
857 634
857 675
857 687
857 765
857 815
857 821
857 845
857 846
857 950
857 968
857 987
858 37
858 235
858 477
858 574
858 576
858 598
858 639
858 649
858 678
858 763
858 832
858 854
858 884
858 886
858 923
858 971
858 975
858 976
858 977
859 75
859 131
859 414
859 421
859 652
859 696
859 702
859 775
859 812
859 813
859 844
859 878
859 892
859 905
859 921
859 942
859 964
859 966
859 989
860 169
860 325
860 450
860 451
860 518
860 585
860 600
860 604
860 605
860 679
860 680
860 719
860 731
860 893
860 953
860 961
860 969
860 985
860 990
861 28
861 46
861 79
861 178
861 338
861 412
861 521
861 529
861 549
861 565
861 606
861 611
861 635
861 650
861 701
861 770
861 774
861 799
861 806
862 13
862 243
862 394
862 398
862 428
862 445
862 534
862 567
862 641
862 657
862 664
862 736
862 750
862 768
862 805
862 856
862 903
862 915
862 957
863 58
863 67
863 135
863 220
863 377
863 408
863 580
863 613
863 637
863 660
863 686
863 709
863 741
863 797
863 855
863 909
863 913
863 919
863 947
864 389
864 599
864 653
864 728
864 766
864 809
864 840
864 841
864 852
864 867
864 873
864 890
864 894
864 951
864 954
864 991
864 992
864 995
864 996
865 153
865 321
865 327
865 419
865 478
865 492
865 499
865 640
865 645
865 656
865 670
865 694
865 748
865 764
865 810
865 820
865 847
865 869
865 920
866 8
866 145
866 407
866 467
866 550
866 582
866 658
866 659
866 672
866 705
866 717
866 871
866 883
866 887
866 908
866 943
866 959
866 963
866 988
867 536
867 554
867 728
867 766
867 783
867 809
867 840
867 841
867 852
867 864
867 873
867 890
867 894
867 951
867 954
867 991
867 992
867 995
867 996
868 261
868 387
868 464
868 487
868 509
868 560
868 621
868 623
868 669
868 704
868 732
868 739
868 753
868 814
868 895
868 937
868 944
868 949
868 974
869 38
869 153
869 166
869 327
869 400
869 478
869 492
869 617
869 640
869 645
869 656
869 681
869 694
869 748
869 764
869 810
869 820
869 847
869 865
870 121
870 349
870 525
870 625
870 638
870 684
870 692
870 730
870 735
870 744
870 756
870 786
870 803
870 850
870 851
870 906
870 907
870 922
870 924
871 300
871 339
871 513
871 550
871 620
871 629
871 658
871 659
871 672
871 705
871 800
871 848
871 866
871 883
871 887
871 908
871 943
871 959
871 963
871 988
872 700
872 724
872 757
872 761
872 772
872 776
872 777
872 837
872 891
872 904
872 914
872 931
872 938
872 939
872 962
872 965
872 979
872 981
872 982
872 993
873 371
873 470
873 500
873 690
873 728
873 766
873 783
873 809
873 841
873 852
873 864
873 867
873 890
873 894
873 951
873 954
873 991
873 992
873 995
873 996
874 318
874 488
874 633
874 668
874 671
874 683
874 737
874 788
874 793
874 816
874 827
874 836
874 875
874 925
874 936
874 955
874 994
874 997
874 998
874 999
875 326
875 476
875 484
875 516
875 668
875 688
875 722
875 737
875 788
875 793
875 836
875 874
875 888
875 925
875 936
875 955
875 994
875 997
875 998
875 999
876 57
876 114
876 303
876 362
876 416
876 429
876 439
876 483
876 498
876 532
876 619
876 634
876 689
876 765
876 815
876 821
876 846
876 950
876 968
876 987
877 695
877 711
877 714
877 740
877 742
877 747
877 801
877 822
877 823
877 842
877 900
877 933
877 956
877 958
877 970
877 973
877 978
877 983
877 986
878 203
878 266
878 414
878 421
878 506
878 537
878 696
878 702
878 775
878 812
878 813
878 844
878 859
878 892
878 905
878 921
878 942
878 964
878 966
878 989
879 0
879 4
879 83
879 234
879 441
879 444
879 456
879 466
879 526
879 615
879 631
879 642
879 723
879 773
879 798
879 826
879 834
879 898
879 899
879 927
880 25
880 190
880 227
880 251
880 386
880 390
880 396
880 417
880 435
880 490
880 609
880 667
880 710
880 712
880 718
880 729
880 771
880 787
880 794
880 835
881 78
881 156
881 253
881 304
881 343
881 347
881 348
881 427
881 643
881 644
881 648
881 716
881 720
881 755
881 759
881 762
881 784
881 843
881 928
881 941
882 23
882 34
882 70
882 108
882 115
882 122
882 191
882 244
882 301
882 351
882 360
882 524
882 571
882 595
882 682
882 691
882 780
882 792
882 831
882 972
883 42
883 141
883 152
883 300
883 310
883 339
883 430
883 582
883 651
883 658
883 659
883 717
883 800
883 866
883 871
883 887
883 943
883 959
883 963
883 988
884 317
884 410
884 477
884 491
884 574
884 576
884 616
884 639
884 649
884 666
884 763
884 808
884 832
884 854
884 858
884 923
884 971
884 975
884 976
884 977
885 35
885 65
885 126
885 192
885 254
885 442
885 474
885 563
885 564
885 646
885 699
885 746
885 791
885 802
885 811
885 838
885 839
885 853
885 889
885 897
885 911
886 30
886 69
886 127
886 129
886 222
886 231
886 256
886 279
886 292
886 323
886 372
886 401
886 415
886 528
886 544
886 592
886 790
886 807
886 828
886 830
886 858
887 125
887 141
887 145
887 250
887 314
887 514
887 561
887 582
887 602
887 620
887 672
887 717
887 785
887 848
887 866
887 871
887 883
887 908
887 943
887 963
887 988
888 88
888 335
888 476
888 488
888 633
888 668
888 722
888 737
888 788
888 793
888 816
888 827
888 836
888 875
888 925
888 936
888 955
888 994
888 997
888 998
888 999
889 35
889 65
889 159
889 442
889 458
889 474
889 563
889 564
889 584
889 646
889 699
889 746
889 791
889 802
889 811
889 838
889 839
889 853
889 885
889 897
889 911
890 437
890 486
890 581
890 599
890 653
890 728
890 766
890 809
890 840
890 841
890 852
890 864
890 867
890 873
890 894
890 951
890 954
890 991
890 992
890 995
890 996
891 587
891 630
891 700
891 743
891 757
891 761
891 772
891 776
891 777
891 837
891 872
891 904
891 914
891 931
891 938
891 939
891 962
891 965
891 979
891 981
891 982
891 993
892 124
892 238
892 255
892 285
892 374
892 510
892 559
892 652
892 696
892 702
892 775
892 812
892 813
892 844
892 859
892 878
892 905
892 921
892 942
892 964
892 966
892 989
893 186
893 313
893 357
893 402
893 411
893 451
893 469
893 493
893 530
893 585
893 604
893 627
893 679
893 719
893 721
893 795
893 860
893 953
893 961
893 969
893 985
893 990
894 368
894 438
894 475
894 500
894 581
894 653
894 690
894 766
894 783
894 809
894 840
894 841
894 864
894 867
894 873
894 890
894 951
894 954
894 991
894 992
894 995
894 996
895 41
895 60
895 100
895 461
895 487
895 509
895 546
895 560
895 612
895 621
895 669
895 704
895 732
895 739
895 753
895 796
895 814
895 868
895 937
895 944
895 949
895 974
896 56
896 296
896 298
896 332
896 345
896 365
896 455
896 512
896 624
896 632
896 636
896 707
896 767
896 778
896 781
896 817
896 902
896 912
896 917
896 940
896 945
896 948
897 20
897 106
897 126
897 159
897 254
897 286
897 442
897 458
897 474
897 563
897 584
897 646
897 699
897 746
897 791
897 802
897 811
897 838
897 839
897 853
897 885
897 889
897 911
898 0
898 4
898 83
898 96
898 185
898 211
898 388
898 441
898 444
898 456
898 466
898 526
898 615
898 631
898 642
898 723
898 773
898 798
898 826
898 834
898 879
898 899
898 927
899 83
899 96
899 177
899 185
899 211
899 234
899 388
899 441
899 444
899 466
899 505
899 526
899 615
899 631
899 642
899 723
899 773
899 798
899 826
899 834
899 879
899 898
899 927
900 695
900 711
900 714
900 740
900 742
900 747
900 801
900 822
900 823
900 842
900 877
900 933
900 956
900 958
900 970
900 973
900 978
900 983
900 986
901 20
901 93
901 140
901 385
901 538
901 568
901 583
901 590
901 596
901 608
901 665
901 673
901 677
901 685
901 703
901 708
901 713
901 725
901 727
901 738
901 782
901 960
901 967
902 18
902 163
902 213
902 296
902 315
902 345
902 395
902 452
902 455
902 479
902 485
902 624
902 632
902 707
902 767
902 778
902 817
902 896
902 912
902 917
902 940
902 945
902 948
903 136
903 205
903 230
903 297
903 299
903 428
903 436
903 445
903 489
903 534
903 572
903 575
903 641
903 664
903 706
903 736
903 750
903 768
903 805
903 856
903 862
903 915
903 957
904 275
904 330
904 630
904 724
904 743
904 757
904 761
904 772
904 776
904 777
904 837
904 872
904 891
904 914
904 931
904 938
904 939
904 962
904 965
904 979
904 981
904 982
904 993
905 50
905 63
905 179
905 194
905 203
905 238
905 260
905 510
905 559
905 652
905 702
905 775
905 812
905 813
905 844
905 859
905 878
905 892
905 921
905 942
905 964
905 966
905 989
906 45
906 116
906 121
906 164
906 208
906 308
906 379
906 380
906 638
906 692
906 730
906 735
906 744
906 756
906 786
906 803
906 818
906 819
906 850
906 851
906 870
906 907
906 922
906 924
907 116
907 155
907 164
907 240
907 349
907 379
907 380
907 382
907 494
907 525
907 638
907 684
907 730
907 756
907 786
907 803
907 818
907 819
907 833
907 850
907 870
907 906
907 922
907 924
908 2
908 217
908 314
908 407
908 514
908 550
908 561
908 602
908 620
908 629
908 651
908 672
908 705
908 717
908 785
908 800
908 848
908 866
908 871
908 887
908 943
908 959
908 963
908 988
909 134
909 220
909 377
909 384
909 393
909 408
909 425
909 443
909 579
909 601
909 613
909 637
909 660
909 686
909 709
909 734
909 741
909 797
909 824
909 855
909 863
909 913
909 919
909 947
910 22
910 160
910 165
910 182
910 195
910 288
910 324
910 354
910 366
910 373
910 399
910 405
910 406
910 423
910 482
910 495
910 569
910 655
910 661
910 663
910 676
910 754
910 930
910 932
911 35
911 65
911 106
911 159
911 192
911 286
911 442
911 458
911 474
911 563
911 564
911 584
911 646
911 699
911 746
911 791
911 802
911 811
911 838
911 839
911 853
911 885
911 889
911 897
912 16
912 56
912 213
912 298
912 309
912 332
912 452
912 485
912 507
912 512
912 624
912 632
912 636
912 707
912 767
912 778
912 781
912 817
912 896
912 902
912 917
912 940
912 945
912 948
913 19
913 84
913 134
913 135
913 172
913 257
913 264
913 377
913 393
913 404
913 408
913 425
913 579
913 580
913 601
913 709
913 734
913 741
913 797
913 824
913 863
913 909
913 919
913 947
914 39
914 249
914 587
914 700
914 724
914 743
914 757
914 761
914 772
914 776
914 777
914 837
914 872
914 891
914 904
914 931
914 938
914 939
914 962
914 965
914 979
914 981
914 982
914 993
915 10
915 52
915 76
915 136
915 297
915 312
915 394
915 398
915 436
915 489
915 534
915 567
915 603
915 641
915 657
915 664
915 736
915 750
915 768
915 805
915 856
915 862
915 903
915 957
916 5
916 26
916 32
916 70
916 108
916 115
916 122
916 191
916 199
916 224
916 245
916 295
916 306
916 344
916 453
916 463
916 524
916 556
916 571
916 591
916 682
916 780
916 792
916 831
916 972
917 18
917 167
917 293
917 296
917 332
917 365
917 409
917 455
917 479
917 485
917 507
917 512
917 533
917 632
917 636
917 707
917 767
917 778
917 781
917 817
917 896
917 902
917 912
917 940
917 948
918 29
918 61
918 62
918 139
918 201
918 228
918 248
918 263
918 290
918 333
918 342
918 353
918 460
918 471
918 515
918 535
918 548
918 610
918 618
918 626
918 647
918 715
918 769
918 829
918 926
919 19
919 53
919 84
919 134
919 135
919 220
919 377
919 393
919 404
919 408
919 425
919 579
919 580
919 637
919 660
919 686
919 709
919 741
919 797
919 824
919 855
919 863
919 909
919 913
919 947
920 3
920 38
920 92
920 123
920 233
920 321
920 334
920 419
920 478
920 492
920 499
920 531
920 578
920 617
920 640
920 645
920 670
920 681
920 694
920 748
920 764
920 810
920 820
920 847
920 865
921 31
921 118
921 157
921 179
921 194
921 226
921 255
921 266
921 506
921 510
921 652
921 696
921 702
921 775
921 812
921 813
921 844
921 859
921 878
921 892
921 905
921 942
921 964
921 966
921 989
922 121
922 164
922 208
922 210
922 308
922 380
922 382
922 525
922 614
922 684
922 730
922 735
922 744
922 756
922 786
922 803
922 818
922 819
922 833
922 850
922 851
922 870
922 906
922 907
922 924
923 102
923 105
923 209
923 235
923 246
923 477
923 502
923 527
923 545
923 574
923 598
923 616
923 639
923 649
923 666
923 763
923 808
923 832
923 854
923 858
923 884
923 971
923 975
923 976
923 977
924 116
924 121
924 208
924 240
924 349
924 379
924 382
924 494
924 525
924 614
924 625
924 684
924 692
924 735
924 744
924 756
924 786
924 803
924 818
924 819
924 833
924 851
924 870
924 906
924 907
924 922
925 202
925 212
925 273
925 361
925 369
925 375
925 434
925 476
925 633
925 683
925 688
925 722
925 788
925 793
925 816
925 827
925 836
925 874
925 875
925 888
925 936
925 955
925 994
925 997
925 998
925 999
926 29
926 61
926 62
926 139
926 201
926 228
926 248
926 263
926 290
926 342
926 353
926 356
926 370
926 460
926 471
926 515
926 535
926 548
926 610
926 618
926 626
926 647
926 715
926 769
926 829
926 918
927 0
927 4
927 83
927 96
927 177
927 185
927 211
927 234
927 388
927 441
927 444
927 456
927 466
927 505
927 526
927 615
927 631
927 642
927 723
927 773
927 798
927 826
927 834
927 879
927 898
927 899
928 43
928 78
928 86
928 107
928 120
928 200
928 236
928 253
928 347
928 348
928 364
928 403
928 427
928 433
928 519
928 588
928 643
928 648
928 662
928 716
928 720
928 759
928 762
928 784
928 843
928 881
928 941
929 21
929 143
929 176
929 187
929 274
929 392
929 413
929 431
929 496
929 541
929 543
929 573
929 622
929 726
929 733
929 745
929 752
929 779
929 789
929 804
929 849
929 934
929 935
929 946
929 952
929 980
929 984
930 22
930 36
930 51
930 87
930 146
930 160
930 165
930 182
930 183
930 195
930 288
930 324
930 354
930 366
930 373
930 399
930 405
930 423
930 482
930 495
930 569
930 655
930 661
930 663
930 676
930 754
930 910
930 932
931 72
931 249
931 316
931 520
931 570
931 577
931 630
931 700
931 724
931 743
931 757
931 761
931 772
931 776
931 777
931 837
931 872
931 891
931 904
931 914
931 938
931 939
931 962
931 965
931 979
931 981
931 982
931 993
932 22
932 36
932 51
932 87
932 146
932 160
932 165
932 182
932 183
932 195
932 288
932 324
932 366
932 373
932 399
932 405
932 406
932 423
932 482
932 495
932 569
932 655
932 661
932 663
932 676
932 754
932 910
932 930
933 27
933 80
933 128
933 173
933 376
933 381
933 432
933 449
933 597
933 695
933 711
933 714
933 740
933 742
933 747
933 801
933 822
933 823
933 842
933 877
933 900
933 956
933 958
933 970
933 973
933 978
933 983
933 986
934 15
934 21
934 187
934 252
934 258
934 277
934 355
934 358
934 413
934 543
934 558
934 573
934 594
934 622
934 697
934 733
934 745
934 752
934 779
934 789
934 804
934 849
934 929
934 935
934 946
934 952
934 980
934 984
935 143
935 187
935 242
935 252
935 258
935 270
935 272
935 274
935 302
935 355
935 392
935 522
935 543
935 547
935 573
935 622
935 726
935 752
935 779
935 789
935 804
935 849
935 929
935 934
935 946
935 952
935 980
935 984
936 142
936 221
936 307
936 359
936 424
936 448
936 488
936 516
936 633
936 668
936 671
936 683
936 688
936 722
936 737
936 788
936 793
936 816
936 827
936 874
936 875
936 888
936 925
936 955
936 994
936 997
936 998
936 999
937 41
937 97
937 100
937 175
937 181
937 237
937 261
937 265
937 464
937 487
937 509
937 546
937 560
937 593
937 612
937 621
937 669
937 704
937 732
937 739
937 753
937 796
937 814
937 868
937 895
937 944
937 949
937 974
938 73
938 232
938 269
938 465
938 504
938 520
938 577
938 700
938 724
938 743
938 757
938 761
938 772
938 776
938 777
938 837
938 872
938 891
938 904
938 914
938 931
938 939
938 962
938 965
938 979
938 981
938 982
938 993
939 73
939 90
939 336
939 446
939 465
939 520
939 570
939 577
939 587
939 700
939 743
939 757
939 761
939 772
939 776
939 777
939 837
939 872
939 891
939 904
939 914
939 931
939 938
939 962
939 965
939 979
939 981
939 982
939 993
940 16
940 18
940 137
940 163
940 167
940 298
940 309
940 315
940 345
940 365
940 395
940 452
940 485
940 507
940 512
940 533
940 624
940 632
940 636
940 707
940 767
940 778
940 817
940 896
940 902
940 912
940 917
940 945
940 948
941 43
941 78
941 86
941 147
941 156
941 200
941 236
941 253
941 304
941 343
941 347
941 364
941 403
941 427
941 433
941 519
941 588
941 643
941 644
941 648
941 662
941 720
941 755
941 759
941 762
941 784
941 843
941 881
941 928
942 98
942 118
942 119
942 157
942 194
942 226
942 238
942 374
942 414
942 457
942 472
942 506
942 537
942 559
942 652
942 696
942 702
942 775
942 812
942 813
942 844
942 859
942 878
942 892
942 905
942 921
942 964
942 966
942 989
943 7
943 8
943 125
943 152
943 217
943 250
943 300
943 310
943 314
943 339
943 341
943 407
943 430
943 462
943 561
943 629
943 651
943 705
943 785
943 800
943 848
943 866
943 871
943 883
943 887
943 908
943 959
943 963
943 988
944 94
944 97
944 175
944 181
944 218
944 237
944 261
944 265
944 387
944 461
944 487
944 509
944 546
944 560
944 593
944 621
944 623
944 669
944 704
944 732
944 739
944 753
944 796
944 814
944 868
944 895
944 937
944 949
944 974
945 49
945 137
945 163
945 167
945 293
945 298
945 309
945 332
945 365
945 395
945 452
945 455
945 479
945 485
945 507
945 512
945 533
945 624
945 636
945 707
945 767
945 778
945 781
945 817
945 896
945 902
945 912
945 940
945 948
946 95
946 143
946 158
946 270
946 277
946 302
946 355
946 358
946 363
946 392
946 431
946 496
946 522
946 558
946 573
946 594
946 622
946 697
946 726
946 733
946 745
946 752
946 779
946 789
946 849
946 929
946 934
946 935
946 952
946 984
947 19
947 53
947 58
947 59
947 113
947 134
947 135
947 257
947 276
947 377
947 404
947 408
947 425
947 443
947 579
947 580
947 613
947 637
947 660
947 686
947 709
947 734
947 741
947 797
947 824
947 855
947 863
947 909
947 913
947 919
948 49
948 56
948 163
948 167
948 293
948 296
948 309
948 332
948 345
948 365
948 395
948 409
948 452
948 507
948 512
948 533
948 624
948 632
948 636
948 707
948 767
948 778
948 781
948 817
948 896
948 902
948 912
948 917
948 940
948 945
949 41
949 60
949 94
949 100
949 109
949 175
949 218
949 237
949 261
949 387
949 461
949 464
949 487
949 509
949 546
949 593
949 612
949 623
949 669
949 704
949 732
949 739
949 753
949 796
949 814
949 868
949 895
949 937
949 944
949 974
950 9
950 17
950 66
950 91
950 130
950 197
950 268
950 281
950 282
950 283
950 328
950 362
950 397
950 416
950 498
950 532
950 589
950 634
950 675
950 687
950 689
950 765
950 815
950 821
950 825
950 845
950 846
950 857
950 876
950 968
950 987
951 294
951 331
951 389
951 391
951 468
951 470
951 486
951 508
951 536
951 554
951 566
951 581
951 653
951 690
951 728
951 766
951 783
951 809
951 840
951 841
951 852
951 864
951 867
951 873
951 890
951 894
951 954
951 991
951 992
951 995
951 996
952 95
952 158
952 176
952 242
952 258
952 270
952 272
952 277
952 302
952 363
952 413
952 431
952 541
952 543
952 558
952 573
952 697
952 726
952 733
952 745
952 752
952 779
952 789
952 804
952 849
952 929
952 934
952 935
952 946
952 980
952 984
953 81
953 170
953 357
953 402
953 411
953 420
953 450
953 451
953 459
953 469
953 481
953 493
953 518
953 530
953 539
953 585
953 600
953 605
953 679
953 680
953 698
953 719
953 721
953 731
953 795
953 860
953 893
953 961
953 969
953 985
953 990
954 33
954 294
954 346
954 352
954 391
954 437
954 438
954 468
954 475
954 500
954 508
954 581
954 599
954 690
954 728
954 766
954 783
954 809
954 840
954 841
954 852
954 864
954 867
954 873
954 890
954 894
954 951
954 991
954 992
954 995
954 996
955 112
955 133
955 180
955 219
955 307
955 424
955 434
955 448
955 484
955 488
955 516
955 633
955 671
955 683
955 688
955 722
955 737
955 788
955 793
955 816
955 827
955 836
955 874
955 875
955 888
955 925
955 936
955 994
955 997
955 998
955 999
956 128
956 215
956 259
956 381
956 422
956 426
956 432
956 449
956 523
956 542
956 551
956 557
956 597
956 695
956 711
956 714
956 740
956 742
956 747
956 801
956 822
956 823
956 842
956 877
956 900
956 933
956 958
956 970
956 973
956 978
956 983
956 986
957 13
957 76
957 136
957 205
957 243
957 297
957 299
957 329
957 394
957 418
957 436
957 445
957 480
957 489
957 534
957 567
957 572
957 575
957 603
957 641
957 657
957 664
957 706
957 736
957 750
957 751
957 768
957 805
957 856
957 862
957 903
957 915
958 47
958 55
958 110
958 111
958 216
958 367
958 376
958 426
958 523
958 542
958 551
958 557
958 597
958 695
958 711
958 714
958 740
958 742
958 747
958 801
958 822
958 823
958 842
958 877
958 900
958 933
958 956
958 970
958 973
958 978
958 983
958 986
959 2
959 42
959 141
959 144
959 145
959 217
959 250
959 310
959 341
959 430
959 462
959 514
959 550
959 561
959 620
959 629
959 651
959 658
959 659
959 672
959 705
959 717
959 785
959 800
959 848
959 866
959 871
959 883
959 908
959 943
959 963
959 988
960 6
960 71
960 93
960 196
960 204
960 206
960 271
960 311
960 385
960 517
960 538
960 553
960 555
960 562
960 568
960 583
960 590
960 596
960 608
960 673
960 677
960 685
960 693
960 703
960 708
960 713
960 725
960 727
960 738
960 782
960 901
960 967
961 40
961 85
961 151
961 214
961 225
961 402
961 411
961 420
961 450
961 451
961 459
961 469
961 481
961 493
961 518
961 530
961 539
961 604
961 605
961 627
961 679
961 680
961 698
961 719
961 721
961 731
961 795
961 860
961 893
961 953
961 969
961 985
961 990
962 39
962 101
962 154
962 171
962 249
962 330
962 446
962 447
962 504
962 570
962 577
962 587
962 630
962 724
962 743
962 757
962 761
962 772
962 776
962 777
962 837
962 872
962 891
962 904
962 914
962 931
962 938
962 939
962 965
962 979
962 981
962 982
962 993
963 7
963 8
963 125
963 152
963 300
963 314
963 339
963 341
963 407
963 462
963 467
963 513
963 514
963 550
963 602
963 629
963 651
963 658
963 659
963 672
963 705
963 717
963 785
963 800
963 848
963 866
963 871
963 883
963 887
963 908
963 943
963 959
963 988
964 50
964 63
964 75
964 98
964 124
964 131
964 179
964 203
964 226
964 255
964 260
964 266
964 285
964 374
964 414
964 421
964 457
964 506
964 510
964 537
964 696
964 702
964 775
964 813
964 844
964 859
964 878
964 892
964 905
964 921
964 942
964 966
964 989
965 1
965 90
965 232
965 316
965 330
965 336
965 447
965 465
965 520
965 570
965 577
965 587
965 630
965 700
965 724
965 743
965 757
965 761
965 772
965 776
965 777
965 837
965 872
965 891
965 904
965 914
965 931
965 938
965 939
965 962
965 979
965 981
965 982
965 993
966 31
966 50
966 75
966 98
966 118
966 119
966 124
966 157
966 238
966 255
966 260
966 266
966 285
966 374
966 472
966 506
966 510
966 537
966 559
966 652
966 696
966 702
966 775
966 812
966 813
966 844
966 859
966 878
966 892
966 905
966 921
966 942
966 964
966 989
967 6
967 20
967 71
967 93
967 140
967 196
967 198
967 204
967 206
967 271
967 311
967 322
967 454
967 517
967 538
967 553
967 555
967 562
967 568
967 583
967 590
967 608
967 673
967 677
967 685
967 693
967 703
967 708
967 713
967 725
967 727
967 782
967 901
967 960
968 57
968 66
968 74
968 91
968 130
968 168
968 268
968 278
968 281
968 282
968 287
968 303
968 328
968 397
968 416
968 429
968 439
968 483
968 498
968 503
968 532
968 589
968 619
968 675
968 687
968 689
968 815
968 825
968 845
968 846
968 857
968 876
968 950
968 987
969 85
969 151
969 162
969 169
969 170
969 186
969 214
969 225
969 313
969 325
969 357
969 402
969 411
969 450
969 459
969 493
969 518
969 530
969 539
969 585
969 600
969 604
969 605
969 627
969 679
969 680
969 698
969 721
969 731
969 860
969 893
969 953
969 961
969 985
969 990
970 55
970 77
970 111
970 247
970 367
970 376
970 381
970 422
970 426
970 432
970 449
970 523
970 542
970 551
970 557
970 597
970 695
970 711
970 714
970 740
970 742
970 747
970 801
970 822
970 823
970 842
970 877
970 900
970 933
970 956
970 958
970 973
970 978
970 983
970 986
971 37
971 44
971 102
971 105
971 209
971 229
971 246
971 262
971 284
971 317
971 410
971 473
971 477
971 491
971 502
971 527
971 545
971 552
971 574
971 576
971 598
971 616
971 639
971 649
971 678
971 763
971 808
971 832
971 854
971 858
971 884
971 923
971 975
971 976
971 977
972 5
972 23
972 26
972 32
972 34
972 64
972 70
972 108
972 115
972 122
972 149
972 191
972 199
972 224
972 239
972 244
972 245
972 295
972 301
972 306
972 351
972 360
972 453
972 463
972 556
972 571
972 591
972 595
972 682
972 691
972 780
972 792
972 831
972 882
972 916
973 47
973 77
973 80
973 173
973 215
973 216
973 247
973 259
973 367
973 422
973 449
973 523
973 542
973 551
973 557
973 597
973 695
973 711
973 714
973 740
973 742
973 747
973 801
973 822
973 823
973 842
973 877
973 900
973 933
973 956
973 958
973 970
973 978
973 983
973 986
974 41
974 60
974 94
974 97
974 100
974 109
974 175
974 181
974 218
974 237
974 261
974 265
974 387
974 461
974 464
974 487
974 509
974 546
974 560
974 593
974 612
974 621
974 623
974 669
974 704
974 732
974 739
974 753
974 796
974 814
974 868
974 895
974 937
974 944
974 949
975 14
975 37
975 44
975 229
975 235
975 246
975 262
975 280
975 284
975 317
975 410
975 473
975 477
975 491
975 502
975 527
975 545
975 552
975 574
975 598
975 616
975 639
975 649
975 666
975 678
975 763
975 808
975 832
975 854
975 858
975 884
975 923
975 971
975 976
975 977
976 14
976 37
976 44
976 102
976 188
976 209
976 229
976 235
976 246
976 280
976 284
976 410
976 473
976 477
976 491
976 502
976 527
976 545
976 552
976 574
976 576
976 616
976 639
976 649
976 666
976 678
976 763
976 808
976 832
976 854
976 858
976 884
976 923
976 971
976 975
976 977
977 14
977 44
977 102
977 105
977 188
977 209
977 229
977 235
977 246
977 262
977 280
977 284
977 317
977 473
977 491
977 502
977 527
977 545
977 552
977 574
977 576
977 598
977 616
977 639
977 649
977 666
977 678
977 763
977 808
977 832
977 854
977 858
977 884
977 923
977 971
977 975
977 976
978 27
978 80
978 110
978 111
978 173
978 215
978 216
978 247
978 259
978 367
978 381
978 422
978 426
978 432
978 523
978 542
978 551
978 557
978 597
978 695
978 711
978 714
978 740
978 742
978 747
978 801
978 822
978 823
978 842
978 877
978 900
978 933
978 956
978 958
978 970
978 973
978 983
978 986
979 1
979 39
979 72
979 73
979 101
979 154
979 171
979 184
979 269
979 275
979 316
979 446
979 447
979 465
979 504
979 570
979 630
979 700
979 724
979 743
979 757
979 761
979 772
979 776
979 777
979 837
979 872
979 891
979 904
979 914
979 931
979 938
979 939
979 962
979 965
979 981
979 982
979 993
980 15
980 21
980 158
980 242
980 252
980 270
980 272
980 274
980 302
980 358
980 363
980 378
980 392
980 413
980 431
980 496
980 522
980 541
980 543
980 547
980 558
980 573
980 594
980 622
980 697
980 726
980 733
980 745
980 752
980 779
980 789
980 804
980 849
980 929
980 934
980 935
980 952
980 984
981 72
981 90
981 154
981 184
981 232
981 269
981 275
981 330
981 336
981 446
981 447
981 504
981 520
981 570
981 577
981 587
981 630
981 700
981 724
981 743
981 757
981 761
981 772
981 776
981 777
981 837
981 872
981 891
981 904
981 914
981 931
981 938
981 939
981 962
981 965
981 979
981 982
981 993
982 1
982 101
982 171
982 184
982 249
982 269
982 275
982 316
982 336
982 446
982 447
982 465
982 504
982 520
982 570
982 577
982 587
982 630
982 700
982 724
982 743
982 757
982 761
982 772
982 776
982 777
982 837
982 872
982 891
982 904
982 914
982 931
982 938
982 939
982 962
982 965
982 979
982 981
982 993
983 27
983 47
983 55
983 77
983 80
983 110
983 128
983 215
983 247
983 259
983 376
983 422
983 426
983 432
983 449
983 523
983 542
983 551
983 557
983 597
983 695
983 711
983 714
983 740
983 742
983 747
983 801
983 822
983 823
983 842
983 877
983 900
983 933
983 956
983 958
983 970
983 973
983 978
983 986
984 15
984 21
984 95
984 104
984 143
984 176
984 242
984 258
984 270
984 272
984 274
984 277
984 302
984 355
984 358
984 378
984 431
984 496
984 522
984 541
984 543
984 547
984 573
984 594
984 622
984 697
984 726
984 733
984 745
984 752
984 779
984 789
984 804
984 849
984 929
984 934
984 935
984 946
984 952
984 980
985 40
985 81
985 85
985 151
985 162
985 169
985 170
985 186
985 193
985 225
985 325
985 402
985 411
985 420
985 450
985 451
985 459
985 469
985 481
985 493
985 530
985 539
985 585
985 600
985 604
985 605
985 627
985 679
985 680
985 698
985 719
985 721
985 731
985 795
985 860
985 893
985 953
985 961
985 969
985 990
986 27
986 47
986 55
986 77
986 110
986 111
986 128
986 173
986 216
986 247
986 259
986 367
986 376
986 381
986 422
986 426
986 432
986 449
986 523
986 542
986 551
986 557
986 597
986 695
986 711
986 714
986 740
986 742
986 747
986 801
986 822
986 823
986 842
986 877
986 900
986 933
986 956
986 958
986 970
986 973
986 978
986 983
987 9
987 17
987 24
987 57
987 66
987 74
987 91
987 130
987 168
987 268
987 278
987 282
987 283
987 287
987 303
987 328
987 362
987 397
987 416
987 429
987 439
987 483
987 498
987 503
987 511
987 532
987 589
987 619
987 634
987 675
987 687
987 689
987 765
987 815
987 821
987 825
987 845
987 846
987 857
987 876
987 950
987 968
988 2
988 7
988 8
988 42
988 125
988 141
988 144
988 152
988 217
988 250
988 314
988 339
988 341
988 407
988 430
988 462
988 467
988 513
988 514
988 550
988 561
988 582
988 602
988 620
988 629
988 651
988 658
988 659
988 672
988 705
988 717
988 785
988 800
988 848
988 866
988 871
988 883
988 887
988 908
988 943
988 959
988 963
989 31
989 50
989 63
989 75
989 98
989 118
989 119
989 124
989 131
989 157
989 179
989 194
989 203
989 226
989 238
989 255
989 260
989 266
989 285
989 374
989 414
989 421
989 457
989 472
989 506
989 510
989 537
989 559
989 652
989 696
989 702
989 775
989 812
989 813
989 844
989 859
989 878
989 892
989 905
989 921
989 942
989 964
989 966
990 40
990 81
990 85
990 151
990 162
990 169
990 170
990 186
990 193
990 214
990 225
990 313
990 325
990 357
990 402
990 411
990 420
990 450
990 451
990 459
990 469
990 481
990 493
990 518
990 530
990 539
990 585
990 600
990 604
990 605
990 627
990 679
990 680
990 698
990 719
990 721
990 731
990 795
990 860
990 893
990 953
990 961
990 969
990 985
991 12
991 33
991 48
991 117
991 150
991 174
991 223
991 289
991 331
991 346
991 352
991 368
991 371
991 391
991 437
991 438
991 468
991 470
991 475
991 500
991 508
991 536
991 554
991 566
991 581
991 653
991 690
991 728
991 766
991 783
991 809
991 840
991 841
991 852
991 864
991 867
991 873
991 890
991 894
991 951
991 954
991 992
991 995
991 996
992 12
992 48
992 117
992 150
992 174
992 223
992 289
992 294
992 331
992 346
992 352
992 368
992 371
992 389
992 391
992 437
992 438
992 468
992 470
992 475
992 486
992 500
992 508
992 536
992 554
992 566
992 581
992 599
992 653
992 690
992 766
992 783
992 809
992 840
992 841
992 852
992 864
992 867
992 873
992 890
992 894
992 951
992 954
992 991
992 995
992 996
993 1
993 39
993 72
993 73
993 90
993 101
993 154
993 171
993 184
993 232
993 249
993 269
993 275
993 316
993 330
993 336
993 446
993 447
993 465
993 504
993 520
993 570
993 577
993 587
993 630
993 700
993 724
993 743
993 757
993 761
993 772
993 776
993 777
993 837
993 872
993 891
993 904
993 914
993 931
993 938
993 939
993 962
993 965
993 979
993 981
993 982
994 11
994 82
994 88
994 138
994 142
994 161
994 180
994 202
994 207
994 219
994 221
994 273
994 307
994 318
994 326
994 335
994 359
994 361
994 369
994 375
994 424
994 434
994 440
994 448
994 484
994 516
994 633
994 668
994 671
994 683
994 688
994 722
994 737
994 788
994 793
994 816
994 827
994 836
994 874
994 875
994 888
994 925
994 936
994 955
994 997
994 998
994 999
995 12
995 33
995 48
995 117
995 150
995 174
995 223
995 289
995 294
995 331
995 346
995 352
995 368
995 371
995 389
995 391
995 437
995 438
995 468
995 470
995 475
995 486
995 500
995 508
995 536
995 554
995 566
995 581
995 599
995 653
995 690
995 728
995 766
995 783
995 809
995 840
995 841
995 852
995 864
995 867
995 873
995 890
995 894
995 951
995 954
995 991
995 992
995 996
996 12
996 33
996 48
996 117
996 150
996 174
996 223
996 289
996 294
996 331
996 346
996 352
996 368
996 371
996 389
996 391
996 437
996 438
996 468
996 470
996 475
996 486
996 500
996 508
996 536
996 554
996 566
996 581
996 599
996 653
996 690
996 728
996 766
996 783
996 809
996 840
996 841
996 852
996 864
996 867
996 873
996 890
996 894
996 951
996 954
996 991
996 992
996 995
997 11
997 82
997 112
997 133
997 138
997 142
997 161
997 202
997 207
997 212
997 219
997 273
997 318
997 326
997 335
997 359
997 361
997 369
997 375
997 424
997 434
997 440
997 448
997 476
997 484
997 488
997 516
997 633
997 668
997 671
997 683
997 688
997 722
997 737
997 788
997 793
997 816
997 827
997 836
997 874
997 875
997 888
997 925
997 936
997 955
997 994
997 998
997 999
998 11
998 82
998 88
998 112
998 133
998 138
998 161
998 180
998 202
998 207
998 212
998 221
998 273
998 307
998 326
998 335
998 359
998 361
998 369
998 375
998 424
998 434
998 440
998 448
998 476
998 484
998 488
998 516
998 633
998 668
998 671
998 683
998 688
998 722
998 737
998 788
998 793
998 816
998 827
998 836
998 874
998 875
998 888
998 925
998 936
998 955
998 994
998 997
998 999
999 11
999 82
999 88
999 133
999 138
999 142
999 161
999 180
999 207
999 212
999 219
999 221
999 273
999 307
999 318
999 326
999 335
999 359
999 361
999 375
999 424
999 434
999 440
999 448
999 476
999 484
999 488
999 516
999 633
999 668
999 671
999 683
999 688
999 722
999 737
999 788
999 793
999 816
999 827
999 836
999 874
999 875
999 888
999 925
999 936
999 955
999 994
999 997
999 998
