0 90
0 675
0 734
0 978
1 883
1 936
1 980
1 994
2 737
2 865
2 884
2 900
3 398
3 616
3 816
3 910
4 910
4 912
4 954
4 955
5 916
5 918
5 922
5 924
6 773
6 867
6 978
6 990
7 489
7 879
7 958
7 984
8 403
8 514
8 776
8 989
9 162
9 773
9 799
9 978
10 123
10 807
10 822
10 891
11 174
11 722
11 766
11 976
12 825
12 838
12 973
12 996
13 585
13 872
13 980
13 994
14 722
14 853
14 932
14 954
15 64
15 901
15 996
15 998
16 639
16 805
16 833
16 857
17 31
17 506
17 630
17 959
18 717
18 915
18 967
18 968
19 542
19 872
19 877
19 902
20 629
20 766
20 878
20 976
21 735
21 905
21 953
21 961
22 850
22 899
22 977
22 989
23 274
23 827
23 958
23 984
24 551
24 727
24 902
24 917
25 911
25 924
25 969
25 985
26 681
26 890
26 916
26 965
27 904
27 945
27 953
27 984
28 709
28 898
28 919
28 969
29 664
29 821
29 850
29 989
30 786
30 835
30 941
30 991
31 17
31 947
31 977
31 989
32 962
32 964
32 975
32 989
33 647
33 763
33 936
33 982
34 779
34 846
34 854
34 974
35 89
35 276
35 977
35 989
36 597
36 869
36 890
36 916
37 848
37 918
37 922
37 924
38 341
38 718
38 889
38 910
39 724
39 793
39 867
39 978
40 118
40 305
40 601
40 794
41 908
41 989
41 990
41 995
42 830
42 962
42 974
42 975
43 47
43 653
43 771
43 920
44 691
44 815
44 903
44 970
45 904
45 921
45 945
45 953
46 779
46 988
46 991
46 997
47 43
47 397
47 579
47 920
48 321
48 793
48 967
48 978
49 741
49 988
49 991
49 997
50 555
50 850
50 977
50 980
51 324
51 638
51 786
51 919
52 721
52 784
52 943
52 996
53 866
53 909
53 969
53 985
54 567
54 622
54 667
54 925
55 707
55 712
55 885
55 953
56 756
56 883
56 940
56 986
57 806
57 964
57 987
57 999
58 89
58 935
58 950
58 993
59 466
59 879
59 903
59 984
60 160
60 973
60 979
60 993
61 73
61 665
61 693
61 839
62 662
62 770
62 885
62 925
63 360
63 707
63 885
63 970
64 15
64 847
64 922
64 924
65 886
65 951
65 969
65 985
66 756
66 982
66 992
66 994
67 643
67 868
67 982
67 992
68 808
68 813
68 914
68 917
69 694
69 856
69 896
69 925
70 769
70 808
70 822
70 906
71 368
71 726
71 868
71 940
72 439
72 876
72 990
72 995
73 61
73 387
73 843
73 878
74 834
74 866
74 958
74 965
75 711
75 878
75 882
75 926
76 649
76 914
76 977
76 989
77 563
77 906
77 914
77 917
78 894
78 946
78 996
78 998
79 280
79 586
79 653
79 820
80 679
80 818
80 989
80 993
81 517
81 795
81 959
81 981
82 763
82 870
82 927
82 992
83 777
83 900
83 941
83 983
84 644
84 930
84 972
84 986
85 120
85 274
85 977
85 989
86 812
86 895
86 908
86 949
87 340
87 853
87 902
87 970
88 382
88 980
88 992
88 994
89 35
89 58
89 977
89 989
90 0
90 568
90 991
90 997
91 843
91 902
91 971
91 972
92 185
92 672
92 912
92 921
93 319
93 753
93 918
93 920
94 315
94 827
94 841
94 984
95 708
95 947
95 963
95 999
96 397
96 789
96 801
96 953
97 130
97 751
97 878
97 938
98 550
98 813
98 824
98 981
99 688
99 921
99 948
99 995
100 694
100 719
100 973
100 993
101 946
101 984
101 987
101 999
102 656
102 845
102 897
102 980
103 842
103 950
103 979
103 993
104 770
104 988
104 991
104 997
105 722
105 980
105 992
105 994
106 417
106 980
106 992
106 994
107 696
107 841
107 949
107 958
108 694
108 770
108 866
108 925
109 713
109 906
109 914
109 980
110 648
110 980
110 982
110 994
111 865
111 888
111 952
111 990
112 364
112 675
112 734
112 978
113 651
113 792
113 947
113 987
114 860
114 906
114 914
114 938
115 338
115 811
115 935
115 993
116 123
116 455
116 622
116 891
117 881
117 919
117 931
117 983
118 40
118 280
118 847
118 964
119 480
119 834
119 936
119 992
120 85
120 865
120 883
120 992
121 408
121 782
121 920
121 999
122 623
122 751
122 911
122 938
123 10
123 116
123 572
123 874
124 643
124 864
124 877
124 970
125 135
125 802
125 977
125 989
126 905
126 945
126 953
126 965
127 949
127 995
127 996
127 998
128 927
128 939
128 940
128 986
129 451
129 762
129 960
129 981
130 97
130 866
130 930
130 986
131 297
131 828
131 978
131 990
132 190
132 849
132 958
132 965
133 268
133 904
133 961
133 990
134 439
134 466
134 959
134 981
135 125
135 737
135 793
135 884
136 694
136 856
136 925
136 983
137 559
137 846
137 907
137 938
138 793
138 906
138 914
138 917
139 750
139 982
139 992
139 994
140 453
140 824
140 915
140 990
141 186
141 807
141 891
141 935
142 560
142 781
142 896
142 912
143 275
143 800
143 860
143 906
144 737
144 884
144 919
144 978
145 762
145 895
145 959
145 994
146 549
146 892
146 954
146 976
147 276
147 856
147 899
147 925
148 601
148 612
148 717
148 798
149 887
149 928
149 951
149 985
150 640
150 926
150 990
150 995
151 630
151 928
151 969
151 985
152 299
152 524
152 599
152 945
153 880
153 915
153 946
153 999
154 370
154 816
154 852
154 955
155 715
155 927
155 992
155 994
156 880
156 949
156 987
156 999
157 220
157 903
157 958
157 984
158 941
158 957
158 967
158 968
159 467
159 764
159 931
159 983
160 60
160 886
160 902
160 970
161 731
161 866
161 939
161 986
162 9
162 939
162 954
162 976
163 460
163 681
163 699
163 916
164 821
164 884
164 977
164 989
165 306
165 366
165 907
165 938
166 921
166 941
166 988
166 997
167 641
167 801
167 833
167 907
168 749
168 933
168 962
168 995
169 720
169 897
169 987
169 999
170 564
170 957
170 967
170 968
171 964
171 973
171 979
171 993
172 653
172 777
172 920
172 996
173 814
173 936
173 940
173 983
174 11
174 418
174 890
174 916
175 234
175 897
175 982
175 992
176 770
176 827
176 965
176 984
177 228
177 549
177 890
177 916
178 705
178 766
178 977
178 989
179 904
179 905
179 961
179 997
180 884
180 918
180 922
180 924
181 744
181 867
181 894
181 949
182 269
182 893
182 942
182 981
183 867
183 940
183 991
183 997
184 572
184 736
184 829
184 891
185 92
185 849
185 889
185 965
186 141
186 530
186 891
186 925
187 675
187 852
187 921
187 926
188 697
188 779
188 933
188 975
189 501
189 988
189 991
189 997
190 132
190 794
190 820
190 847
191 731
191 855
191 889
191 975
192 535
192 905
192 958
192 984
193 250
193 909
193 969
193 985
194 634
194 803
194 930
194 986
195 601
195 923
195 959
195 960
196 873
196 927
196 948
196 952
197 736
197 957
197 967
197 968
198 653
198 901
198 922
198 924
199 502
199 808
199 868
199 914
200 348
200 766
200 882
200 896
201 457
201 918
201 922
201 924
202 261
202 798
202 906
202 914
203 866
203 939
203 978
203 986
204 480
204 957
204 967
204 968
205 278
205 927
205 936
205 994
206 663
206 904
206 905
206 961
207 951
207 988
207 991
207 997
208 544
208 891
208 901
208 998
209 554
209 929
209 990
209 995
210 644
210 773
210 911
210 978
211 259
211 963
211 987
211 999
212 304
212 915
212 967
212 968
213 375
213 662
213 856
213 925
214 662
214 770
214 925
214 968
215 534
215 930
215 986
215 996
216 380
216 453
216 483
216 816
217 701
217 728
217 926
217 989
218 599
218 890
218 916
218 974
219 588
219 942
219 960
219 981
220 157
220 724
220 840
220 964
221 844
221 923
221 965
221 981
222 265
222 731
222 932
222 976
223 708
223 820
223 847
223 854
224 244
224 971
224 972
224 981
225 276
225 398
225 733
225 925
226 659
226 957
226 959
226 967
227 263
227 879
227 965
227 984
228 177
228 484
228 941
228 983
229 787
229 901
229 934
229 975
230 471
230 906
230 930
230 940
231 773
231 828
231 902
231 978
232 264
232 875
232 944
232 972
233 809
233 980
233 984
233 992
234 175
234 389
234 555
234 857
235 337
235 383
235 928
235 985
236 689
236 712
236 885
236 992
237 490
237 801
237 977
237 989
238 317
238 908
238 964
238 975
239 458
239 905
239 953
239 961
240 923
240 988
240 991
240 997
241 449
241 731
241 800
241 889
242 911
242 940
242 969
242 985
243 933
243 947
243 964
243 974
244 224
244 738
244 921
244 955
245 578
245 890
245 914
245 916
246 806
246 932
246 954
246 976
247 408
247 519
247 537
247 920
248 952
248 960
248 990
248 995
249 543
249 694
249 856
249 925
250 193
250 939
250 940
250 986
251 477
251 519
251 867
251 900
252 621
252 944
252 971
252 972
253 710
253 842
253 951
253 985
254 901
254 920
254 929
254 998
255 700
255 850
255 896
255 926
256 611
256 823
256 833
256 857
257 778
257 942
257 981
257 982
258 567
258 935
258 979
258 993
259 211
259 881
259 935
259 993
260 848
260 891
260 905
260 953
261 202
261 597
261 860
261 891
261 917
262 438
262 472
262 736
262 807
262 891
263 227
263 510
263 731
263 855
263 889
264 232
264 267
264 800
264 860
264 917
265 222
265 426
265 873
265 990
265 995
266 720
266 904
266 945
266 953
266 961
267 264
267 296
267 551
267 914
267 917
268 133
268 921
268 926
268 955
268 959
269 182
269 690
269 964
269 974
269 975
270 581
270 671
270 974
270 978
270 996
271 357
271 641
271 945
271 953
271 961
272 886
272 888
272 952
272 974
272 995
273 511
273 763
273 908
273 962
273 974
274 23
274 85
274 730
274 818
274 850
275 143
275 406
275 653
275 695
275 920
276 35
276 147
276 225
276 856
276 925
277 692
277 827
277 903
277 915
277 965
278 205
278 875
278 944
278 971
278 972
279 909
279 928
279 956
279 969
279 985
280 79
280 118
280 794
280 854
280 902
281 812
281 908
281 964
281 971
281 975
282 718
282 913
282 918
282 922
282 924
283 844
283 845
283 872
283 948
283 993
284 548
284 684
284 836
284 886
284 902
285 578
285 692
285 818
285 850
285 989
286 359
286 522
286 533
286 627
286 934
287 678
287 944
287 946
287 971
287 972
288 401
288 522
288 805
288 831
288 833
289 824
289 910
289 943
289 996
289 998
290 662
290 875
290 887
290 971
290 972
291 928
291 951
291 955
291 969
291 985
292 618
292 943
292 949
292 996
292 998
293 318
293 556
293 849
293 941
293 965
294 624
294 798
294 897
294 943
294 994
295 459
295 861
295 944
295 971
295 972
296 267
296 966
296 988
296 991
296 997
297 131
297 415
297 522
297 919
297 978
298 836
298 966
298 988
298 991
298 997
299 152
299 681
299 693
299 890
299 916
300 340
300 904
300 945
300 953
300 961
301 520
301 913
301 918
301 922
301 924
302 686
302 733
302 901
302 943
302 996
303 416
303 561
303 808
303 822
303 906
304 212
304 869
304 888
304 987
304 999
305 40
305 761
305 770
305 856
305 925
306 165
306 623
306 711
306 842
306 938
307 897
307 903
307 930
307 958
307 984
308 423
308 531
308 743
308 865
308 919
309 567
309 622
309 770
309 840
309 925
310 490
310 844
310 942
310 959
310 981
311 328
311 683
311 821
311 924
311 989
312 572
312 618
312 626
312 736
312 963
313 425
313 644
313 685
313 794
313 802
314 395
314 573
314 858
314 979
314 993
315 94
315 601
315 633
315 847
315 960
316 447
316 718
316 803
316 855
316 889
317 238
317 360
317 689
317 712
317 985
318 293
318 903
318 932
318 965
318 984
319 93
319 450
319 653
319 920
319 983
320 553
320 946
320 963
320 987
320 999
321 48
321 663
321 766
321 954
321 976
322 764
322 767
322 797
322 853
322 970
323 442
323 818
323 944
323 971
323 972
324 51
324 367
324 701
324 821
324 989
325 413
325 823
325 867
325 884
325 900
326 394
326 885
326 933
326 962
326 974
327 460
327 524
327 597
327 916
327 998
328 311
328 505
328 870
328 923
328 960
329 472
329 603
329 835
329 919
329 983
330 703
330 775
330 812
330 931
330 962
331 631
331 687
331 977
331 989
331 992
332 623
332 921
332 936
332 982
332 992
333 779
333 850
333 882
333 912
333 955
334 898
334 927
334 982
334 992
334 996
335 490
335 687
335 902
335 977
335 989
336 841
336 965
336 966
336 988
336 997
337 235
337 761
337 931
337 941
337 983
338 115
338 836
338 866
338 940
338 986
339 610
339 648
339 707
339 748
339 891
340 87
340 300
340 957
340 967
340 968
341 38
341 485
341 698
341 889
341 940
342 890
342 925
342 947
342 987
342 999
343 607
343 898
343 941
343 956
343 983
344 461
344 554
344 570
344 699
344 920
345 576
345 816
345 910
345 938
345 955
346 697
346 872
346 882
346 948
346 995
347 450
347 667
347 939
347 940
347 986
348 200
348 353
348 853
348 863
348 970
349 449
349 538
349 796
349 889
349 898
350 772
350 848
350 945
350 953
350 961
351 393
351 414
351 451
351 628
351 938
352 734
352 849
352 903
352 958
352 984
353 348
353 668
353 863
353 886
353 944
354 359
354 424
354 805
354 823
354 857
355 364
355 707
355 717
355 742
355 958
356 614
356 932
356 976
356 984
356 990
357 271
357 844
357 923
357 942
357 960
358 890
358 934
358 935
358 950
358 973
359 286
359 354
359 443
359 477
359 823
360 63
360 317
360 507
360 577
360 885
361 444
361 612
361 742
361 820
361 989
362 632
362 669
362 689
362 885
362 912
363 903
363 930
363 940
363 955
363 986
364 112
364 355
364 742
364 854
364 924
365 703
365 892
365 946
365 987
365 999
366 165
366 915
366 957
366 964
366 968
367 324
367 811
367 912
367 980
367 982
368 71
368 635
368 948
368 996
368 998
369 674
369 789
369 924
369 954
369 976
370 154
370 550
370 762
370 847
370 923
371 376
371 579
371 699
371 920
371 960
372 709
372 777
372 898
372 931
372 934
373 915
373 957
373 967
373 968
373 998
374 530
374 625
374 689
374 712
374 893
375 213
375 946
375 963
375 987
375 999
376 371
376 659
376 699
376 753
376 920
377 543
377 592
377 971
377 979
377 993
378 714
378 840
378 980
378 992
378 994
379 696
379 739
379 910
379 912
379 926
380 216
380 852
380 912
380 926
380 995
381 440
381 751
381 842
381 882
381 938
382 88
382 760
382 923
382 959
382 981
383 235
383 503
383 910
383 912
383 966
384 559
384 695
384 711
384 938
384 976
385 743
385 753
385 865
385 919
385 983
386 641
386 810
386 898
386 945
386 961
387 73
387 677
387 944
387 971
387 972
388 649
388 695
388 774
388 900
388 978
389 234
389 479
389 789
389 805
389 857
390 505
390 799
390 828
390 864
390 978
391 598
391 698
391 952
391 990
391 995
392 421
392 840
392 933
392 974
392 975
393 351
393 800
393 895
393 906
393 917
394 326
394 911
394 951
394 969
394 985
395 314
395 851
395 881
395 943
395 998
396 834
396 929
396 966
396 991
396 997
397 47
397 96
397 805
397 833
397 946
398 3
398 225
398 505
398 567
398 925
399 824
399 855
399 948
399 952
399 995
400 557
400 863
400 864
400 869
400 970
401 288
401 801
401 823
401 833
401 849
402 772
402 837
402 959
402 968
402 981
403 8
403 815
403 957
403 967
403 968
404 617
404 883
404 927
404 982
404 994
405 516
405 841
405 984
405 988
405 992
406 275
406 474
406 589
406 753
406 920
407 586
407 870
407 895
407 923
407 993
408 121
408 247
408 699
408 920
408 994
409 858
409 860
409 875
409 971
409 972
410 655
410 748
410 858
410 973
410 993
411 500
411 962
411 974
411 975
411 978
412 933
412 945
412 953
412 961
412 998
413 325
413 786
413 897
413 980
413 992
414 351
414 774
414 785
414 932
414 986
415 297
415 805
415 867
415 900
415 978
416 303
416 643
416 822
416 870
416 914
417 106
417 852
417 896
417 921
417 955
418 174
418 613
418 813
418 890
418 916
419 489
419 698
419 839
419 855
419 988
420 934
420 957
420 958
420 996
420 998
421 392
421 895
421 923
421 959
421 969
422 537
422 783
422 943
422 996
422 998
423 308
423 948
423 952
423 990
423 995
424 354
424 761
424 930
424 940
424 986
425 313
425 612
425 644
425 854
425 932
426 265
426 619
426 868
426 990
426 995
427 441
427 488
427 574
427 610
427 891
428 869
428 925
428 980
428 992
428 994
429 696
429 767
429 863
429 886
429 970
430 516
430 794
430 880
430 947
430 999
431 632
431 946
431 947
431 987
431 999
432 781
432 836
432 939
432 940
432 949
432 986
433 477
433 784
433 821
433 943
433 996
433 998
434 675
434 793
434 805
434 877
434 900
434 978
435 694
435 786
435 845
435 872
435 929
435 995
436 844
436 911
436 928
436 951
436 952
436 985
437 709
437 946
437 950
437 973
437 979
437 993
438 262
438 838
438 851
438 901
438 943
438 996
439 72
439 134
439 754
439 935
439 973
439 979
440 381
440 506
440 862
440 870
440 923
440 981
441 427
441 572
441 736
441 807
441 834
441 891
442 323
442 460
442 793
442 884
442 900
442 978
443 359
443 641
443 801
443 823
443 857
443 972
444 361
444 612
444 685
444 691
444 820
444 847
445 604
445 647
445 664
445 697
445 712
445 888
446 695
446 729
446 799
446 805
446 828
446 978
447 316
447 813
447 870
447 960
447 975
447 981
448 733
448 934
448 943
448 963
448 996
448 998
449 241
449 349
449 610
449 712
449 855
449 889
450 319
450 347
450 832
450 934
450 949
450 998
451 129
451 351
451 687
451 878
451 907
451 938
452 668
452 936
452 980
452 982
452 994
452 996
453 140
453 216
453 708
453 843
453 948
453 990
454 529
454 584
454 837
454 923
454 942
454 960
455 116
455 488
455 736
455 816
455 891
455 901
456 633
456 881
456 946
456 973
456 979
456 993
457 201
457 821
457 928
457 951
457 969
457 985
458 239
458 538
458 698
458 731
458 837
458 889
459 295
459 633
459 747
459 754
459 757
459 854
460 163
460 327
460 442
460 549
460 624
460 916
461 344
461 474
461 570
461 743
461 879
461 920
462 690
462 728
462 775
462 964
462 974
462 992
463 796
463 814
463 866
463 939
463 953
463 986
464 822
464 864
464 906
464 914
464 917
464 976
465 735
465 766
465 785
465 825
465 954
465 997
466 59
466 134
466 506
466 663
466 959
466 981
467 159
467 749
467 840
467 908
467 962
467 990
468 911
468 951
468 968
468 969
468 974
468 985
469 599
469 887
469 915
469 957
469 967
469 968
470 472
470 704
470 735
470 758
470 932
470 954
471 230
471 863
471 864
471 939
471 940
471 986
472 262
472 329
472 470
472 648
472 807
472 891
473 825
473 943
473 954
473 970
473 996
473 998
474 406
474 461
474 753
474 920
474 954
474 960
475 612
475 849
475 879
475 958
475 965
475 984
476 556
476 686
476 692
476 840
476 962
476 975
477 251
477 359
477 433
477 737
477 867
477 900
478 678
478 830
478 957
478 967
478 968
478 997
479 389
479 533
479 555
479 805
479 907
479 930
480 119
480 204
480 506
480 936
480 982
480 994
481 795
481 797
481 945
481 953
481 961
481 986
482 563
482 860
482 903
482 925
482 965
482 984
483 216
483 574
483 608
483 933
483 974
483 975
484 228
484 709
484 819
484 865
484 956
484 983
485 341
485 626
485 657
485 855
485 889
485 972
486 615
486 966
486 979
486 988
486 991
486 997
487 874
487 920
487 963
487 987
487 995
487 999
488 427
488 455
488 618
488 807
488 891
488 922
489 7
489 419
489 564
489 626
489 698
489 889
490 237
490 310
490 335
490 552
490 977
490 989
491 881
491 950
491 973
491 979
491 992
491 993
492 514
492 841
492 951
492 958
492 965
492 984
493 894
493 946
493 966
493 988
493 991
493 997
494 941
494 947
494 963
494 986
494 987
494 999
495 542
495 751
495 966
495 988
495 991
495 997
496 936
496 964
496 966
496 988
496 991
496 997
497 518
497 758
497 865
497 919
497 941
497 983
498 888
498 904
498 905
498 945
498 953
498 961
499 502
499 685
499 784
499 934
499 949
499 996
500 411
500 956
500 966
500 988
500 991
500 997
501 189
501 874
501 946
501 947
501 963
501 999
502 199
502 499
502 906
502 914
502 917
502 939
503 383
503 581
503 882
503 910
503 926
503 978
504 628
504 693
504 757
504 842
504 878
504 907
505 328
505 390
505 398
505 773
505 884
505 978
506 17
506 440
506 466
506 480
506 680
506 942
507 360
507 647
507 664
507 669
507 885
507 998
508 683
508 842
508 878
508 907
508 938
508 948
509 913
509 917
509 918
509 922
509 924
509 962
510 263
510 606
510 760
510 895
510 923
510 960
511 273
511 964
511 965
511 972
511 974
511 975
512 911
512 923
512 928
512 951
512 969
512 985
513 870
513 956
513 966
513 988
513 991
513 997
514 8
514 492
514 683
514 776
514 977
514 980
515 791
515 809
515 919
515 931
515 959
515 977
516 405
516 430
516 827
516 958
516 971
516 984
517 81
517 652
517 729
517 786
517 890
517 983
518 497
518 764
518 905
518 945
518 953
518 961
519 247
519 251
519 715
519 844
519 942
519 960
520 301
520 542
520 598
520 929
520 948
520 995
521 549
521 666
521 681
521 741
521 890
521 916
522 286
522 288
522 297
522 823
522 833
522 957
523 750
523 848
523 939
523 945
523 953
523 961
524 152
524 327
524 873
524 890
524 916
524 966
524 979
525 630
525 704
525 824
525 876
525 948
525 952
525 995
526 569
526 637
526 745
526 785
526 932
526 976
526 988
527 759
527 808
527 871
527 915
527 954
527 967
527 968
528 545
528 907
528 956
528 966
528 988
528 991
528 997
529 454
529 845
529 873
529 949
529 952
529 990
529 995
530 186
530 374
530 572
530 646
530 648
530 736
530 891
531 308
531 576
531 765
531 933
531 936
531 964
531 974
532 845
532 862
532 866
532 934
532 943
532 949
532 998
533 286
533 479
533 641
533 754
533 801
533 833
533 968
534 215
534 930
534 939
534 940
534 986
534 993
534 995
535 192
535 784
535 909
535 928
535 951
535 969
535 985
536 582
536 583
536 598
536 906
536 932
536 954
536 976
537 247
537 422
537 562
537 762
537 841
537 903
537 958
538 349
538 458
538 575
538 718
538 742
538 855
538 981
539 665
539 913
539 918
539 922
539 924
539 981
540 614
540 623
540 674
540 752
540 760
540 932
540 976
541 830
541 869
541 904
541 946
541 963
541 987
541 999
542 19
542 495
542 520
542 863
542 864
542 877
542 970
543 249
543 377
543 935
543 972
543 973
543 979
543 993
544 208
544 848
544 904
544 905
544 933
544 945
544 961
545 528
545 875
545 887
545 920
545 944
545 971
545 972
546 686
546 845
546 908
546 933
546 964
546 975
546 978
547 608
547 767
547 782
547 886
547 932
547 935
547 970
548 284
548 684
548 815
548 864
548 887
548 902
548 970
549 146
549 177
549 460
549 521
549 890
549 934
549 966
550 98
550 370
550 648
550 804
550 895
550 960
550 981
551 24
551 267
551 611
551 690
551 860
551 917
551 980
552 490
552 880
552 946
552 962
552 963
552 987
552 999
553 320
553 807
553 881
553 950
553 973
553 979
553 993
554 209
554 344
554 574
554 671
554 933
554 962
554 964
555 50
555 234
555 479
555 690
555 801
555 857
555 995
556 293
556 476
556 621
556 716
556 841
556 913
556 984
557 400
557 789
557 873
557 888
557 948
557 990
557 995
558 896
558 956
558 960
558 966
558 988
558 991
558 997
559 137
559 384
559 591
559 819
559 907
559 938
559 989
560 142
560 882
560 896
560 921
560 954
560 955
560 961
561 303
561 594
561 628
561 665
561 672
561 858
561 907
562 537
562 650
562 767
562 814
562 903
562 958
562 965
563 77
563 482
563 639
563 903
563 933
563 965
563 984
564 170
564 489
564 834
564 876
564 948
564 990
564 995
565 815
565 863
565 886
565 921
565 952
565 953
565 970
566 661
566 732
566 852
566 896
566 910
566 921
566 926
567 54
567 258
567 309
567 398
567 856
567 925
567 931
568 90
568 587
568 785
568 887
568 944
568 971
568 972
569 526
569 909
569 911
569 931
569 951
569 969
569 985
570 344
570 461
570 699
570 753
570 857
570 920
570 968
571 843
571 887
571 944
571 955
571 957
571 971
571 972
572 123
572 184
572 312
572 441
572 530
572 755
572 980
573 314
573 756
573 795
573 858
573 953
573 979
573 993
574 427
574 483
574 554
574 779
574 916
574 974
574 975
575 538
575 626
575 698
575 855
575 889
575 907
575 944
576 345
576 531
576 728
576 846
576 958
576 962
576 974
577 360
577 595
577 642
577 813
577 895
577 959
577 960
578 245
578 285
578 599
578 624
578 798
578 890
578 916
579 47
579 371
579 699
579 753
579 805
579 861
579 920
580 590
580 625
580 771
580 838
580 949
580 996
580 998
581 270
581 503
581 791
581 962
581 964
581 974
581 975
582 536
582 722
582 745
582 908
582 932
582 973
582 976
583 536
583 766
583 895
583 932
583 954
583 976
583 978
584 454
584 688
584 846
584 876
584 929
584 950
584 990
584 995
585 13
585 807
585 909
585 911
585 928
585 951
585 969
585 985
586 79
586 407
586 633
586 644
586 685
586 847
586 854
586 857
587 568
587 697
587 740
587 831
587 836
587 944
587 971
587 972
588 219
588 672
588 788
588 896
588 910
588 926
588 955
588 960
589 406
589 616
589 632
589 654
589 664
589 707
589 815
589 885
590 580
590 765
590 784
590 787
590 838
590 949
590 958
590 996
591 559
591 780
591 842
591 878
591 885
591 907
591 938
591 940
592 377
592 721
592 723
592 950
592 961
592 973
592 979
592 993
593 743
593 842
593 883
593 956
593 966
593 988
593 991
593 997
594 561
594 623
594 751
594 842
594 907
594 932
594 938
594 991
595 577
595 729
595 767
595 815
595 864
595 877
595 902
595 970
596 655
596 818
596 955
596 956
596 966
596 988
596 991
596 997
597 36
597 261
597 327
597 599
597 695
597 916
597 952
597 997
598 391
598 520
598 536
598 716
598 873
598 893
598 990
598 995
599 152
599 218
599 469
599 578
599 597
599 854
599 890
599 916
600 778
600 869
600 946
600 947
600 963
600 971
600 987
600 999
601 40
601 148
601 195
601 315
601 633
601 844
601 854
601 892
602 833
602 880
602 910
602 946
602 947
602 963
602 987
602 999
603 329
603 638
603 709
603 767
603 809
603 931
603 983
603 996
604 445
604 830
604 862
604 871
604 915
604 957
604 967
604 968
605 880
605 903
605 946
605 947
605 963
605 987
605 988
605 999
606 510
606 778
606 849
606 870
606 909
606 942
606 959
606 981
607 343
607 692
607 743
607 764
607 927
607 941
607 983
607 988
608 483
608 547
608 726
608 815
608 863
608 902
608 944
608 993
609 733
609 824
609 851
609 934
609 949
609 954
609 996
609 999
610 339
610 427
610 449
610 618
610 648
610 807
610 891
610 989
611 256
611 551
611 727
611 860
611 906
611 914
611 917
611 994
612 148
612 361
612 425
612 444
612 475
612 717
612 847
612 868
613 418
613 786
613 835
613 919
613 931
613 941
613 983
613 993
614 356
614 540
614 785
614 849
614 954
614 976
614 991
614 992
615 486
615 829
615 856
615 935
615 950
615 973
615 979
615 993
616 3
616 589
616 660
616 739
616 896
616 921
616 936
616 955
617 404
617 790
617 803
617 877
617 913
617 918
617 922
617 924
618 292
618 312
618 488
618 610
618 648
618 807
618 942
618 980
619 426
619 682
619 845
619 890
619 929
619 948
619 952
619 995
620 771
620 835
620 843
620 887
620 944
620 971
620 972
620 985
621 252
621 556
621 777
621 879
621 903
621 958
621 965
621 984
622 54
622 116
622 309
622 662
622 770
622 856
622 897
622 925
623 122
623 306
623 332
623 540
623 594
623 842
623 938
623 998
624 294
624 460
624 578
624 681
624 890
624 916
624 923
624 980
625 374
625 580
625 632
625 647
625 689
625 697
625 885
625 954
626 312
626 485
626 489
626 575
626 731
626 855
626 889
626 929
627 286
627 641
627 720
627 801
627 823
627 833
627 857
627 976
628 351
628 504
628 561
628 878
628 907
628 938
628 987
628 994
629 20
629 758
629 766
629 905
629 927
629 954
629 962
629 976
630 17
630 151
630 525
630 760
630 870
630 942
630 959
630 960
630 981
631 331
631 680
631 775
631 779
631 812
631 885
631 942
631 962
631 974
632 362
632 431
632 589
632 625
632 654
632 664
632 697
632 707
632 950
633 315
633 456
633 459
633 586
633 601
633 717
633 757
633 847
633 963
634 194
634 649
634 752
634 761
634 814
634 870
634 937
634 939
634 986
635 368
635 759
635 843
635 871
635 899
635 915
635 957
635 967
635 968
636 738
636 788
636 882
636 914
636 921
636 926
636 955
636 974
636 976
637 526
637 806
637 946
637 947
637 953
637 963
637 984
637 987
637 999
638 51
638 603
638 764
638 809
638 819
638 863
638 898
638 941
638 969
639 16
639 563
639 650
639 879
639 903
639 917
639 958
639 965
639 984
640 150
640 646
640 786
640 791
640 809
640 875
640 898
640 931
640 983
641 167
641 271
641 386
641 443
641 533
641 627
641 805
641 833
641 857
642 577
642 746
642 760
642 778
642 812
642 837
642 923
642 959
642 960
643 67
643 124
643 416
643 727
643 800
643 822
643 860
643 914
643 966
644 84
644 210
644 313
644 425
644 586
644 794
644 847
644 854
644 918
645 869
645 874
645 910
645 946
645 947
645 960
645 963
645 987
645 999
646 530
646 640
646 665
646 937
646 956
646 966
646 988
646 991
646 997
647 33
647 445
647 507
647 625
647 654
647 669
647 689
647 848
647 885
648 110
648 339
648 472
648 530
648 550
648 610
648 618
648 833
648 891
649 76
649 388
649 634
649 679
649 730
649 776
649 802
649 977
649 989
650 562
650 639
650 837
650 849
650 852
650 879
650 900
650 965
650 984
651 113
651 714
651 839
651 850
651 897
651 980
651 982
651 992
651 994
652 517
652 729
652 819
652 835
652 873
652 880
652 898
652 931
652 992
653 43
653 79
653 172
653 198
653 275
653 319
653 746
653 753
653 920
654 589
654 632
654 647
654 664
654 712
654 727
654 803
654 874
654 885
655 410
655 596
655 829
655 950
655 973
655 979
655 985
655 986
655 993
656 102
656 752
656 820
656 836
656 930
656 939
656 940
656 943
656 986
657 485
657 892
657 909
657 911
657 928
657 951
657 969
657 978
657 985
658 737
658 790
658 803
658 804
658 913
658 918
658 922
658 924
658 997
659 226
659 376
659 772
659 871
659 915
659 918
659 957
659 967
659 968
660 616
660 794
660 892
660 909
660 911
660 928
660 951
660 969
660 985
661 566
661 838
661 863
661 874
661 946
661 947
661 963
661 987
661 999
662 62
662 213
662 214
662 290
662 622
662 694
662 856
662 898
662 925
663 206
663 321
663 466
663 708
663 722
663 774
663 785
663 932
663 954
664 29
664 445
664 507
664 589
664 632
664 654
664 669
664 697
664 899
665 61
665 539
665 561
665 646
665 810
665 842
665 878
665 907
665 938
666 521
666 856
666 869
666 874
666 877
666 947
666 963
666 987
666 999
667 54
667 347
667 733
667 796
667 866
667 930
667 939
667 940
667 986
668 353
668 452
668 851
668 883
668 897
668 980
668 982
668 992
668 994
669 362
669 507
669 647
669 664
669 697
669 707
669 885
669 909
669 973
670 830
670 857
670 871
670 908
670 915
670 937
670 957
670 967
670 968
671 270
671 554
671 703
671 840
671 933
671 947
671 962
671 974
671 984
672 92
672 561
672 588
672 712
672 852
672 896
672 926
672 955
672 990
673 685
673 742
673 794
673 820
673 847
673 854
673 912
673 952
673 956
674 369
674 540
674 745
674 785
674 865
674 932
674 948
674 954
674 976
674 981
675 0
675 112
675 187
675 434
675 734
675 773
675 884
675 952
675 978
675 997
676 760
676 797
676 830
676 844
676 870
676 895
676 942
676 960
676 981
676 984
677 387
677 772
677 790
677 830
677 871
677 915
677 920
677 957
677 967
677 968
678 287
678 478
678 759
678 871
678 915
678 928
678 957
678 967
678 968
678 999
679 80
679 649
679 701
679 742
679 802
679 850
679 937
679 954
679 977
679 989
680 506
680 631
680 703
680 779
680 812
680 892
680 962
680 963
680 964
680 975
681 26
681 163
681 299
681 521
681 624
681 825
681 890
681 916
681 927
681 973
682 619
682 821
682 829
682 872
682 876
682 902
682 929
682 952
682 990
682 995
683 311
683 508
683 514
683 705
683 802
683 850
683 851
683 941
683 977
683 989
684 284
684 548
684 726
684 782
684 863
684 876
684 902
684 913
684 962
684 970
685 313
685 444
685 499
685 586
685 673
685 717
685 757
685 820
685 823
685 929
686 302
686 476
686 546
686 802
686 908
686 933
686 948
686 962
686 964
686 975
687 331
687 335
687 451
687 692
687 700
687 776
687 818
687 850
687 914
687 977
688 99
688 584
688 708
688 738
688 742
688 834
688 929
688 948
688 985
688 990
689 236
689 317
689 362
689 374
689 625
689 647
689 715
689 853
689 873
689 885
690 269
690 462
690 551
690 555
690 840
690 846
690 862
690 933
690 962
690 964
691 44
691 444
691 853
691 861
691 864
691 877
691 886
691 902
691 970
691 987
692 277
692 285
692 476
692 607
692 687
692 776
692 821
692 850
692 977
692 989
693 61
693 299
693 504
693 711
693 842
693 878
693 883
693 892
693 907
693 938
694 69
694 100
694 108
694 136
694 249
694 435
694 662
694 856
694 925
694 951
695 275
695 384
695 388
695 446
695 597
695 734
695 799
695 828
695 900
695 978
696 107
696 379
696 429
696 716
696 827
696 879
696 958
696 965
696 984
696 997
697 188
697 346
697 445
697 587
697 625
697 632
697 664
697 669
697 707
697 885
698 341
698 391
698 419
698 458
698 489
698 575
698 718
698 855
698 942
698 976
699 163
699 344
699 371
699 376
699 408
699 570
699 579
699 866
699 920
699 942
700 255
700 687
700 795
700 858
700 861
700 935
700 950
700 973
700 979
700 993
701 217
701 324
701 679
701 730
701 818
701 863
701 919
701 961
701 977
701 989
702 746
702 798
702 802
702 839
702 862
702 936
702 947
702 982
702 992
702 994
703 330
703 365
703 671
703 680
703 710
703 749
703 812
703 942
703 962
703 975
704 470
704 525
704 750
704 803
704 804
704 913
704 918
704 922
704 924
704 930
705 178
705 683
705 802
705 818
705 821
705 823
705 977
705 982
705 984
705 989
706 839
706 845
706 872
706 888
706 929
706 952
706 989
706 990
706 995
706 998
707 55
707 63
707 339
707 355
707 589
707 632
707 669
707 697
707 851
707 885
708 95
708 223
708 453
708 663
708 688
708 872
708 929
708 952
708 990
708 995
709 28
709 372
709 437
709 484
709 603
709 777
709 848
709 931
709 941
709 996
710 253
710 703
710 899
710 930
710 937
710 956
710 966
710 988
710 991
710 997
711 75
711 306
711 384
711 693
711 751
711 878
711 907
711 909
711 938
711 945
712 55
712 236
712 317
712 374
712 445
712 449
712 654
712 672
712 885
712 907
713 109
713 795
713 811
713 878
713 881
713 935
713 950
713 973
713 979
713 993
714 378
714 651
714 860
714 923
714 927
714 936
714 981
714 982
714 992
714 994
715 155
715 519
715 689
715 762
715 778
715 813
715 845
715 923
715 942
715 981
716 556
716 598
716 696
716 841
716 849
716 897
716 915
716 958
716 965
716 984
717 18
717 148
717 355
717 612
717 633
717 685
717 724
717 742
717 820
717 828
718 38
718 282
718 316
718 538
718 698
718 731
718 792
718 855
718 889
718 950
719 100
719 770
719 778
719 820
719 858
719 881
719 935
719 950
719 973
719 993
720 169
720 266
720 627
720 874
720 938
720 946
720 947
720 963
720 987
720 999
721 52
721 592
721 827
721 829
721 935
721 950
721 973
721 979
721 992
721 993
722 11
722 14
722 105
722 582
722 663
722 774
722 932
722 943
722 954
722 956
722 976
723 592
723 746
723 811
723 839
723 924
723 927
723 936
723 980
723 982
723 986
723 994
724 39
724 220
724 717
724 810
724 848
724 903
724 904
724 905
724 945
724 953
724 961
725 742
725 778
725 788
725 844
725 896
725 923
725 941
725 942
725 959
725 960
725 981
726 71
726 608
726 684
726 782
726 853
726 863
726 877
726 882
726 902
726 970
726 995
727 24
727 611
727 643
727 654
727 800
727 860
727 876
727 906
727 914
727 917
727 968
728 217
728 462
728 576
728 765
728 779
728 846
728 853
728 908
728 964
728 975
728 996
729 446
729 517
729 595
729 652
729 812
729 865
729 898
729 919
729 931
729 941
729 983
730 274
730 649
730 701
730 776
730 802
730 821
730 849
730 915
730 975
730 979
730 989
731 161
731 191
731 222
731 241
731 263
731 458
731 626
731 718
731 855
731 889
731 901
732 566
732 790
732 797
732 810
732 848
732 859
732 904
732 905
732 945
732 953
732 961
733 225
733 302
733 448
733 609
733 667
733 808
733 868
733 894
733 934
733 996
733 998
734 0
734 112
734 352
734 675
734 695
734 799
734 867
734 884
734 969
734 971
734 978
735 21
735 465
735 470
735 745
735 789
735 801
735 932
735 954
735 968
735 976
735 979
736 184
736 197
736 262
736 312
736 441
736 455
736 530
736 807
736 812
736 946
736 967
737 2
737 135
737 144
737 477
737 658
737 818
737 884
737 900
737 978
737 983
737 997
738 244
738 636
738 688
738 756
738 788
738 910
738 912
738 921
738 955
738 970
738 984
739 379
739 616
739 827
739 882
739 910
739 912
739 921
739 926
739 955
739 975
739 998
740 587
740 831
740 861
740 875
740 887
740 926
740 932
740 944
740 971
740 972
740 982
741 49
741 521
741 800
741 883
741 897
741 927
741 936
741 980
741 988
741 992
741 994
742 355
742 361
742 364
742 538
742 673
742 679
742 688
742 717
742 725
742 757
742 794
743 308
743 385
743 461
743 593
743 607
743 819
743 835
743 846
743 898
743 941
743 983
744 181
744 851
744 862
744 868
744 919
744 934
744 949
744 967
744 971
744 996
744 998
745 526
745 582
745 674
745 735
745 789
745 881
745 951
745 954
745 958
745 976
745 999
746 642
746 653
746 702
746 723
746 763
746 855
746 897
746 927
746 936
746 982
746 994
747 459
747 838
747 851
747 894
747 912
747 934
747 943
747 946
747 949
747 991
747 998
748 339
748 410
748 780
748 831
748 861
748 875
748 887
748 944
748 971
748 972
748 992
749 168
749 467
749 703
749 755
749 840
749 874
749 908
749 964
749 970
749 974
749 975
750 139
750 523
750 704
750 787
750 790
750 803
750 804
750 913
750 918
750 922
750 924
751 97
751 122
751 381
751 495
751 594
751 711
751 828
751 878
751 907
751 938
751 976
752 540
752 634
752 656
752 792
752 814
752 820
752 866
752 930
752 937
752 939
752 986
753 93
753 376
753 385
753 406
753 474
753 570
753 579
753 653
753 891
753 920
753 993
754 439
754 459
754 533
754 755
754 894
754 901
754 935
754 950
754 973
754 979
754 993
755 572
755 749
755 754
755 795
755 829
755 935
755 939
755 950
755 973
755 979
755 993
756 56
756 66
756 573
756 738
756 816
756 896
756 910
756 912
756 921
756 955
756 999
757 459
757 504
757 633
757 685
757 742
757 794
757 820
757 826
757 847
757 854
757 974
758 470
758 497
758 629
758 774
758 783
758 789
758 800
758 932
758 954
758 956
758 976
759 527
759 635
759 678
759 830
759 871
759 882
759 915
759 928
759 959
759 967
759 968
759 989
760 382
760 510
760 540
760 630
760 642
760 676
760 837
760 844
760 918
760 959
760 960
760 979
761 305
761 337
761 424
761 634
761 781
761 806
761 836
761 930
761 939
761 940
761 986
761 992
762 129
762 145
762 370
762 537
762 715
762 813
762 886
762 895
762 929
762 942
762 959
762 960
763 33
763 82
763 273
763 746
763 839
763 888
763 927
763 980
763 982
763 992
763 994
763 999
764 159
764 322
764 518
764 607
764 638
764 806
764 835
764 865
764 919
764 931
764 941
764 983
765 531
765 590
765 728
765 812
765 839
765 840
765 846
765 874
765 908
765 933
765 962
765 975
766 11
766 20
766 178
766 200
766 321
766 465
766 583
766 629
766 785
766 917
766 954
766 976
767 322
767 429
767 547
767 562
767 595
767 603
767 782
767 853
767 877
767 902
767 914
767 970
768 829
768 859
768 893
768 899
768 933
768 937
768 945
768 956
768 966
768 988
768 991
768 997
769 70
769 792
769 826
769 892
769 909
769 911
769 917
769 928
769 951
769 969
769 978
769 985
770 62
770 104
770 108
770 176
770 214
770 305
770 309
770 622
770 719
770 823
770 856
770 925
771 43
771 580
771 620
771 773
771 831
771 843
771 861
771 875
771 887
771 944
771 971
771 972
772 350
772 402
772 659
772 677
772 815
772 830
772 871
772 879
772 915
772 957
772 967
772 968
773 6
773 9
773 210
773 231
773 505
773 675
773 771
773 796
773 900
773 978
773 987
773 989
774 388
774 414
774 663
774 722
774 758
774 789
774 794
774 841
774 932
774 954
774 976
774 994
775 330
775 462
775 631
775 840
775 846
775 848
775 875
775 901
775 908
775 933
775 974
775 975
776 8
776 514
776 649
776 687
776 692
776 730
776 818
776 825
776 908
776 944
776 977
776 987
776 989
777 83
777 172
777 372
777 621
777 709
777 809
777 865
777 898
777 919
777 941
777 972
777 983
777 991
778 257
778 600
778 606
778 642
778 715
778 719
778 725
778 923
778 942
778 943
778 959
778 966
778 981
779 34
779 46
779 188
779 333
779 574
779 631
779 680
779 728
779 784
779 933
779 964
779 975
779 983
780 591
780 748
780 831
780 843
780 861
780 875
780 887
780 944
780 970
780 971
780 972
780 983
780 993
781 142
781 432
781 761
781 796
781 814
781 836
781 852
781 930
781 939
781 940
781 941
781 986
781 991
782 121
782 547
782 684
782 726
782 767
782 806
782 853
782 864
782 877
782 886
782 918
782 961
782 970
783 422
783 758
783 792
783 825
783 832
783 838
783 862
783 943
783 949
783 993
783 996
783 997
783 998
784 52
784 433
784 499
784 535
784 590
784 779
784 804
784 832
784 901
784 907
784 949
784 996
784 998
785 414
785 465
785 526
785 568
785 614
785 663
785 674
785 766
785 789
785 893
785 932
785 936
785 976
786 30
786 51
786 413
786 435
786 517
786 613
786 640
786 909
786 919
786 931
786 941
786 983
786 997
787 229
787 590
787 750
787 832
787 843
787 862
787 868
787 901
787 943
787 949
787 988
787 996
787 998
788 588
788 636
788 725
788 738
788 852
788 910
788 912
788 921
788 926
788 928
788 932
788 955
788 977
789 96
789 369
789 389
789 557
789 735
789 745
789 758
789 774
789 785
789 932
789 945
789 954
789 976
790 617
790 658
790 677
790 732
790 750
790 803
790 804
790 844
790 913
790 918
790 922
790 924
790 999
791 515
791 581
791 640
791 811
791 819
791 835
791 861
791 865
791 898
791 931
791 941
791 983
791 996
792 113
792 718
792 752
792 769
792 783
792 826
792 892
792 909
792 911
792 928
792 951
792 969
792 985
793 39
793 48
793 135
793 138
793 434
793 442
793 828
793 867
793 874
793 884
793 900
793 930
793 950
794 40
794 190
794 280
794 313
794 430
794 644
794 660
794 673
794 742
794 757
794 774
794 800
794 847
795 81
795 481
795 573
795 700
795 713
795 755
795 817
795 846
795 881
795 950
795 973
795 979
795 993
796 349
796 463
796 667
796 773
796 781
796 836
796 864
796 866
796 930
796 939
796 940
796 970
796 986
797 322
797 481
797 676
797 732
797 810
797 848
797 904
797 905
797 913
797 945
797 953
797 960
797 961
798 148
798 202
798 294
798 578
798 702
798 799
798 811
798 839
798 927
798 936
798 980
798 982
798 992
798 994
799 9
799 390
799 446
799 695
799 734
799 798
799 828
799 867
799 884
799 900
799 950
799 967
799 978
799 982
800 143
800 241
800 264
800 393
800 643
800 727
800 741
800 758
800 794
800 808
800 822
800 906
800 914
800 917
801 96
801 167
801 237
801 401
801 443
801 533
801 555
801 627
801 735
801 805
801 823
801 857
801 945
801 984
802 125
802 313
802 649
802 679
802 683
802 686
802 702
802 705
802 730
802 821
802 850
802 950
802 977
802 989
803 194
803 316
803 617
803 654
803 658
803 704
803 750
803 790
803 804
803 913
803 918
803 922
803 924
803 933
804 550
804 658
804 704
804 750
804 784
804 790
804 803
804 873
804 913
804 918
804 922
804 924
804 936
804 965
805 16
805 288
805 354
805 389
805 397
805 415
805 434
805 446
805 479
805 579
805 641
805 801
805 823
805 833
806 57
806 246
806 637
806 761
806 764
806 782
806 869
806 874
806 880
806 946
806 947
806 963
806 987
806 999
807 10
807 141
807 262
807 441
807 472
807 488
807 553
807 585
807 610
807 618
807 736
807 878
807 891
807 942
808 68
808 70
808 199
808 303
808 527
808 733
808 800
808 822
808 860
808 910
808 914
808 917
808 926
808 988
809 233
809 515
809 603
809 638
809 640
809 777
809 819
809 835
809 898
809 913
809 919
809 922
809 983
809 993
810 386
810 665
810 724
810 732
810 797
810 848
810 863
810 884
810 904
810 905
810 945
810 953
810 961
810 963
810 988
811 115
811 367
811 713
811 723
811 791
811 798
811 883
811 897
811 927
811 936
811 980
811 982
811 989
811 992
811 994
812 86
812 281
812 330
812 631
812 642
812 680
812 703
812 729
812 736
812 765
812 846
812 908
812 964
812 974
812 977
813 68
813 98
813 418
813 447
813 577
813 715
813 762
813 837
813 923
813 942
813 959
813 960
813 962
813 969
813 981
814 173
814 463
814 562
814 634
814 752
814 781
814 836
814 866
814 920
814 930
814 939
814 940
814 973
814 986
814 991
815 44
815 403
815 548
815 565
815 589
815 595
815 608
815 772
815 853
815 864
815 886
815 902
815 905
815 944
815 970
816 3
816 154
816 216
816 345
816 455
816 756
816 852
816 882
816 901
816 912
816 926
816 955
816 963
816 977
816 979
817 795
817 858
817 859
817 891
817 893
817 899
817 937
817 956
817 966
817 974
817 987
817 988
817 991
817 997
818 80
818 274
818 285
818 323
818 596
818 687
818 701
818 705
818 737
818 776
818 821
818 850
818 950
818 977
818 989
819 484
819 559
819 638
819 652
819 743
819 791
819 809
819 822
819 865
819 868
819 898
819 931
819 941
819 943
819 983
820 79
820 190
820 223
820 361
820 444
820 656
820 673
820 685
820 717
820 719
820 752
820 757
820 829
820 854
820 926
821 29
821 164
821 311
821 324
821 433
821 457
821 682
821 692
821 705
821 730
821 802
821 818
821 904
821 965
821 989
822 10
822 70
822 303
822 416
822 464
822 643
822 800
822 808
822 819
822 860
822 898
822 906
822 914
822 917
822 971
823 256
823 325
823 354
823 359
823 401
823 443
823 522
823 627
823 685
823 705
823 770
823 801
823 805
823 857
823 863
824 98
824 140
824 289
824 399
824 525
824 609
824 834
824 888
824 929
824 944
824 948
824 952
824 977
824 990
824 995
825 12
825 465
825 473
825 681
825 776
825 783
825 894
825 900
825 901
825 905
825 934
825 943
825 949
825 996
825 998
826 757
826 769
826 792
826 881
826 892
826 894
826 909
826 911
826 928
826 951
826 969
826 981
826 985
826 990
827 23
827 94
827 176
827 277
827 516
827 696
827 721
827 739
827 849
827 903
827 958
827 965
827 984
827 987
827 994
828 131
828 231
828 390
828 446
828 695
828 717
828 751
828 793
828 799
828 867
828 870
828 884
828 900
828 951
828 978
829 184
829 615
829 655
829 682
829 721
829 755
829 768
829 820
829 858
829 881
829 931
829 935
829 950
829 973
829 979
829 993
830 42
830 478
830 541
830 604
830 670
830 676
830 677
830 759
830 772
830 871
830 910
830 915
830 957
830 967
830 968
830 973
831 288
831 587
831 740
831 748
831 771
831 780
831 843
831 861
831 875
831 887
831 916
831 944
831 958
831 971
831 972
831 998
832 450
832 783
832 784
832 787
832 851
832 862
832 894
832 901
832 914
832 918
832 924
832 934
832 943
832 962
832 996
832 998
833 16
833 167
833 256
833 288
833 397
833 401
833 522
833 533
833 602
833 627
833 641
833 648
833 805
833 857
833 970
833 974
834 74
834 119
834 396
834 441
834 564
834 688
834 824
834 872
834 873
834 876
834 888
834 929
834 952
834 957
834 990
834 995
835 30
835 329
835 613
835 620
835 652
835 743
835 764
835 791
835 809
835 895
835 903
835 919
835 931
835 975
835 983
835 991
836 284
836 298
836 338
836 432
836 587
836 656
836 761
836 781
836 796
836 814
836 862
836 886
836 930
836 939
836 940
836 986
837 402
837 454
837 458
837 642
837 650
837 760
837 813
837 844
837 846
837 870
837 895
837 912
837 942
837 959
837 960
837 961
837 996
838 12
838 438
838 580
838 590
838 661
838 747
838 783
838 868
838 880
838 894
838 921
838 934
838 943
838 949
838 952
838 986
838 998
839 61
839 419
839 651
839 702
839 706
839 723
839 763
839 765
839 798
839 883
839 897
839 927
839 943
839 980
839 982
839 992
839 994
840 220
840 309
840 378
840 392
840 467
840 476
840 671
840 690
840 749
840 765
840 775
840 857
840 871
840 908
840 933
840 975
840 976
841 94
841 107
841 336
841 405
841 492
841 537
841 556
841 716
841 774
841 849
841 879
841 887
841 901
841 903
841 964
841 965
841 984
842 103
842 253
842 306
842 381
842 504
842 508
842 591
842 593
842 594
842 623
842 665
842 693
842 878
842 907
842 937
842 938
842 975
843 73
843 91
843 453
843 571
843 620
843 635
843 771
843 780
843 787
843 831
843 861
843 875
843 887
843 944
843 971
843 972
843 979
844 221
844 283
844 310
844 357
844 436
844 519
844 601
844 676
844 725
844 760
844 790
844 837
844 870
844 895
844 960
844 969
844 981
845 102
845 283
845 435
845 529
845 532
845 546
845 619
845 706
845 715
845 876
845 885
845 888
845 929
845 948
845 952
845 990
845 995
846 34
846 137
846 576
846 584
846 690
846 728
846 743
846 765
846 775
846 795
846 812
846 837
846 908
846 933
846 964
846 974
846 975
847 64
847 118
847 190
847 223
847 315
847 370
847 444
847 586
847 612
847 633
847 644
847 673
847 757
847 794
847 854
847 859
847 938
847 958
848 37
848 260
848 350
848 523
848 544
848 647
848 709
848 724
848 732
848 775
848 797
848 810
848 904
848 905
848 945
848 953
848 961
848 978
849 132
849 185
849 293
849 352
849 401
849 475
849 606
849 614
849 650
849 716
849 730
849 827
849 841
849 854
849 879
849 958
849 965
849 984
850 22
850 29
850 50
850 255
850 274
850 285
850 333
850 651
850 679
850 683
850 687
850 692
850 802
850 818
850 908
850 977
850 981
850 989
851 395
851 438
851 609
851 668
851 683
851 707
851 744
851 747
851 832
851 862
851 868
851 894
851 943
851 947
851 949
851 996
851 997
851 998
852 154
852 187
852 380
852 417
852 566
852 650
852 672
852 781
852 788
852 816
852 900
852 910
852 912
852 921
852 926
852 938
852 955
852 990
853 14
853 87
853 322
853 348
853 689
853 691
853 726
853 728
853 767
853 782
853 815
853 864
853 877
853 886
853 902
853 935
853 970
853 991
854 34
854 223
854 280
854 364
854 425
854 459
854 586
854 599
854 601
854 644
854 673
854 757
854 820
854 847
854 849
854 896
854 917
854 985
855 191
855 263
855 316
855 399
855 419
855 449
855 485
855 538
855 575
855 626
855 698
855 718
855 731
855 746
855 889
855 929
855 931
855 981
856 69
856 136
856 147
856 213
856 249
856 276
856 305
856 567
856 615
856 622
856 662
856 666
856 694
856 770
856 925
856 935
856 987
856 991
857 16
857 234
857 256
857 354
857 389
857 443
857 555
857 570
857 586
857 627
857 641
857 670
857 801
857 823
857 833
857 840
857 970
857 999
858 314
858 409
858 410
858 561
858 573
858 700
858 719
858 817
858 829
858 881
858 935
858 950
858 951
858 966
858 973
858 979
858 993
858 994
859 732
859 768
859 817
859 847
859 869
859 893
859 899
859 937
859 950
859 956
859 966
859 969
859 988
859 991
859 997
860 114
860 143
860 261
860 264
860 409
860 482
860 551
860 611
860 643
860 714
860 727
860 808
860 822
860 894
860 906
860 912
860 917
860 935
861 295
861 579
861 691
861 700
861 740
861 748
861 771
861 780
861 791
861 831
861 843
861 875
861 887
861 894
861 944
861 971
861 972
861 991
862 440
862 532
862 604
862 690
862 702
862 744
862 783
862 787
862 832
862 836
862 851
862 868
862 894
862 901
862 903
862 934
862 949
862 996
862 998
863 348
863 353
863 400
863 429
863 471
863 542
863 565
863 608
863 638
863 661
863 684
863 701
863 726
863 810
863 823
863 877
863 886
863 902
863 970
864 124
864 390
864 400
864 464
864 471
864 542
864 548
864 595
864 691
864 782
864 796
864 815
864 853
864 877
864 878
864 886
864 902
864 968
864 970
865 2
865 111
865 120
865 308
865 385
865 484
865 497
865 674
865 729
865 764
865 777
865 791
865 819
865 867
865 900
865 919
865 931
865 941
865 983
866 53
866 74
866 108
866 130
866 161
866 203
866 338
866 463
866 532
866 667
866 699
866 752
866 796
866 814
866 871
866 930
866 939
866 940
866 986
867 6
867 39
867 181
867 183
867 251
867 325
867 415
867 477
867 734
867 793
867 799
867 828
867 865
867 884
867 900
867 906
867 951
867 967
867 978
868 67
868 71
868 199
868 426
868 612
868 733
868 744
868 787
868 819
868 838
868 851
868 862
868 894
868 901
868 934
868 949
868 985
868 996
868 998
869 36
869 304
869 400
869 428
869 541
869 600
869 645
869 666
869 806
869 859
869 874
869 880
869 941
869 944
869 946
869 947
869 963
869 987
869 999
870 82
870 328
870 407
870 416
870 440
870 447
870 513
870 606
870 630
870 634
870 676
870 828
870 837
870 844
870 895
870 923
870 942
870 959
870 981
871 527
871 604
871 635
871 659
871 670
871 677
871 678
871 759
871 772
871 830
871 840
871 866
871 887
871 915
871 916
871 951
871 957
871 967
871 968
871 974
872 13
872 19
872 283
872 346
872 435
872 682
872 706
872 708
872 834
872 873
872 884
872 888
872 929
872 948
872 952
872 962
872 978
872 989
872 990
872 995
873 196
873 265
873 524
873 529
873 557
873 598
873 652
873 689
873 804
873 834
873 872
873 876
873 888
873 929
873 948
873 952
873 967
873 985
873 990
873 995
874 123
874 487
874 501
874 645
874 654
874 661
874 666
874 720
874 749
874 765
874 793
874 806
874 869
874 880
874 946
874 947
874 963
874 972
874 987
874 999
875 232
875 278
875 290
875 409
875 545
875 640
875 740
875 748
875 771
875 775
875 780
875 831
875 843
875 861
875 879
875 934
875 944
875 971
875 972
875 999
876 72
876 525
876 564
876 584
876 682
876 684
876 727
876 834
876 845
876 873
876 888
876 912
876 929
876 938
876 948
876 952
876 973
876 983
876 990
876 995
877 19
877 124
877 434
877 542
877 595
877 617
877 666
877 691
877 726
877 767
877 782
877 853
877 863
877 864
877 886
877 890
877 893
877 902
877 917
877 970
878 20
878 73
878 75
878 97
878 451
878 504
878 508
878 591
878 628
878 665
878 693
878 711
878 713
878 751
878 807
878 842
878 864
878 907
878 938
878 989
879 7
879 59
879 227
879 461
879 475
879 621
879 639
879 650
879 696
879 772
879 841
879 849
879 875
879 903
879 958
879 965
879 982
879 984
879 990
879 996
880 153
880 156
880 430
880 552
880 602
880 605
880 652
880 806
880 838
880 869
880 874
880 946
880 947
880 963
880 975
880 977
880 987
880 988
880 996
880 999
881 117
881 259
881 395
881 456
881 491
881 553
881 713
881 719
881 745
881 795
881 826
881 829
881 858
881 935
881 949
881 950
881 973
881 979
881 980
881 993
882 75
882 200
882 333
882 346
882 381
882 503
882 560
882 636
882 726
882 739
882 759
882 816
882 896
882 910
882 912
882 921
882 926
882 948
882 955
882 964
882 971
883 1
883 56
883 120
883 404
883 593
883 668
883 693
883 741
883 811
883 839
883 897
883 927
883 936
883 945
883 959
883 971
883 980
883 982
883 992
883 994
883 995
884 2
884 135
884 144
884 164
884 180
884 325
884 442
884 505
884 675
884 734
884 737
884 793
884 799
884 810
884 828
884 867
884 872
884 900
884 977
884 978
884 980
885 55
885 62
885 63
885 236
885 326
885 360
885 362
885 507
885 589
885 591
885 625
885 631
885 647
885 654
885 669
885 689
885 697
885 707
885 712
885 845
885 933
886 65
886 160
886 272
886 284
886 353
886 429
886 547
886 565
886 691
886 762
886 782
886 815
886 836
886 853
886 863
886 864
886 877
886 902
886 945
886 970
886 982
887 149
887 290
887 469
887 545
887 548
887 568
887 571
887 620
887 740
887 748
887 771
887 780
887 831
887 841
887 843
887 861
887 871
887 944
887 965
887 971
887 972
887 976
888 111
888 272
888 304
888 445
888 498
888 557
888 706
888 763
888 824
888 834
888 845
888 872
888 873
888 876
888 929
888 935
888 941
888 948
888 952
888 987
888 990
888 995
889 38
889 185
889 191
889 241
889 263
889 316
889 341
889 349
889 449
889 458
889 485
889 489
889 575
889 626
889 718
889 731
889 855
889 951
889 962
889 982
889 987
889 999
890 26
890 36
890 174
890 177
890 218
890 245
890 299
890 342
890 358
890 418
890 517
890 521
890 524
890 549
890 578
890 599
890 619
890 624
890 681
890 877
890 916
890 923
891 10
891 116
891 141
891 184
891 186
891 208
891 260
891 261
891 262
891 339
891 427
891 441
891 455
891 472
891 488
891 530
891 610
891 648
891 753
891 807
891 817
891 923
891 975
892 146
892 365
892 601
892 657
892 660
892 680
892 693
892 769
892 792
892 826
892 909
892 911
892 928
892 951
892 952
892 969
892 985
892 995
893 182
893 374
893 598
893 768
893 785
893 817
893 859
893 877
893 899
893 916
893 937
893 956
893 963
893 966
893 988
893 991
893 997
894 78
894 181
894 493
894 733
894 747
894 754
894 825
894 826
894 832
894 838
894 851
894 860
894 861
894 862
894 868
894 901
894 927
894 930
894 934
894 943
894 949
894 996
894 998
895 86
895 145
895 393
895 407
895 421
895 510
895 550
895 577
895 583
895 676
895 762
895 835
895 837
895 844
895 870
895 923
895 942
895 947
895 953
895 959
895 964
895 981
895 990
896 69
896 142
896 200
896 255
896 417
896 558
896 560
896 566
896 588
896 616
896 672
896 725
896 756
896 854
896 882
896 910
896 912
896 921
896 926
896 928
896 955
896 958
896 999
897 102
897 169
897 175
897 294
897 307
897 413
897 622
897 651
897 668
897 716
897 741
897 746
897 811
897 839
897 883
897 923
897 927
897 936
897 980
897 982
897 992
897 994
897 995
897 998
898 28
898 334
898 343
898 349
898 372
898 386
898 638
898 640
898 652
898 662
898 729
898 743
898 777
898 791
898 809
898 819
898 822
898 907
898 919
898 931
898 941
898 953
898 959
898 983
899 22
899 147
899 635
899 664
899 710
899 768
899 817
899 859
899 893
899 937
899 948
899 956
899 966
899 979
899 988
899 991
899 995
899 997
900 2
900 83
900 251
900 325
900 388
900 415
900 434
900 442
900 477
900 650
900 695
900 737
900 773
900 793
900 799
900 825
900 828
900 852
900 865
900 867
900 884
900 930
900 966
900 978
901 15
901 198
901 208
901 229
901 254
901 302
901 438
901 455
901 731
901 754
901 775
901 784
901 787
901 816
901 825
901 832
901 841
901 862
901 868
901 894
901 934
901 943
901 957
901 996
901 998
902 19
902 24
902 87
902 91
902 160
902 231
902 280
902 284
902 335
902 548
902 595
902 608
902 682
902 684
902 691
902 726
902 767
902 815
902 853
902 863
902 864
902 877
902 886
902 970
902 994
903 44
903 59
903 157
903 277
903 307
903 318
903 352
903 363
903 482
903 537
903 562
903 563
903 605
903 621
903 639
903 724
903 827
903 835
903 841
903 862
903 879
903 958
903 965
903 977
903 984
904 27
904 45
904 133
904 179
904 206
904 266
904 300
904 498
904 541
904 544
904 724
904 732
904 797
904 810
904 821
904 848
904 905
904 945
904 953
904 961
904 982
904 985
904 988
904 995
904 998
905 21
905 126
905 179
905 192
905 206
905 239
905 260
905 498
905 518
905 544
905 629
905 724
905 732
905 797
905 810
905 815
905 825
905 848
905 904
905 945
905 953
905 961
905 962
905 963
905 972
906 70
906 77
906 109
906 114
906 138
906 143
906 202
906 230
906 303
906 393
906 464
906 502
906 536
906 611
906 727
906 800
906 822
906 860
906 867
906 914
906 915
906 917
906 955
906 969
906 983
907 137
907 165
907 167
907 451
907 479
907 504
907 508
907 528
907 559
907 561
907 575
907 591
907 594
907 628
907 665
907 693
907 711
907 712
907 751
907 784
907 842
907 878
907 898
907 938
907 939
908 41
908 86
908 238
908 273
908 281
908 467
908 546
908 582
908 670
908 686
908 728
908 749
908 765
908 775
908 776
908 812
908 840
908 846
908 850
908 926
908 929
908 933
908 962
908 964
908 968
908 974
909 53
909 193
909 279
909 535
909 569
909 585
909 606
909 657
909 660
909 669
909 711
909 769
909 786
909 792
909 826
909 892
909 911
909 919
909 924
909 928
909 947
909 951
909 969
909 985
910 3
910 4
910 38
910 289
910 345
910 379
910 383
910 503
910 566
910 588
910 602
910 645
910 738
910 739
910 756
910 788
910 808
910 830
910 852
910 882
910 896
910 921
910 926
910 955
910 963
910 973
911 25
911 122
911 210
911 242
911 394
911 436
911 468
911 512
911 569
911 585
911 657
911 660
911 769
911 792
911 826
911 892
911 909
911 922
911 928
911 934
911 946
911 951
911 961
911 969
911 979
911 985
912 4
912 92
912 142
912 333
912 362
912 367
912 379
912 380
912 383
912 673
912 738
912 739
912 747
912 756
912 788
912 816
912 837
912 852
912 860
912 876
912 882
912 896
912 921
912 925
912 926
912 955
913 282
913 301
913 509
913 539
913 556
913 617
913 658
913 684
913 704
913 750
913 790
913 797
913 803
913 804
913 809
913 918
913 921
913 922
913 924
913 956
913 962
913 980
914 68
914 76
914 77
914 109
914 114
914 138
914 199
914 202
914 245
914 267
914 416
914 464
914 502
914 611
914 636
914 643
914 687
914 727
914 767
914 800
914 808
914 822
914 832
914 906
914 917
914 967
914 982
915 18
915 140
915 153
915 212
915 277
915 366
915 373
915 469
915 527
915 604
915 635
915 659
915 670
915 677
915 678
915 716
915 730
915 759
915 772
915 830
915 871
915 906
915 918
915 957
915 967
915 968
915 985
916 5
916 26
916 36
916 163
916 174
916 177
916 218
916 245
916 299
916 327
916 418
916 460
916 521
916 524
916 574
916 578
916 597
916 599
916 624
916 681
916 831
916 871
916 890
916 893
916 923
916 931
916 975
917 24
917 68
917 77
917 138
917 261
917 264
917 267
917 393
917 464
917 502
917 509
917 551
917 611
917 639
917 727
917 766
917 769
917 800
917 808
917 822
917 854
917 860
917 877
917 906
917 914
917 949
917 959
918 5
918 37
918 93
918 180
918 201
918 282
918 301
918 509
918 539
918 617
918 644
918 658
918 659
918 704
918 750
918 760
918 782
918 790
918 803
918 804
918 832
918 913
918 915
918 922
918 924
918 999
919 28
919 51
919 117
919 144
919 297
919 308
919 329
919 385
919 497
919 515
919 613
919 701
919 729
919 744
919 764
919 777
919 786
919 809
919 835
919 865
919 898
919 909
919 933
919 941
919 981
919 983
919 999
920 43
920 47
920 93
920 121
920 172
920 247
920 254
920 275
920 319
920 344
920 371
920 376
920 406
920 408
920 461
920 474
920 487
920 545
920 570
920 579
920 653
920 677
920 699
920 753
920 814
920 977
920 983
920 998
921 45
921 92
921 99
921 166
921 187
921 244
921 268
921 332
921 417
921 560
921 565
921 566
921 616
921 636
921 738
921 739
921 756
921 788
921 838
921 852
921 882
921 896
921 910
921 912
921 913
921 950
921 955
921 983
922 5
922 37
922 64
922 180
922 198
922 201
922 282
922 301
922 488
922 509
922 539
922 617
922 658
922 704
922 750
922 790
922 803
922 804
922 809
922 911
922 913
922 918
922 924
922 925
922 956
922 968
922 972
922 992
923 195
923 221
923 240
923 328
923 357
923 370
923 382
923 407
923 421
923 440
923 454
923 510
923 512
923 624
923 642
923 714
923 715
923 725
923 778
923 813
923 870
923 890
923 891
923 895
923 897
923 916
923 942
923 960
924 5
924 25
924 37
924 64
924 180
924 198
924 201
924 282
924 301
924 311
924 364
924 369
924 509
924 539
924 617
924 658
924 704
924 723
924 750
924 790
924 803
924 804
924 832
924 909
924 913
924 918
924 922
924 977
925 54
925 62
925 69
925 108
925 136
925 147
925 186
925 213
925 214
925 225
925 249
925 276
925 305
925 309
925 342
925 398
925 428
925 482
925 567
925 622
925 662
925 694
925 770
925 856
925 912
925 922
925 948
925 960
926 75
926 150
926 187
926 217
926 255
926 268
926 379
926 380
926 503
926 566
926 588
926 636
926 672
926 739
926 740
926 788
926 808
926 816
926 820
926 852
926 882
926 896
926 908
926 910
926 912
926 955
926 992
926 997
927 82
927 128
927 155
927 196
927 205
927 334
927 404
927 607
927 629
927 681
927 714
927 723
927 741
927 746
927 763
927 798
927 811
927 839
927 883
927 894
927 897
927 936
927 952
927 980
927 982
927 992
927 994
927 996
928 149
928 151
928 235
928 279
928 291
928 436
928 457
928 512
928 535
928 585
928 657
928 660
928 678
928 759
928 769
928 788
928 792
928 826
928 892
928 896
928 909
928 911
928 939
928 943
928 951
928 969
928 980
928 985
928 992
929 209
929 254
929 396
929 435
929 520
929 584
929 619
929 626
929 682
929 685
929 688
929 706
929 708
929 762
929 824
929 834
929 845
929 855
929 872
929 873
929 876
929 888
929 908
929 948
929 952
929 973
929 990
929 995
929 996
930 84
930 130
930 194
930 215
930 230
930 307
930 363
930 424
930 479
930 534
930 656
930 667
930 704
930 710
930 752
930 761
930 781
930 793
930 796
930 814
930 836
930 866
930 894
930 900
930 939
930 940
930 981
930 986
930 994
931 117
931 159
931 330
931 337
931 372
931 515
931 567
931 569
931 603
931 613
931 640
931 652
931 709
931 729
931 764
931 786
931 791
931 819
931 829
931 835
931 855
931 865
931 898
931 916
931 941
931 954
931 957
931 975
931 983
932 14
932 222
932 246
932 318
932 356
932 414
932 425
932 470
932 526
932 536
932 540
932 547
932 582
932 583
932 594
932 663
932 674
932 722
932 735
932 740
932 758
932 774
932 785
932 788
932 789
932 948
932 954
932 976
932 977
932 981
933 168
933 188
933 243
933 326
933 392
933 412
933 483
933 531
933 544
933 546
933 554
933 563
933 671
933 686
933 690
933 765
933 768
933 775
933 779
933 803
933 840
933 846
933 885
933 908
933 919
933 962
933 964
933 974
933 988
933 991
934 229
934 286
934 358
934 372
934 420
934 448
934 450
934 499
934 532
934 549
934 609
934 733
934 744
934 747
934 825
934 832
934 838
934 862
934 868
934 875
934 894
934 901
934 911
934 943
934 949
934 969
934 983
934 993
934 996
934 998
935 58
935 115
935 141
935 258
935 259
935 358
935 439
935 543
935 547
935 615
935 700
935 713
935 719
935 721
935 754
935 755
935 829
935 853
935 856
935 858
935 860
935 881
935 888
935 937
935 947
935 950
935 973
935 979
935 986
935 993
936 1
936 33
936 119
936 173
936 205
936 332
936 452
936 480
936 496
936 531
936 616
936 702
936 714
936 723
936 741
936 746
936 785
936 798
936 804
936 811
936 883
936 897
936 927
936 937
936 945
936 961
936 965
936 980
936 982
936 992
936 994
937 634
937 646
937 670
937 679
937 710
937 752
937 768
937 817
937 842
937 859
937 893
937 899
937 935
937 936
937 956
937 966
937 978
937 982
937 988
937 991
937 997
938 97
938 114
938 122
938 137
938 165
938 306
938 345
938 351
938 381
938 384
938 451
938 508
938 559
938 591
938 594
938 623
938 628
938 665
938 693
938 711
938 720
938 751
938 842
938 847
938 852
938 876
938 878
938 907
938 967
938 972
938 986
939 128
939 161
939 162
939 203
939 250
939 347
939 432
939 463
939 471
939 502
939 523
939 534
939 634
939 656
939 667
939 752
939 755
939 761
939 781
939 796
939 814
939 836
939 866
939 907
939 928
939 930
939 940
939 985
939 986
939 987
939 997
940 56
940 71
940 128
940 173
940 183
940 230
940 242
940 250
940 338
940 341
940 347
940 363
940 424
940 432
940 471
940 534
940 591
940 656
940 667
940 761
940 781
940 796
940 814
940 836
940 866
940 930
940 939
940 953
940 972
940 979
940 980
940 986
941 30
941 83
941 158
941 166
941 228
941 293
941 337
941 343
941 494
941 497
941 607
941 613
941 638
941 683
941 709
941 725
941 729
941 743
941 764
941 777
941 781
941 786
941 791
941 819
941 865
941 869
941 888
941 898
941 919
941 931
941 949
941 983
942 182
942 219
942 257
942 310
942 357
942 454
942 506
942 519
942 606
942 618
942 630
942 631
942 676
942 698
942 699
942 703
942 715
942 725
942 762
942 778
942 807
942 813
942 837
942 870
942 895
942 923
942 949
942 959
942 960
942 981
942 986
942 993
943 52
943 289
943 292
943 294
943 302
943 395
943 422
943 433
943 438
943 448
943 473
943 532
943 656
943 722
943 747
943 778
943 783
943 787
943 819
943 825
943 832
943 838
943 839
943 851
943 894
943 901
943 928
943 934
943 970
943 973
943 996
943 998
944 232
944 252
944 278
944 287
944 295
944 323
944 353
944 387
944 545
944 568
944 571
944 575
944 587
944 608
944 620
944 740
944 748
944 771
944 776
944 780
944 815
944 824
944 831
944 843
944 861
944 869
944 875
944 887
944 949
944 971
944 972
944 986
945 27
945 45
945 126
945 152
945 266
945 271
945 300
945 350
945 386
945 412
945 481
945 498
945 518
945 523
945 544
945 711
945 724
945 732
945 768
945 789
945 797
945 801
945 810
945 848
945 883
945 886
945 904
945 905
945 936
945 953
945 961
945 976
945 999
946 78
946 101
946 153
946 287
946 320
946 365
946 375
946 397
946 431
946 437
946 456
946 493
946 501
946 541
946 552
946 600
946 602
946 605
946 637
946 645
946 661
946 720
946 736
946 747
946 806
946 869
946 874
946 880
946 911
946 947
946 963
946 987
946 999
947 31
947 95
947 113
947 243
947 342
947 430
947 431
947 494
947 501
947 600
947 602
947 605
947 637
947 645
947 661
947 666
947 671
947 702
947 720
947 806
947 851
947 869
947 874
947 880
947 895
947 909
947 935
947 946
947 955
947 963
947 983
947 987
947 999
948 99
948 196
948 283
948 346
948 368
948 399
948 423
948 453
948 508
948 520
948 525
948 557
948 564
948 619
948 674
948 686
948 688
948 824
948 845
948 872
948 873
948 876
948 882
948 888
948 899
948 925
948 929
948 932
948 952
948 958
948 967
948 990
948 995
949 86
949 107
949 127
949 156
949 181
949 292
949 432
949 450
949 499
949 529
949 532
949 580
949 590
949 609
949 744
949 747
949 783
949 784
949 787
949 825
949 838
949 851
949 862
949 868
949 881
949 894
949 917
949 934
949 941
949 942
949 944
949 996
949 998
950 58
950 103
950 358
950 437
950 491
950 553
950 584
950 592
950 615
950 632
950 655
950 700
950 713
950 718
950 719
950 721
950 754
950 755
950 793
950 795
950 799
950 802
950 818
950 829
950 858
950 859
950 881
950 921
950 935
950 973
950 979
950 988
950 993
951 65
951 149
951 207
951 253
951 291
951 394
951 436
951 457
951 468
951 492
951 512
951 535
951 569
951 585
951 657
951 660
951 694
951 745
951 769
951 792
951 826
951 828
951 858
951 867
951 871
951 889
951 892
951 909
951 911
951 928
951 957
951 969
951 985
952 111
952 196
952 248
952 272
952 391
952 399
952 423
952 436
952 525
952 529
952 565
952 597
952 619
952 673
952 675
952 682
952 706
952 708
952 824
952 834
952 838
952 845
952 872
952 873
952 876
952 888
952 892
952 927
952 929
952 948
952 964
952 976
952 990
953 21
953 27
953 45
953 55
953 96
953 126
953 239
953 260
953 266
953 271
953 300
953 350
953 412
953 463
953 481
953 498
953 518
953 523
953 565
953 573
953 637
953 724
953 732
953 797
953 810
953 848
953 895
953 898
953 904
953 905
953 940
953 945
953 959
953 961
954 4
954 14
954 146
954 162
954 246
954 321
954 369
954 465
954 470
954 473
954 474
954 527
954 536
954 560
954 583
954 609
954 614
954 625
954 629
954 663
954 674
954 679
954 722
954 735
954 745
954 758
954 766
954 774
954 789
954 931
954 932
954 976
954 989
954 993
955 4
955 154
955 244
955 268
955 291
955 333
955 345
955 363
955 417
955 560
955 571
955 588
955 596
955 616
955 636
955 672
955 738
955 739
955 756
955 788
955 816
955 852
955 882
955 896
955 906
955 910
955 912
955 921
955 926
955 947
955 956
955 965
955 966
955 994
956 279
956 343
956 484
956 500
956 513
956 528
956 558
956 593
956 596
956 646
956 673
956 710
956 722
956 758
956 768
956 817
956 859
956 893
956 899
956 913
956 922
956 937
956 955
956 966
956 988
956 991
956 992
956 997
957 158
957 170
957 197
957 204
957 226
957 340
957 366
957 373
957 403
957 420
957 469
957 478
957 522
957 571
957 604
957 635
957 659
957 670
957 677
957 678
957 772
957 830
957 834
957 871
957 901
957 915
957 931
957 951
957 961
957 967
957 968
957 982
957 985
957 996
958 7
958 23
958 74
958 107
958 132
958 157
958 192
958 307
958 352
958 355
958 420
958 475
958 492
958 516
958 537
958 562
958 576
958 590
958 621
958 639
958 696
958 716
958 745
958 827
958 831
958 847
958 849
958 879
958 896
958 903
958 948
958 965
958 970
958 984
958 992
959 17
959 81
959 134
959 145
959 195
959 226
959 268
959 310
959 382
959 402
959 421
959 466
959 515
959 577
959 606
959 630
959 642
959 725
959 759
959 760
959 762
959 778
959 813
959 837
959 870
959 883
959 895
959 898
959 917
959 942
959 953
959 960
959 969
959 974
959 981
960 129
960 195
960 219
960 248
960 315
960 328
960 357
960 371
960 447
960 454
960 474
960 510
960 519
960 550
960 558
960 577
960 588
960 630
960 642
960 645
960 676
960 725
960 760
960 762
960 797
960 813
960 837
960 844
960 923
960 925
960 942
960 959
960 969
960 979
960 981
961 21
961 133
961 179
961 206
961 239
961 266
961 271
961 300
961 350
961 386
961 412
961 481
961 498
961 518
961 523
961 544
961 560
961 592
961 701
961 724
961 732
961 782
961 797
961 810
961 837
961 848
961 904
961 905
961 911
961 936
961 945
961 953
961 957
961 971
961 997
962 32
962 42
962 168
962 273
962 326
962 330
962 411
962 467
962 476
962 509
962 552
962 554
962 576
962 581
962 629
962 631
962 671
962 680
962 684
962 686
962 690
962 703
962 765
962 813
962 832
962 872
962 889
962 905
962 908
962 913
962 933
962 964
962 974
962 975
962 994
963 95
963 211
963 312
963 320
963 375
963 448
963 487
963 494
963 501
963 541
963 552
963 600
963 602
963 605
963 633
963 637
963 645
963 661
963 666
963 680
963 720
963 806
963 810
963 816
963 869
963 874
963 880
963 893
963 905
963 910
963 946
963 947
963 978
963 987
963 999
964 32
964 57
964 118
964 171
964 220
964 238
964 243
964 269
964 281
964 366
964 462
964 496
964 511
964 531
964 546
964 554
964 581
964 680
964 686
964 690
964 728
964 749
964 779
964 812
964 841
964 846
964 882
964 895
964 908
964 933
964 952
964 962
964 974
964 975
964 982
965 26
965 74
965 126
965 132
965 176
965 185
965 221
965 227
965 277
965 293
965 318
965 336
965 475
965 482
965 492
965 511
965 562
965 563
965 621
965 639
965 650
965 696
965 716
965 804
965 821
965 827
965 841
965 849
965 879
965 887
965 903
965 936
965 955
965 958
965 984
965 998
966 296
966 298
966 336
966 383
966 396
966 486
966 493
966 495
966 496
966 500
966 513
966 524
966 528
966 549
966 558
966 593
966 596
966 643
966 646
966 710
966 768
966 778
966 817
966 858
966 859
966 893
966 899
966 900
966 937
966 955
966 956
966 988
966 990
966 991
966 994
966 997
967 18
967 48
967 158
967 170
967 197
967 204
967 212
967 226
967 340
967 373
967 403
967 469
967 478
967 527
967 604
967 635
967 659
967 670
967 677
967 678
967 736
967 744
967 759
967 772
967 799
967 830
967 867
967 871
967 873
967 914
967 915
967 938
967 948
967 957
967 968
967 990
968 18
968 158
968 170
968 197
968 204
968 212
968 214
968 340
968 366
968 373
968 402
968 403
968 468
968 469
968 478
968 527
968 533
968 570
968 604
968 635
968 659
968 670
968 677
968 678
968 727
968 735
968 759
968 772
968 830
968 864
968 871
968 908
968 915
968 922
968 957
968 967
968 980
969 25
969 28
969 53
969 65
969 151
969 193
969 242
969 279
969 291
969 394
969 421
969 457
969 468
969 512
969 535
969 569
969 585
969 638
969 657
969 660
969 734
969 769
969 792
969 813
969 826
969 844
969 859
969 892
969 906
969 909
969 911
969 928
969 934
969 951
969 959
969 960
969 985
970 44
970 63
970 87
970 124
970 160
970 322
970 348
970 400
970 429
970 473
970 542
970 547
970 548
970 565
970 595
970 684
970 691
970 726
970 738
970 749
970 767
970 780
970 782
970 796
970 815
970 833
970 853
970 857
970 863
970 864
970 877
970 886
970 902
970 943
970 958
970 977
970 991
971 91
971 224
971 252
971 278
971 281
971 287
971 290
971 295
971 323
971 377
971 387
971 409
971 516
971 545
971 568
971 571
971 587
971 600
971 620
971 734
971 740
971 744
971 748
971 771
971 780
971 822
971 831
971 843
971 861
971 875
971 882
971 883
971 887
971 944
971 961
971 972
971 974
971 999
972 84
972 91
972 224
972 232
972 252
972 278
972 287
972 290
972 295
972 323
972 387
972 409
972 443
972 485
972 511
972 543
972 545
972 568
972 571
972 587
972 620
972 740
972 748
972 771
972 777
972 780
972 831
972 843
972 861
972 874
972 875
972 887
972 905
972 922
972 938
972 940
972 944
972 971
973 12
973 60
973 100
973 171
973 358
973 410
973 437
973 439
973 456
973 491
973 543
973 553
973 582
973 592
973 615
973 655
973 669
973 681
973 700
973 713
973 719
973 721
973 754
973 755
973 795
973 814
973 829
973 830
973 858
973 876
973 881
973 910
973 929
973 935
973 943
973 950
973 979
973 985
973 993
974 34
974 42
974 218
974 243
974 269
974 270
974 272
974 273
974 326
974 392
974 411
974 462
974 468
974 483
974 511
974 531
974 574
974 576
974 581
974 631
974 636
974 671
974 749
974 757
974 775
974 812
974 817
974 833
974 846
974 871
974 908
974 933
974 959
974 962
974 964
974 971
974 975
974 987
974 991
975 32
975 42
975 188
975 191
975 229
975 238
975 269
975 281
975 392
975 411
975 447
975 476
975 483
975 511
975 546
975 574
975 581
975 680
975 686
975 703
975 728
975 730
975 739
975 749
975 765
975 775
975 779
975 835
975 840
975 842
975 846
975 880
975 891
975 916
975 931
975 962
975 964
975 974
975 986
976 11
976 20
976 146
976 162
976 222
976 246
976 321
976 356
976 369
976 384
976 464
976 526
976 536
976 540
976 582
976 583
976 614
976 627
976 629
976 636
976 674
976 698
976 722
976 735
976 745
976 751
976 758
976 766
976 774
976 785
976 789
976 840
976 887
976 932
976 945
976 952
976 954
976 995
976 997
977 22
977 31
977 35
977 50
977 76
977 85
977 89
977 125
977 164
977 178
977 237
977 331
977 335
977 490
977 514
977 515
977 649
977 679
977 683
977 687
977 692
977 701
977 705
977 776
977 788
977 802
977 812
977 816
977 818
977 824
977 850
977 880
977 884
977 903
977 920
977 924
977 932
977 970
977 989
978 0
978 6
978 9
978 39
978 48
978 112
978 131
978 144
978 203
978 210
978 231
978 270
978 297
978 388
978 390
978 411
978 415
978 434
978 442
978 446
978 503
978 505
978 546
978 583
978 657
978 675
978 695
978 734
978 737
978 769
978 773
978 799
978 828
978 848
978 867
978 872
978 884
978 900
978 937
978 963
979 60
979 103
979 171
979 258
979 314
979 377
979 437
979 439
979 456
979 486
979 491
979 524
979 543
979 553
979 573
979 592
979 615
979 655
979 700
979 713
979 721
979 730
979 735
979 754
979 755
979 760
979 795
979 816
979 829
979 843
979 858
979 881
979 899
979 911
979 935
979 940
979 950
979 960
979 973
979 983
979 993
980 1
980 13
980 50
980 88
980 102
980 105
980 106
980 109
980 110
980 233
980 367
980 378
980 413
980 428
980 452
980 514
980 551
980 572
980 618
980 624
980 651
980 668
980 723
980 741
980 763
980 798
980 811
980 839
980 881
980 883
980 884
980 897
980 913
980 927
980 928
980 936
980 940
980 968
980 982
980 992
980 994
981 81
981 98
981 129
981 134
981 182
981 219
981 221
981 224
981 257
981 310
981 382
981 402
981 440
981 447
981 466
981 538
981 539
981 550
981 606
981 630
981 674
981 676
981 714
981 715
981 725
981 778
981 813
981 826
981 844
981 850
981 855
981 870
981 895
981 919
981 930
981 932
981 942
981 959
981 960
981 995
981 998
982 33
982 66
982 67
982 110
982 139
982 175
982 257
982 332
982 334
982 367
982 404
982 452
982 480
982 651
982 668
982 702
982 705
982 714
982 723
982 740
982 746
982 763
982 798
982 799
982 811
982 839
982 879
982 883
982 886
982 889
982 897
982 904
982 914
982 927
982 936
982 937
982 957
982 964
982 980
982 992
982 994
983 83
983 117
983 136
983 159
983 173
983 228
983 319
983 329
983 337
983 343
983 385
983 484
983 497
983 517
983 603
983 607
983 613
983 640
983 729
983 737
983 743
983 764
983 777
983 779
983 780
983 786
983 791
983 809
983 819
983 835
983 865
983 876
983 898
983 906
983 919
983 920
983 921
983 931
983 934
983 941
983 947
983 979
984 7
984 23
984 27
984 59
984 94
984 101
984 157
984 176
984 192
984 227
984 233
984 307
984 318
984 352
984 356
984 405
984 475
984 482
984 492
984 516
984 556
984 563
984 621
984 637
984 639
984 650
984 671
984 676
984 696
984 705
984 716
984 738
984 801
984 827
984 841
984 849
984 879
984 903
984 958
984 965
984 985
984 993
984 994
985 25
985 53
985 65
985 149
985 151
985 193
985 235
985 242
985 253
985 279
985 291
985 317
985 394
985 436
985 457
985 468
985 512
985 535
985 569
985 585
985 620
985 655
985 657
985 660
985 688
985 769
985 792
985 826
985 854
985 868
985 873
985 892
985 904
985 909
985 911
985 915
985 928
985 939
985 951
985 957
985 969
985 973
985 984
986 56
986 84
986 128
986 130
986 161
986 194
986 203
986 215
986 250
986 338
986 347
986 363
986 414
986 424
986 432
986 463
986 471
986 481
986 494
986 534
986 634
986 655
986 656
986 667
986 723
986 752
986 761
986 781
986 796
986 814
986 836
986 838
986 866
986 930
986 935
986 938
986 939
986 940
986 942
986 944
986 975
986 987
986 998
987 57
987 101
987 113
987 156
987 169
987 211
987 304
987 320
987 342
987 365
987 375
987 431
987 487
987 494
987 541
987 552
987 600
987 602
987 605
987 628
987 637
987 645
987 661
987 666
987 691
987 720
987 773
987 776
987 806
987 817
987 827
987 856
987 869
987 874
987 880
987 888
987 889
987 939
987 946
987 947
987 963
987 974
987 986
987 990
987 999
988 46
988 49
988 104
988 166
988 189
988 207
988 240
988 296
988 298
988 336
988 405
988 419
988 486
988 493
988 495
988 496
988 500
988 513
988 526
988 528
988 558
988 593
988 596
988 605
988 607
988 646
988 710
988 741
988 768
988 787
988 808
988 810
988 817
988 859
988 880
988 893
988 899
988 904
988 933
988 937
988 950
988 956
988 966
988 991
988 997
989 8
989 22
989 29
989 31
989 32
989 35
989 41
989 76
989 80
989 85
989 89
989 125
989 164
989 178
989 217
989 237
989 285
989 311
989 324
989 331
989 335
989 361
989 490
989 559
989 610
989 649
989 679
989 683
989 692
989 701
989 705
989 706
989 730
989 759
989 773
989 776
989 802
989 811
989 818
989 821
989 850
989 872
989 878
989 954
989 977
989 998
990 6
990 41
990 72
990 111
990 131
990 133
990 140
990 150
990 209
990 248
990 265
990 356
990 391
990 423
990 426
990 453
990 467
990 529
990 557
990 564
990 584
990 598
990 672
990 682
990 688
990 706
990 708
990 824
990 826
990 834
990 845
990 852
990 872
990 873
990 876
990 879
990 888
990 895
990 929
990 948
990 952
990 966
990 967
990 987
990 994
990 995
991 30
991 46
991 49
991 90
991 104
991 183
991 189
991 207
991 240
991 296
991 298
991 396
991 486
991 493
991 495
991 496
991 500
991 513
991 528
991 558
991 593
991 594
991 596
991 614
991 646
991 710
991 747
991 768
991 777
991 781
991 814
991 817
991 835
991 853
991 856
991 859
991 861
991 893
991 899
991 933
991 937
991 956
991 966
991 970
991 974
991 988
991 994
991 997
992 66
992 67
992 82
992 88
992 105
992 106
992 119
992 120
992 139
992 155
992 175
992 233
992 236
992 331
992 332
992 334
992 378
992 405
992 413
992 428
992 462
992 491
992 614
992 651
992 652
992 668
992 702
992 714
992 721
992 741
992 748
992 761
992 763
992 798
992 811
992 839
992 883
992 897
992 922
992 926
992 927
992 928
992 936
992 956
992 958
992 980
992 982
992 994
993 58
993 60
993 80
993 100
993 103
993 115
993 171
993 258
993 259
993 283
993 314
993 377
993 407
993 410
993 437
993 456
993 491
993 534
993 543
993 553
993 573
993 592
993 608
993 613
993 615
993 655
993 700
993 713
993 719
993 721
993 753
993 754
993 755
993 780
993 783
993 795
993 809
993 829
993 858
993 881
993 934
993 935
993 942
993 950
993 954
993 973
993 979
993 984
994 1
994 13
994 66
994 88
994 105
994 106
994 110
994 139
994 145
994 155
994 205
994 294
994 378
994 404
994 408
994 428
994 452
994 480
994 611
994 628
994 651
994 668
994 702
994 714
994 723
994 741
994 746
994 763
994 774
994 798
994 811
994 827
994 839
994 858
994 883
994 897
994 902
994 927
994 930
994 936
994 955
994 962
994 966
994 980
994 982
994 984
994 990
994 991
994 992
995 41
995 72
995 99
995 127
995 150
995 168
995 209
995 248
995 265
995 272
995 346
995 380
995 391
995 399
995 423
995 426
995 435
995 487
995 520
995 525
995 529
995 534
995 555
995 557
995 564
995 584
995 598
995 619
995 682
995 706
995 708
995 726
995 824
995 834
995 845
995 872
995 873
995 876
995 883
995 888
995 892
995 897
995 899
995 904
995 929
995 948
995 976
995 981
995 990
996 12
996 15
996 52
996 78
996 127
996 172
996 215
996 270
996 289
996 292
996 302
996 334
996 368
996 420
996 422
996 433
996 438
996 448
996 452
996 473
996 499
996 580
996 590
996 603
996 609
996 709
996 728
996 733
996 744
996 783
996 784
996 787
996 791
996 825
996 832
996 837
996 851
996 862
996 868
996 879
996 880
996 894
996 901
996 927
996 929
996 934
996 943
996 949
996 957
996 998
997 46
997 49
997 90
997 104
997 166
997 179
997 183
997 189
997 207
997 240
997 296
997 298
997 336
997 396
997 465
997 478
997 486
997 493
997 495
997 496
997 500
997 513
997 528
997 558
997 593
997 596
997 597
997 646
997 658
997 675
997 696
997 710
997 737
997 768
997 783
997 786
997 817
997 851
997 859
997 893
997 899
997 926
997 937
997 939
997 956
997 961
997 966
997 976
997 988
997 991
998 15
998 78
998 127
998 208
998 254
998 289
998 292
998 327
998 368
998 373
998 395
998 412
998 420
998 422
998 433
998 448
998 450
998 473
998 507
998 532
998 580
998 623
998 706
998 733
998 739
998 744
998 747
998 783
998 784
998 787
998 825
998 831
998 832
998 838
998 851
998 862
998 868
998 894
998 897
998 901
998 904
998 920
998 934
998 943
998 949
998 965
998 981
998 986
998 989
998 996
999 57
999 95
999 101
999 121
999 153
999 156
999 169
999 211
999 304
999 320
999 342
999 365
999 375
999 430
999 431
999 487
999 494
999 501
999 541
999 552
999 600
999 602
999 605
999 609
999 637
999 645
999 661
999 666
999 678
999 720
999 745
999 756
999 763
999 790
999 806
999 857
999 869
999 874
999 875
999 880
999 889
999 896
999 918
999 919
999 945
999 946
999 947
999 963
999 971
999 987
