0 13
0 584
0 865
0 990
1 861
1 934
1 954
1 994
2 393
2 806
2 899
2 923
3 560
3 713
3 756
3 987
4 634
4 867
4 970
4 991
5 687
5 782
5 818
5 887
6 324
6 727
6 738
6 899
7 466
7 473
7 497
7 961
8 594
8 773
8 958
8 965
9 564
9 894
9 935
9 984
10 568
10 803
10 930
10 936
11 483
11 551
11 593
11 942
12 72
12 82
12 638
12 965
13 0
13 332
13 942
13 943
14 603
14 756
14 820
14 834
15 471
15 683
15 860
15 882
16 298
16 734
16 877
16 956
17 125
17 288
17 654
17 856
18 96
18 203
18 219
18 860
19 261
19 403
19 665
19 909
20 373
20 734
20 739
20 847
21 566
21 858
21 939
21 981
22 162
22 363
22 870
22 988
23 551
23 625
23 677
23 983
24 484
24 830
24 904
24 986
25 424
25 547
25 558
25 690
26 308
26 658
26 927
26 944
27 242
27 363
27 395
27 987
28 256
28 260
28 797
28 931
29 327
29 623
29 759
29 910
30 111
30 268
30 586
30 957
31 388
31 913
31 927
31 958
32 209
32 727
32 870
32 983
33 275
33 395
33 817
33 970
34 724
34 888
34 974
34 997
35 399
35 593
35 671
35 832
36 328
36 597
36 772
36 837
37 86
37 411
37 837
37 978
38 543
38 815
38 976
38 977
39 546
39 624
39 727
39 880
40 512
40 644
40 974
40 975
41 769
41 968
41 974
41 992
42 391
42 499
42 903
42 974
43 806
43 828
43 953
43 978
44 166
44 293
44 576
44 921
45 395
45 562
45 869
45 955
46 652
46 753
46 806
46 991
47 377
47 631
47 780
47 980
48 682
48 706
48 968
48 984
49 497
49 718
49 721
49 995
50 115
50 200
50 681
50 964
51 772
51 949
51 968
51 987
52 673
52 883
52 894
52 977
53 588
53 903
53 926
53 995
54 90
54 919
54 928
54 975
55 538
55 856
55 961
55 980
56 253
56 764
56 809
56 859
57 443
57 743
57 958
57 962
58 479
58 487
58 916
58 957
59 421
59 769
59 902
59 974
60 452
60 483
60 908
60 960
61 390
61 758
61 836
61 987
62 148
62 902
62 939
62 986
63 628
63 762
63 950
63 990
64 653
64 920
64 926
64 999
65 877
65 907
65 979
65 994
66 360
66 784
66 903
66 975
67 723
67 751
67 821
67 835
68 115
68 300
68 952
68 966
69 791
69 868
69 887
69 966
70 551
70 910
70 983
70 991
71 573
71 823
71 916
71 964
72 12
72 767
72 889
72 953
73 545
73 796
73 993
73 995
74 95
74 932
74 934
74 988
75 205
75 773
75 899
75 931
76 362
76 654
76 674
76 889
77 871
77 880
77 905
77 961
78 488
78 805
78 947
78 955
79 84
79 156
79 898
79 952
80 370
80 959
80 982
80 986
81 713
81 794
81 897
81 899
82 12
82 721
82 723
82 870
83 863
83 888
83 912
83 970
84 79
84 275
84 581
84 675
85 346
85 875
85 935
85 947
86 37
86 264
86 853
86 995
87 254
87 385
87 776
87 918
88 345
88 593
88 954
88 974
89 698
89 833
89 911
89 935
90 54
90 827
90 877
90 937
91 701
91 786
91 976
91 980
92 149
92 377
92 891
92 991
93 766
93 875
93 876
93 886
94 612
94 737
94 970
94 996
95 74
95 342
95 363
95 945
96 18
96 353
96 846
96 856
97 172
97 328
97 721
97 958
98 841
98 918
98 944
98 985
99 161
99 726
99 935
99 946
100 692
100 709
100 818
100 917
101 210
101 257
101 596
101 611
102 773
102 835
102 844
102 955
103 354
103 783
103 939
103 944
104 452
104 753
104 931
104 994
105 412
105 704
105 864
105 967
106 229
106 565
106 676
106 963
107 122
107 585
107 886
107 980
108 175
108 371
108 387
108 924
109 159
109 820
109 875
109 927
110 691
110 838
110 864
110 979
111 30
111 717
111 918
111 993
112 339
112 424
112 738
112 952
113 183
113 403
113 442
113 961
114 227
114 322
114 661
114 941
115 50
115 68
115 843
115 898
116 357
116 508
116 808
116 951
117 925
117 950
117 960
117 964
118 167
118 244
118 618
118 887
119 427
119 445
119 611
119 999
120 157
120 882
120 933
120 985
121 246
121 254
121 316
121 810
122 107
122 557
122 768
122 822
123 268
123 547
123 716
123 904
124 154
124 833
124 885
124 918
125 17
125 480
125 954
125 985
126 140
126 595
126 635
126 934
127 404
127 821
127 912
127 935
128 179
128 592
128 715
128 981
129 579
129 745
129 783
129 968
130 233
130 601
130 691
130 741
131 214
131 717
131 891
131 913
132 397
132 492
132 938
132 961
133 644
133 808
133 981
133 986
134 484
134 864
134 918
134 923
135 782
135 825
135 878
135 944
136 537
136 815
136 837
136 989
137 556
137 794
137 918
137 947
138 505
138 828
138 863
138 976
139 240
139 701
139 773
139 878
140 126
140 364
140 925
140 977
141 835
141 859
141 860
141 980
142 332
142 572
142 907
142 937
143 222
143 896
143 953
143 976
144 188
144 650
144 713
144 909
145 282
145 559
145 633
145 949
146 545
146 636
146 662
146 988
147 406
147 525
147 845
147 945
148 62
148 784
148 922
148 981
149 92
149 319
149 945
149 997
150 391
150 625
150 761
150 952
151 496
151 903
151 966
151 974
152 525
152 564
152 896
152 988
153 312
153 919
153 969
153 989
154 124
154 976
154 985
154 992
155 380
155 530
155 801
155 802
156 79
156 668
156 853
156 987
157 120
157 872
157 966
157 982
158 164
158 889
158 903
158 975
159 109
159 259
159 753
159 990
160 355
160 784
160 914
160 968
161 99
161 658
161 942
161 985
162 22
162 657
162 675
162 995
163 295
163 453
163 769
163 901
164 158
164 861
164 912
164 936
165 539
165 870
165 929
165 993
166 44
166 828
166 939
166 984
167 118
167 256
167 318
167 893
168 617
168 680
168 706
168 967
169 216
169 569
169 855
169 895
170 217
170 281
170 399
170 666
171 417
171 473
171 830
171 978
172 97
172 533
172 700
172 917
173 522
173 540
173 651
173 984
174 253
174 541
174 957
174 962
175 108
175 332
175 642
175 714
176 791
176 801
176 885
176 998
177 439
177 795
177 819
177 937
178 771
178 856
178 988
178 997
179 128
179 324
179 802
179 877
180 493
180 885
180 943
180 967
181 413
181 502
181 766
181 896
182 542
182 829
182 929
182 977
183 113
183 785
183 975
183 980
184 309
184 545
184 747
184 950
185 541
185 771
185 866
185 965
186 454
186 895
186 941
186 951
187 433
187 900
187 944
187 954
188 144
188 636
188 750
188 950
189 344
189 718
189 805
189 994
190 265
190 453
190 454
190 923
191 439
191 828
191 842
191 867
192 420
192 467
192 675
192 865
193 454
193 628
193 839
193 927
194 212
194 695
194 712
194 821
195 231
195 492
195 785
195 983
196 566
196 844
196 892
196 967
197 286
197 815
197 958
197 966
198 335
198 947
198 968
198 992
199 394
199 861
199 936
199 976
200 50
200 928
200 946
200 967
201 606
201 744
201 878
201 974
202 302
202 529
202 677
202 976
203 18
203 844
203 898
203 924
204 557
204 710
204 950
204 979
205 75
205 650
205 793
205 884
206 630
206 824
206 888
206 916
207 790
207 877
207 944
207 982
208 538
208 683
208 946
208 998
209 32
209 220
209 961
209 995
210 101
210 659
210 934
210 961
211 784
211 835
211 863
211 892
212 194
212 632
212 777
212 933
213 678
213 811
213 822
213 949
214 131
214 217
214 805
214 961
215 423
215 903
215 910
215 956
216 169
216 333
216 485
216 489
217 170
217 214
217 744
217 796
218 495
218 663
218 733
218 816
219 18
219 745
219 913
219 988
220 209
220 833
220 890
220 928
221 360
221 850
221 934
221 939
222 143
222 409
222 648
222 981
223 641
223 775
223 833
223 874
224 732
224 882
224 899
224 965
225 747
225 748
225 807
225 896
226 602
226 655
226 826
226 961
227 114
227 333
227 580
227 628
228 229
228 449
228 792
228 905
229 106
229 228
229 638
229 944
230 276
230 376
230 831
230 855
231 195
231 495
231 842
231 934
232 264
232 486
232 662
232 946
233 130
233 563
233 913
233 939
234 707
234 825
234 948
234 962
235 685
235 687
235 832
235 917
236 277
236 762
236 881
236 965
237 596
237 629
237 911
237 938
238 321
238 562
238 871
238 946
238 993
239 367
239 579
239 661
239 826
239 828
240 139
240 503
240 560
240 577
240 603
241 339
241 618
241 748
241 867
241 956
242 27
242 712
242 779
242 858
242 904
243 281
243 331
243 547
243 586
243 762
244 118
244 255
244 569
244 652
244 879
245 682
245 923
245 961
245 977
245 990
246 121
246 733
246 889
246 910
246 999
247 401
247 650
247 720
247 884
247 912
248 856
248 911
248 972
248 973
248 995
249 562
249 803
249 807
249 850
249 945
250 259
250 869
250 900
250 963
250 969
251 273
251 821
251 845
251 923
251 963
252 617
252 618
252 683
252 986
252 989
253 56
253 174
253 866
253 923
253 990
254 87
254 121
254 340
254 915
254 969
255 244
255 396
255 487
255 716
255 844
256 28
256 167
256 469
256 542
256 936
257 101
257 686
257 848
257 871
257 977
258 365
258 578
258 648
258 662
258 986
259 159
259 250
259 535
259 946
259 957
260 28
260 836
260 916
260 922
260 926
261 19
261 819
261 927
261 945
261 981
262 352
262 402
262 776
262 932
262 945
263 728
263 791
263 827
263 835
263 993
264 86
264 232
264 534
264 575
264 988
265 190
265 730
265 893
265 927
265 995
266 470
266 820
266 838
266 853
266 991
267 587
267 807
267 828
267 912
267 930
268 30
268 123
268 312
268 696
268 999
269 412
269 477
269 588
269 642
269 993
270 654
270 739
270 980
270 989
270 996
271 653
271 735
271 749
271 781
271 864
272 374
272 503
272 814
272 960
272 981
273 251
273 455
273 614
273 886
273 914
274 427
274 586
274 736
274 782
274 989
275 33
275 84
275 538
275 620
275 668
276 230
276 487
276 647
276 952
276 995
277 236
277 692
277 915
277 985
277 997
278 727
278 781
278 842
278 976
278 987
279 481
279 774
279 825
279 944
279 983
280 627
280 755
280 912
280 920
280 967
281 170
281 243
281 575
281 797
281 890
282 145
282 580
282 817
282 833
282 981
283 292
283 809
283 875
283 968
283 969
284 311
284 601
284 628
284 836
284 911
285 540
285 744
285 858
285 918
285 960
286 197
286 665
286 721
286 962
286 971
287 819
287 901
287 945
287 953
287 983
288 17
288 388
288 886
288 975
288 996
289 443
289 770
289 777
289 888
289 995
290 407
290 572
290 644
290 678
290 914
291 505
291 729
291 801
291 842
291 901
292 283
292 436
292 630
292 783
292 982
293 44
293 399
293 835
293 942
293 969
294 346
294 940
294 949
294 977
294 997
295 163
295 519
295 630
295 730
295 877
296 455
296 914
296 938
296 971
296 996
297 485
297 703
297 797
297 918
297 986
298 16
298 679
298 726
298 953
298 961
299 574
299 865
299 911
299 948
299 997
300 68
300 595
300 754
300 914
300 953
301 312
301 404
301 590
301 625
301 924
302 202
302 604
302 703
302 870
302 914
303 337
303 667
303 909
303 980
303 998
304 475
304 588
304 832
304 856
304 996
305 534
305 701
305 725
305 846
305 998
306 505
306 853
306 883
306 892
306 957
307 439
307 688
307 926
307 982
307 991
308 26
308 479
308 842
308 884
308 978
309 184
309 398
309 465
309 921
309 992
310 734
310 849
310 916
310 924
310 971
311 284
311 345
311 351
311 846
311 945
312 153
312 268
312 301
312 891
312 979
313 494
313 568
313 924
313 941
313 942
314 488
314 574
314 742
314 975
314 992
315 316
315 818
315 865
315 880
315 966
316 121
316 315
316 500
316 708
316 903
317 434
317 784
317 801
317 814
317 900
318 167
318 815
318 855
318 868
318 921
319 149
319 648
319 838
319 849
319 870
320 908
320 914
320 918
320 934
320 990
321 238
321 847
321 951
321 970
321 973
322 114
322 760
322 860
322 929
322 969
323 553
323 566
323 893
323 924
323 998
324 6
324 179
324 400
324 889
324 919
325 596
325 606
325 680
325 755
325 957
326 457
326 608
326 732
326 793
326 951
327 29
327 794
327 827
327 893
327 977
328 36
328 97
328 773
328 859
328 962
329 692
329 947
329 970
329 985
329 996
330 375
330 613
330 734
330 827
330 875
331 243
331 417
331 426
331 765
331 960
332 13
332 142
332 175
332 388
332 979
333 216
333 227
333 851
333 981
333 982
334 492
334 510
334 777
334 827
334 960
335 198
335 905
335 925
335 967
335 988
336 722
336 794
336 885
336 966
336 984
337 303
337 475
337 705
337 780
337 844
338 389
338 712
338 885
338 901
338 932
339 112
339 241
339 349
339 546
339 940
340 254
340 610
340 829
340 878
340 940
341 734
341 842
341 852
341 914
341 983
342 95
342 468
342 925
342 926
342 999
343 671
343 702
343 838
343 973
343 992
344 189
344 345
344 775
344 845
344 907
345 88
345 311
345 344
345 395
345 863
346 85
346 294
346 853
346 920
346 994
347 469
347 544
347 612
347 727
347 841
348 621
348 673
348 688
348 806
348 939
349 339
349 414
349 703
349 767
349 998
350 415
350 827
350 874
350 940
350 967
351 311
351 446
351 672
351 898
351 986
352 262
352 798
352 820
352 912
352 933
353 96
353 697
353 745
353 942
353 961
354 103
354 550
354 726
354 778
354 983
355 160
355 461
355 834
355 846
355 924
356 432
356 770
356 960
356 980
356 998
357 116
357 676
357 694
357 891
357 939
358 637
358 649
358 770
358 945
358 982
359 699
359 763
359 894
359 921
359 978
360 66
360 221
360 710
360 872
360 961
361 406
361 569
361 651
361 874
361 937
362 76
362 513
362 766
362 878
362 933
363 22
363 27
363 95
363 752
363 921
364 140
364 365
364 477
364 743
364 990
365 258
365 364
365 811
365 948
365 973
366 616
366 849
366 863
366 899
366 978
367 239
367 771
367 904
367 907
367 994
368 372
368 664
368 731
368 867
368 986
369 633
369 709
369 848
369 905
369 979
370 80
370 400
370 939
370 985
370 992
371 108
371 797
371 876
371 889
371 981
372 368
372 561
372 569
372 735
372 954
373 20
373 834
373 945
373 967
373 971
374 272
374 574
374 592
374 730
374 898
375 330
375 633
375 779
375 954
375 970
376 230
376 632
376 840
376 858
376 954
377 47
377 92
377 540
377 851
377 997
378 463
378 837
378 868
378 896
378 986
379 607
379 654
379 788
379 847
379 991
380 155
380 430
380 662
380 847
380 857
381 785
381 891
381 954
381 959
381 972
382 432
382 493
382 878
382 918
382 991
383 504
383 527
383 691
383 794
383 980
384 468
384 609
384 868
384 884
384 979
385 87
385 756
385 835
385 933
385 974
386 607
386 634
386 760
386 917
386 991
387 108
387 688
387 850
387 880
387 995
388 31
388 288
388 332
388 468
388 886
389 338
389 509
389 725
389 877
389 995
390 61
390 522
390 874
390 879
390 958
391 42
391 150
391 402
391 601
391 685
392 449
392 485
392 821
392 962
392 974
393 2
393 732
393 817
393 903
393 986
394 199
394 670
394 793
394 850
394 888
394 973
395 27
395 33
395 45
395 345
395 903
395 929
396 255
396 535
396 756
396 861
396 982
396 988
397 132
397 664
397 843
397 913
397 979
397 988
398 309
398 586
398 693
398 909
398 981
398 996
399 35
399 170
399 293
399 617
399 802
399 836
400 324
400 370
400 673
400 873
400 898
400 913
401 247
401 736
401 766
401 907
401 988
401 996
402 262
402 391
402 758
402 780
402 873
402 874
403 19
403 113
403 790
403 816
403 959
403 993
404 127
404 301
404 443
404 599
404 752
404 897
405 634
405 709
405 869
405 917
405 945
405 982
406 147
406 361
406 575
406 616
406 617
406 794
407 290
407 433
407 447
407 612
407 797
407 966
408 476
408 646
408 787
408 987
408 989
408 996
409 222
409 593
409 712
409 796
409 893
409 969
410 421
410 550
410 606
410 809
410 862
410 911
411 37
411 837
411 852
411 888
411 894
411 998
412 105
412 269
412 754
412 852
412 955
412 989
413 181
413 415
413 706
413 866
413 902
413 921
414 349
414 578
414 852
414 854
414 929
414 957
415 350
415 413
415 865
415 924
415 955
415 973
416 513
416 518
416 548
416 612
416 650
416 940
417 171
417 331
417 638
417 663
417 730
417 991
418 480
418 591
418 800
418 807
418 949
418 952
419 444
419 589
419 762
419 774
419 921
419 989
420 192
420 584
420 825
420 849
420 943
420 998
421 59
421 410
421 665
421 820
421 885
421 911
422 499
422 605
422 690
422 701
422 759
422 962
423 215
423 463
423 799
423 887
423 964
423 997
424 25
424 112
424 622
424 714
424 744
424 970
425 785
425 798
425 822
425 886
425 925
425 959
426 331
426 494
426 726
426 780
426 896
426 918
427 119
427 274
427 525
427 769
427 835
427 906
428 698
428 818
428 867
428 868
428 901
428 928
429 485
429 829
429 951
429 956
429 983
429 987
430 380
430 441
430 633
430 902
430 911
430 993
431 438
431 680
431 706
431 779
431 878
431 900
432 356
432 382
432 623
432 930
432 957
432 992
433 187
433 407
433 759
433 838
433 844
433 998
434 317
434 627
434 788
434 883
434 920
434 982
435 476
435 492
435 556
435 745
435 901
435 960
436 292
436 591
436 802
436 928
436 959
436 981
437 579
437 603
437 689
437 808
437 854
437 984
438 431
438 509
438 577
438 708
438 891
438 921
439 177
439 191
439 307
439 693
439 695
439 814
440 518
440 789
440 887
440 908
440 935
440 986
441 430
441 499
441 518
441 776
441 931
441 997
442 113
442 682
442 777
442 882
442 982
442 985
443 57
443 289
443 404
443 699
443 757
443 915
444 419
444 450
444 664
444 761
444 850
444 917
445 119
445 644
445 729
445 737
445 805
445 924
446 351
446 454
446 644
446 825
446 913
446 951
447 407
447 546
447 619
447 680
447 870
447 987
448 843
448 869
448 935
448 962
448 984
448 998
449 228
449 392
449 463
449 615
449 869
449 973
450 444
450 624
450 702
450 713
450 862
450 969
451 853
451 876
451 877
451 909
451 934
451 948
452 60
452 104
452 776
452 839
452 956
452 985
453 163
453 190
453 455
453 803
453 867
453 892
454 186
454 190
454 193
454 446
454 493
454 994
455 273
455 296
455 453
455 892
455 926
455 956
456 559
456 876
456 896
456 972
456 975
456 997
457 326
457 740
457 775
457 808
457 897
457 989
458 680
458 827
458 941
458 964
458 969
458 980
459 542
459 572
459 718
459 794
459 806
459 948
460 622
460 900
460 939
460 955
460 978
460 993
461 355
461 632
461 760
461 833
461 926
461 949
462 568
462 608
462 621
462 684
462 963
462 997
463 378
463 423
463 449
463 482
463 659
463 967
464 677
464 711
464 722
464 864
464 928
464 997
465 309
465 599
465 806
465 892
465 905
465 998
466 7
466 548
466 642
466 718
466 887
466 976
467 192
467 779
467 940
467 953
467 977
467 988
468 342
468 384
468 388
468 615
468 699
468 997
469 256
469 347
469 764
469 904
469 956
469 989
470 266
470 579
470 734
470 873
470 912
470 964
471 15
471 586
471 697
471 947
471 966
471 993
472 678
472 713
472 818
472 948
472 955
472 987
473 7
473 171
473 577
473 916
473 917
473 934
474 601
474 656
474 681
474 718
474 908
474 914
475 304
475 337
475 732
475 771
475 933
475 995
476 408
476 435
476 620
476 796
476 812
476 959
477 269
477 364
477 815
477 827
477 941
477 969
478 722
478 907
478 908
478 913
478 950
478 999
479 58
479 308
479 703
479 737
479 874
479 965
480 125
480 418
480 666
480 668
480 748
480 980
481 279
481 695
481 833
481 845
481 879
481 897
482 463
482 782
482 893
482 958
482 982
482 994
483 11
483 60
483 788
483 810
483 940
483 970
484 24
484 134
484 606
484 827
484 835
484 882
485 216
485 297
485 392
485 429
485 607
485 990
486 232
486 489
486 634
486 648
486 754
486 801
487 58
487 255
487 276
487 633
487 908
487 922
488 78
488 314
488 528
488 804
488 873
488 988
488 994
489 216
489 486
489 662
489 817
489 929
489 959
489 993
490 680
490 685
490 711
490 796
490 945
490 947
490 966
491 538
491 816
491 839
491 906
491 954
491 989
491 996
492 132
492 195
492 334
492 435
492 837
492 962
492 970
493 180
493 382
493 454
493 572
493 896
493 932
493 971
494 313
494 426
494 574
494 722
494 759
494 848
494 956
495 218
495 231
495 834
495 932
495 975
495 994
495 999
496 151
496 558
496 665
496 848
496 909
496 936
496 989
497 7
497 49
497 517
497 627
497 673
497 922
497 944
498 548
498 735
498 877
498 906
498 929
498 934
498 958
499 42
499 422
499 441
499 700
499 751
499 764
499 771
500 316
500 587
500 649
500 825
500 839
500 859
500 993
501 509
501 625
501 720
501 814
501 878
501 973
501 990
502 181
502 508
502 514
502 684
502 932
502 973
502 993
503 240
503 272
503 759
503 932
503 940
503 948
503 973
504 383
504 548
504 745
504 899
504 901
504 948
504 980
505 138
505 291
505 306
505 713
505 720
505 792
505 835
506 874
506 879
506 910
506 916
506 929
506 980
506 994
507 609
507 643
507 831
507 904
507 949
507 950
507 982
508 116
508 502
508 587
508 850
508 928
508 958
508 965
509 389
509 438
509 501
509 904
509 938
509 977
509 990
510 334
510 644
510 722
510 788
510 890
510 964
510 985
511 698
511 756
511 808
511 832
511 854
511 978
511 991
512 40
512 675
512 749
512 822
512 857
512 921
512 993
513 362
513 416
513 759
513 864
513 894
513 962
513 995
514 502
514 670
514 730
514 735
514 743
514 803
514 930
515 783
515 811
515 830
515 897
515 908
515 946
515 984
516 780
516 875
516 922
516 948
516 963
516 994
516 999
517 497
517 635
517 741
517 854
517 940
517 979
517 984
518 416
518 440
518 441
518 721
518 871
518 996
518 999
519 295
519 614
519 672
519 677
519 917
519 952
519 994
520 553
520 589
520 786
520 844
520 858
520 885
520 992
521 544
521 578
521 629
521 669
521 912
521 917
521 939
522 173
522 390
522 609
522 687
522 785
522 929
522 934
523 740
523 787
523 834
523 851
523 882
523 911
523 927
524 587
524 655
524 674
524 727
524 846
524 901
524 999
525 147
525 152
525 427
525 621
525 848
525 925
525 995
526 610
526 640
526 688
526 897
526 917
526 928
526 980
527 383
527 561
527 724
527 842
527 893
527 991
527 997
528 488
528 692
528 767
528 833
528 856
528 906
528 969
529 202
529 576
529 801
529 830
529 853
529 972
529 986
530 155
530 559
530 570
530 643
530 772
530 916
530 986
531 550
531 705
531 801
531 823
531 867
531 925
531 963
532 668
532 712
532 869
532 871
532 875
532 916
532 998
533 172
533 729
533 847
533 935
533 970
533 984
533 989
534 264
534 305
534 625
534 722
534 784
534 946
534 955
535 259
535 396
535 769
535 850
535 928
535 960
535 992
536 765
536 798
536 810
536 826
536 933
536 978
536 982
537 136
537 575
537 618
537 688
537 802
537 969
537 979
538 55
538 208
538 275
538 491
538 891
538 905
538 936
539 165
539 540
539 666
539 748
539 761
539 867
539 878
540 173
540 285
540 377
540 539
540 857
540 901
540 984
541 174
541 185
541 546
541 847
541 854
541 912
541 977
542 182
542 256
542 459
542 659
542 686
542 948
542 998
543 38
543 546
543 712
543 772
543 942
543 969
543 971
544 347
544 521
544 596
544 756
544 770
544 904
544 983
545 73
545 146
545 184
545 809
545 923
545 959
545 979
546 39
546 339
546 447
546 541
546 543
546 640
546 789
547 25
547 123
547 243
547 778
547 818
547 830
547 969
548 416
548 466
548 498
548 504
548 668
548 840
548 961
549 650
549 700
549 870
549 896
549 947
549 991
549 992
550 354
550 410
550 531
550 872
550 877
550 926
550 952
551 11
551 23
551 70
551 604
551 741
551 888
551 932
552 605
552 648
552 672
552 788
552 831
552 905
552 923
553 323
553 520
553 589
553 788
553 865
553 885
553 995
554 560
554 592
554 841
554 890
554 899
554 914
554 960
555 634
555 704
555 774
555 825
555 852
555 969
555 986
556 137
556 435
556 854
556 861
556 965
556 995
556 996
557 122
557 204
557 695
557 715
557 891
557 977
557 992
558 25
558 496
558 590
558 616
558 859
558 919
558 978
559 145
559 456
559 530
559 670
559 690
559 707
559 940
560 3
560 240
560 554
560 746
560 902
560 903
560 909
561 372
561 527
561 706
561 789
561 857
561 972
561 976
562 45
562 238
562 249
562 564
562 783
562 957
562 969
563 233
563 831
563 850
563 956
563 968
563 996
563 997
564 9
564 152
564 562
564 729
564 803
564 958
564 979
564 992
565 106
565 707
565 872
565 896
565 910
565 937
565 944
565 996
566 21
566 196
566 323
566 820
566 906
566 908
566 973
566 998
567 707
567 859
567 861
567 878
567 901
567 906
567 916
567 995
568 10
568 313
568 462
568 588
568 882
568 953
568 979
568 995
569 169
569 244
569 361
569 372
569 643
569 667
569 813
569 815
570 530
570 574
570 663
570 703
570 869
570 873
570 925
570 969
571 762
571 791
571 802
571 815
571 854
571 869
571 941
571 968
572 142
572 290
572 459
572 493
572 821
572 906
572 964
572 975
573 71
573 720
573 723
573 732
573 750
573 834
573 869
573 957
574 299
574 314
574 374
574 494
574 570
574 596
574 857
574 933
575 264
575 281
575 406
575 537
575 836
575 903
575 926
575 967
576 44
576 529
576 718
576 865
576 875
576 895
576 943
576 984
577 240
577 438
577 473
577 602
577 766
577 778
577 938
577 956
578 258
578 414
578 521
578 673
578 812
578 819
578 829
578 984
579 129
579 239
579 437
579 470
579 708
579 891
579 919
579 945
580 227
580 282
580 588
580 880
580 925
580 945
580 975
580 994
581 84
581 675
581 775
581 778
581 934
581 937
581 956
581 961
582 820
582 849
582 863
582 876
582 889
582 915
582 988
582 989
583 730
583 790
583 848
583 887
583 930
583 947
583 992
583 993
584 0
584 420
584 739
584 795
584 817
584 846
584 933
584 941
585 107
585 719
585 802
585 903
585 920
585 951
585 963
585 998
586 30
586 243
586 274
586 398
586 471
586 844
586 947
586 949
587 267
587 500
587 508
587 524
587 723
587 787
587 827
587 977
588 53
588 269
588 304
588 568
588 580
588 753
588 758
588 995
589 419
589 520
589 553
589 626
589 771
589 952
589 972
589 983
590 301
590 558
590 632
590 767
590 810
590 839
590 931
590 963
591 418
591 436
591 827
591 876
591 900
591 907
591 969
591 973
592 128
592 374
592 554
592 741
592 742
592 873
592 922
592 984
593 11
593 35
593 88
593 409
593 795
593 883
593 897
593 942
594 8
594 661
594 684
594 861
594 892
594 906
594 971
594 992
595 126
595 300
595 777
595 851
595 928
595 936
595 964
595 966
596 101
596 237
596 325
596 544
596 574
596 683
596 746
596 994
597 36
597 602
597 627
597 673
597 713
597 808
597 949
597 997
598 613
598 681
598 852
598 886
598 895
598 938
598 954
598 996
599 404
599 465
599 664
599 740
599 741
599 754
599 831
599 933
600 604
600 813
600 853
600 916
600 956
600 985
600 986
600 995
601 130
601 284
601 391
601 474
601 617
601 667
601 970
601 978
602 226
602 577
602 597
602 810
602 837
602 870
602 947
602 999
603 14
603 240
603 437
603 821
603 831
603 883
603 908
603 972
604 302
604 551
604 600
604 662
604 703
604 739
604 897
604 899
605 422
605 552
605 813
605 865
605 869
605 875
605 951
605 976
606 201
606 325
606 410
606 484
606 701
606 923
606 947
606 963
607 379
607 386
607 485
607 680
607 689
607 743
607 888
607 937
608 326
608 462
608 614
608 775
608 789
608 857
608 913
608 992
609 384
609 507
609 522
609 790
609 828
609 916
609 941
609 989
610 340
610 526
610 691
610 791
610 878
610 904
610 965
610 990
611 101
611 119
611 658
611 681
611 958
611 968
611 985
611 988
612 94
612 347
612 407
612 416
612 833
612 911
612 984
612 993
613 330
613 598
613 795
613 872
613 898
613 970
613 989
613 999
614 273
614 519
614 608
614 694
614 860
614 938
614 987
614 997
615 449
615 468
615 750
615 840
615 883
615 942
615 979
615 996
616 366
616 406
616 558
616 800
616 804
616 819
616 822
616 882
616 948
617 168
617 252
617 399
617 406
617 601
617 731
617 813
617 987
617 998
618 118
618 241
618 252
618 537
618 661
618 827
618 888
618 983
618 986
619 447
619 662
619 780
619 793
619 912
619 916
619 960
619 971
619 977
620 275
620 476
620 698
620 708
620 718
620 776
620 836
620 887
620 986
621 348
621 462
621 525
621 779
621 822
621 835
621 862
621 872
621 960
622 424
622 460
622 637
622 724
622 944
622 952
622 956
622 973
622 997
623 29
623 432
623 629
623 801
623 812
623 959
623 979
623 985
623 987
624 39
624 450
624 668
624 837
624 854
624 917
624 927
624 948
624 997
625 23
625 150
625 301
625 501
625 534
625 840
625 898
625 942
625 985
626 589
626 687
626 747
626 838
626 876
626 880
626 958
626 965
626 991
627 280
627 434
627 497
627 597
627 864
627 920
627 962
627 972
627 999
628 63
628 193
628 227
628 284
628 656
628 687
628 801
628 838
628 994
629 237
629 521
629 623
629 684
629 706
629 786
629 969
629 972
629 978
630 206
630 292
630 295
630 701
630 724
630 821
630 883
630 923
630 934
631 47
631 823
631 904
631 931
631 953
631 958
631 971
631 987
631 989
632 212
632 376
632 461
632 590
632 779
632 845
632 901
632 943
632 978
633 145
633 369
633 375
633 430
633 487
633 635
633 725
633 944
633 998
634 4
634 386
634 405
634 486
634 555
634 721
634 734
634 934
634 951
635 126
635 517
635 633
635 722
635 768
635 784
635 906
635 979
635 996
636 146
636 188
636 798
636 924
636 957
636 969
636 974
636 981
636 992
637 358
637 622
637 719
637 761
637 891
637 903
637 970
637 987
637 988
638 12
638 229
638 417
638 798
638 804
638 845
638 848
638 871
638 901
639 658
639 777
639 807
639 908
639 909
639 932
639 961
639 991
639 993
640 526
640 546
640 865
640 901
640 906
640 980
640 984
640 992
640 994
641 223
641 650
641 709
641 754
641 761
641 800
641 806
641 888
641 990
642 175
642 269
642 466
642 774
642 897
642 924
642 967
642 990
642 992
643 507
643 530
643 569
643 800
643 851
643 854
643 870
643 876
643 908
644 40
644 133
644 290
644 445
644 446
644 510
644 866
644 889
644 988
645 674
645 800
645 940
645 942
645 954
645 965
645 982
645 986
645 988
646 408
646 657
646 691
646 724
646 802
646 879
646 899
646 900
646 927
647 276
647 692
647 720
647 738
647 782
647 821
647 857
647 902
647 913
648 222
648 258
648 319
648 486
648 552
648 700
648 957
648 968
648 972
649 358
649 500
649 832
649 844
649 867
649 878
649 925
649 984
649 993
650 144
650 205
650 247
650 416
650 549
650 641
650 853
650 985
650 998
651 173
651 361
651 711
651 750
651 832
651 845
651 988
651 991
651 992
652 46
652 244
652 678
652 767
652 868
652 879
652 889
652 951
652 957
653 64
653 271
653 711
653 795
653 803
653 863
653 910
653 924
653 949
654 17
654 76
654 270
654 379
654 735
654 783
654 847
654 902
654 983
655 226
655 524
655 714
655 888
655 902
655 915
655 933
655 937
655 980
656 474
656 628
656 752
656 812
656 882
656 955
656 972
656 993
656 998
657 162
657 646
657 809
657 859
657 862
657 916
657 935
657 955
657 976
658 26
658 161
658 611
658 639
658 699
658 724
658 733
658 959
658 995
659 210
659 463
659 542
659 753
659 763
659 849
659 924
659 962
659 985
660 729
660 849
660 858
660 877
660 962
660 971
660 986
660 988
660 998
661 114
661 239
661 594
661 618
661 833
661 864
661 880
661 974
661 975
662 146
662 232
662 258
662 380
662 489
662 604
662 619
662 782
662 866
662 980
663 218
663 417
663 570
663 738
663 760
663 949
663 954
663 977
663 984
663 991
664 368
664 397
664 444
664 599
664 711
664 753
664 796
664 880
664 920
664 962
665 19
665 286
665 421
665 496
665 711
665 724
665 775
665 904
665 916
665 994
666 170
666 480
666 539
666 766
666 799
666 803
666 809
666 846
666 873
666 933
667 303
667 569
667 601
667 719
667 728
667 742
667 796
667 910
667 936
667 964
668 156
668 275
668 480
668 532
668 548
668 624
668 793
668 840
668 893
668 994
669 521
669 783
669 871
669 889
669 892
669 896
669 921
669 940
669 955
669 997
670 394
670 514
670 559
670 783
670 824
670 892
670 908
670 970
670 980
670 994
671 35
671 343
671 720
671 748
671 895
671 910
671 959
671 971
671 983
671 995
672 351
672 519
672 552
672 822
672 933
672 938
672 977
672 980
672 988
672 994
673 52
673 348
673 400
673 497
673 578
673 597
673 848
673 855
673 858
673 929
674 76
674 524
674 645
674 773
674 789
674 828
674 851
674 875
674 944
674 978
675 84
675 162
675 192
675 512
675 581
675 699
675 799
675 938
675 954
675 987
676 106
676 357
676 687
676 699
676 722
676 903
676 924
676 942
676 986
676 992
677 23
677 202
677 464
677 519
677 711
677 731
677 830
677 855
677 916
677 929
678 213
678 290
678 472
678 652
678 704
678 840
678 878
678 894
678 968
678 983
679 298
679 768
679 801
679 830
679 877
679 891
679 905
679 937
679 990
679 999
680 168
680 325
680 431
680 447
680 458
680 490
680 607
680 697
680 768
680 963
681 50
681 474
681 598
681 611
681 903
681 921
681 925
681 950
681 968
681 977
682 48
682 245
682 442
682 755
682 764
682 832
682 870
682 895
682 934
682 950
683 15
683 208
683 252
683 596
683 714
683 775
683 797
683 838
683 893
683 996
684 462
684 502
684 594
684 629
684 746
684 871
684 893
684 950
684 973
684 981
685 235
685 391
685 490
685 751
685 875
685 887
685 898
685 959
685 973
685 974
686 257
686 542
686 750
686 870
686 881
686 917
686 931
686 951
686 970
686 987
687 5
687 235
687 522
687 626
687 628
687 676
687 890
687 909
687 947
687 948
688 307
688 348
688 387
688 526
688 537
688 707
688 728
688 805
688 951
688 999
689 437
689 607
689 757
689 884
689 907
689 936
689 953
689 959
689 988
689 996
690 25
690 422
690 559
690 725
690 811
690 882
690 956
690 973
690 989
690 999
691 110
691 130
691 383
691 610
691 646
691 894
691 930
691 954
691 957
691 965
692 100
692 277
692 329
692 528
692 647
692 810
692 918
692 976
692 979
692 997
693 398
693 439
693 794
693 815
693 849
693 931
693 933
693 945
693 976
693 981
694 357
694 614
694 724
694 732
694 755
694 801
694 825
694 896
694 909
694 972
695 194
695 439
695 481
695 557
695 767
695 807
695 906
695 937
695 947
695 974
696 268
696 709
696 752
696 762
696 790
696 829
696 854
696 886
696 889
696 972
697 353
697 471
697 680
697 698
697 709
697 763
697 944
697 965
697 982
697 990
698 89
698 428
698 511
698 620
698 697
698 700
698 777
698 886
698 896
698 913
698 962
699 359
699 443
699 468
699 658
699 675
699 676
699 722
699 771
699 818
699 983
699 991
700 172
700 499
700 549
700 648
700 698
700 755
700 791
700 866
700 949
700 991
700 995
701 91
701 139
701 305
701 422
701 606
701 630
701 731
701 775
701 940
701 981
701 986
702 343
702 450
702 845
702 859
702 863
702 887
702 943
702 949
702 978
702 995
702 998
703 297
703 302
703 349
703 479
703 570
703 604
703 743
703 871
703 927
703 932
703 952
704 105
704 555
704 678
704 751
704 781
704 824
704 852
704 911
704 913
704 919
704 993
705 337
705 531
705 725
705 741
705 743
705 838
705 863
705 925
705 935
705 967
705 997
706 48
706 168
706 413
706 431
706 561
706 629
706 756
706 892
706 941
706 965
706 983
707 234
707 559
707 565
707 567
707 688
707 778
707 842
707 844
707 860
707 884
707 910
708 316
708 438
708 579
708 620
708 823
708 832
708 845
708 918
708 930
708 963
708 981
709 100
709 369
709 405
709 641
709 696
709 697
709 767
709 787
709 793
709 945
709 984
710 204
710 360
710 824
710 848
710 881
710 894
710 913
710 923
710 928
710 963
710 965
711 464
711 490
711 651
711 653
711 664
711 665
711 677
711 753
711 921
711 972
711 987
712 194
712 242
712 338
712 409
712 532
712 543
712 821
712 934
712 960
712 966
712 974
713 3
713 81
713 144
713 450
713 472
713 505
713 597
713 767
713 837
713 949
713 962
714 175
714 424
714 655
714 683
714 859
714 871
714 939
714 960
714 968
714 974
714 975
715 128
715 557
715 819
715 850
715 855
715 917
715 937
715 954
715 969
715 970
715 988
716 123
716 255
716 729
716 851
716 855
716 901
716 962
716 972
716 978
716 980
716 994
717 111
717 131
717 735
717 760
717 818
717 866
717 915
717 926
717 947
717 970
717 982
718 49
718 189
718 459
718 466
718 474
718 576
718 620
718 840
718 854
718 897
718 986
719 585
719 637
719 667
719 754
719 882
719 916
719 921
719 928
719 939
719 986
719 987
720 247
720 501
720 505
720 573
720 647
720 671
720 752
720 807
720 896
720 920
720 996
721 49
721 82
721 97
721 286
721 518
721 634
721 859
721 951
721 968
721 989
721 998
722 336
722 464
722 478
722 494
722 510
722 534
722 635
722 676
722 699
722 861
722 940
723 67
723 82
723 573
723 587
723 830
723 872
723 951
723 965
723 966
723 972
723 997
724 34
724 527
724 622
724 630
724 646
724 658
724 665
724 694
724 744
724 761
724 925
725 305
725 389
725 633
725 690
725 705
725 876
725 892
725 900
725 901
725 941
725 961
726 99
726 298
726 354
726 426
726 736
726 803
726 823
726 861
726 899
726 967
726 996
727 6
727 32
727 39
727 278
727 347
727 524
727 915
727 925
727 933
727 965
727 971
728 263
728 667
728 688
728 804
728 849
728 871
728 936
728 941
728 978
728 979
728 992
729 291
729 445
729 533
729 564
729 660
729 716
729 812
729 844
729 899
729 946
729 976
730 265
730 295
730 374
730 417
730 514
730 583
730 786
730 792
730 814
730 952
730 997
731 368
731 617
731 677
731 701
731 850
731 905
731 906
731 931
731 952
731 966
731 984
732 224
732 326
732 393
732 475
732 573
732 694
732 792
732 793
732 920
732 944
732 980
732 999
733 218
733 246
733 658
733 804
733 859
733 875
733 895
733 918
733 942
733 948
733 970
733 982
734 16
734 20
734 310
734 330
734 341
734 470
734 634
734 831
734 879
734 926
734 940
734 985
735 271
735 372
735 498
735 514
735 654
735 717
735 838
735 879
735 896
735 928
735 939
735 957
736 274
736 401
736 726
736 742
736 768
736 817
736 826
736 828
736 930
736 968
736 977
736 997
737 94
737 445
737 479
737 834
737 881
737 894
737 940
737 984
737 985
737 989
737 991
737 997
738 6
738 112
738 647
738 663
738 804
738 895
738 932
738 934
738 939
738 949
738 967
738 987
739 20
739 270
739 584
739 604
739 854
739 869
739 929
739 939
739 956
739 962
739 976
739 996
740 457
740 523
740 599
740 810
740 834
740 847
740 859
740 873
740 919
740 934
740 941
740 944
741 130
741 517
741 551
741 592
741 599
741 705
741 899
741 904
741 910
741 969
741 971
741 973
742 314
742 592
742 667
742 736
742 782
742 823
742 837
742 931
742 938
742 964
742 988
742 991
743 57
743 364
743 514
743 607
743 703
743 705
743 849
743 922
743 932
743 958
743 974
743 998
744 201
744 217
744 285
744 424
744 724
744 785
744 800
744 920
744 937
744 950
744 985
744 993
745 129
745 219
745 353
745 435
745 504
745 768
745 872
745 881
745 893
745 900
745 966
745 987
746 560
746 596
746 684
746 749
746 769
746 846
746 857
746 881
746 900
746 921
746 937
746 991
747 184
747 225
747 626
747 768
747 841
747 848
747 857
747 860
747 953
747 980
747 983
747 996
748 225
748 241
748 480
748 539
748 671
748 796
748 808
748 824
748 897
748 909
748 959
748 962
749 271
749 512
749 746
749 773
749 797
749 842
749 865
749 899
749 926
749 952
749 962
749 969
750 188
750 573
750 615
750 651
750 686
750 804
750 841
750 860
750 881
750 915
750 955
750 974
751 67
751 499
751 685
751 704
751 761
751 816
751 818
751 837
751 913
751 943
751 945
751 951
752 363
752 404
752 656
752 696
752 720
752 789
752 807
752 869
752 915
752 919
752 933
752 959
753 46
753 104
753 159
753 588
753 659
753 664
753 711
753 770
753 882
753 890
753 936
753 945
754 300
754 412
754 486
754 599
754 641
754 719
754 851
754 916
754 938
754 962
754 982
754 990
755 280
755 325
755 682
755 694
755 700
755 773
755 822
755 824
755 840
755 847
755 888
755 940
755 946
756 3
756 14
756 385
756 396
756 511
756 544
756 706
756 759
756 875
756 907
756 918
756 971
756 992
757 443
757 689
757 845
757 890
757 912
757 914
757 929
757 958
757 959
757 972
757 980
757 981
757 994
758 61
758 402
758 588
758 802
758 840
758 845
758 860
758 865
758 926
758 927
758 979
758 987
758 992
759 29
759 422
759 433
759 494
759 503
759 513
759 756
759 811
759 821
759 856
759 911
759 931
759 976
760 322
760 386
760 461
760 663
760 717
760 766
760 806
760 822
760 873
760 905
760 936
760 963
760 979
761 150
761 444
761 539
761 637
761 641
761 724
761 751
761 771
761 819
761 893
761 914
761 933
761 943
762 63
762 236
762 243
762 419
762 571
762 696
762 781
762 847
762 862
762 983
762 992
762 997
762 999
763 359
763 659
763 697
763 770
763 776
763 808
763 812
763 957
763 959
763 981
763 985
763 993
763 994
764 56
764 469
764 499
764 682
764 808
764 831
764 860
764 883
764 885
764 905
764 922
764 953
764 969
765 331
765 536
765 789
765 865
765 872
765 929
765 953
765 968
765 970
765 981
765 992
765 996
765 997
766 93
766 181
766 362
766 401
766 577
766 666
766 760
766 876
766 894
766 947
766 971
766 981
766 987
767 72
767 349
767 528
767 590
767 652
767 695
767 709
767 713
767 876
767 890
767 940
767 955
767 956
768 122
768 635
768 679
768 680
768 736
768 745
768 747
768 807
768 812
768 829
768 955
768 974
768 981
769 41
769 59
769 163
769 427
769 535
769 746
769 936
769 942
769 952
769 969
769 974
769 989
769 998
770 289
770 356
770 358
770 544
770 753
770 763
770 809
770 853
770 884
770 936
770 954
770 976
770 994
771 178
771 185
771 367
771 475
771 499
771 589
771 699
771 761
771 810
771 901
771 960
771 967
771 978
772 36
772 51
772 530
772 543
772 818
772 845
772 852
772 920
772 925
772 928
772 958
772 971
772 991
773 8
773 75
773 102
773 139
773 328
773 674
773 749
773 755
773 858
773 901
773 911
773 951
773 987
774 279
774 419
774 555
774 642
774 782
774 832
774 922
774 923
774 939
774 971
774 979
774 980
774 983
775 223
775 344
775 457
775 581
775 608
775 665
775 683
775 701
775 812
775 813
775 905
775 941
775 965
776 87
776 262
776 441
776 452
776 620
776 763
776 787
776 791
776 812
776 867
776 917
776 939
776 988
777 212
777 289
777 334
777 442
777 595
777 639
777 698
777 873
777 910
777 920
777 931
777 942
777 955
778 354
778 547
778 577
778 581
778 707
778 825
778 862
778 878
778 897
778 923
778 937
778 940
778 997
779 242
779 375
779 431
779 467
779 621
779 632
779 793
779 829
779 867
779 881
779 926
779 982
779 996
780 47
780 337
780 402
780 426
780 516
780 619
780 828
780 841
780 879
780 902
780 945
780 989
780 993
781 271
781 278
781 704
781 762
781 849
781 870
781 893
781 930
781 933
781 955
781 972
781 980
781 982
782 5
782 135
782 274
782 482
782 647
782 662
782 742
782 774
782 836
782 846
782 963
782 964
782 995
783 103
783 129
783 292
783 515
783 562
783 654
783 669
783 670
783 835
783 845
783 872
783 890
783 935
783 947
784 66
784 148
784 160
784 211
784 317
784 534
784 635
784 854
784 887
784 915
784 938
784 947
784 964
784 990
785 183
785 195
785 381
785 425
785 522
785 744
785 788
785 820
785 882
785 891
785 893
785 966
785 989
785 991
786 91
786 520
786 629
786 730
786 825
786 846
786 848
786 888
786 900
786 943
786 944
786 947
786 964
786 973
787 408
787 523
787 587
787 709
787 776
787 806
787 836
787 864
787 868
787 929
787 956
787 958
787 965
787 971
788 379
788 434
788 483
788 510
788 552
788 553
788 785
788 804
788 806
788 818
788 913
788 920
788 958
788 975
789 440
789 546
789 561
789 608
789 674
789 752
789 765
789 810
789 889
789 892
789 917
789 939
789 962
789 995
790 207
790 403
790 583
790 609
790 696
790 835
790 887
790 937
790 938
790 939
790 949
790 956
790 972
790 975
791 69
791 176
791 263
791 571
791 610
791 700
791 776
791 862
791 911
791 923
791 931
791 933
791 944
791 991
792 228
792 505
792 730
792 732
792 819
792 883
792 889
792 898
792 906
792 913
792 923
792 941
792 955
792 981
793 205
793 326
793 394
793 619
793 668
793 709
793 732
793 779
793 800
793 879
793 914
793 944
793 953
793 999
794 81
794 137
794 327
794 336
794 383
794 406
794 459
794 693
794 826
794 859
794 913
794 926
794 976
794 978
795 177
795 584
795 593
795 613
795 653
795 814
795 824
795 872
795 881
795 891
795 957
795 964
795 979
795 996
796 73
796 217
796 409
796 476
796 490
796 664
796 667
796 748
796 806
796 862
796 922
796 937
796 960
796 970
797 28
797 281
797 297
797 371
797 407
797 683
797 749
797 799
797 904
797 917
797 922
797 972
797 986
797 990
798 352
798 425
798 536
798 636
798 638
798 829
798 843
798 849
798 853
798 915
798 929
798 942
798 990
798 998
799 423
799 666
799 675
799 797
799 808
799 814
799 823
799 868
799 886
799 924
799 939
799 946
799 953
799 991
800 418
800 616
800 641
800 643
800 645
800 744
800 793
800 888
800 922
800 926
800 944
800 951
800 956
800 959
801 155
801 176
801 291
801 317
801 486
801 529
801 531
801 623
801 628
801 679
801 694
801 959
801 977
801 994
802 155
802 179
802 399
802 436
802 537
802 571
802 585
802 646
802 758
802 823
802 885
802 886
802 902
802 981
802 985
803 10
803 249
803 453
803 514
803 564
803 653
803 666
803 726
803 894
803 902
803 918
803 920
803 936
803 956
803 987
804 488
804 616
804 638
804 728
804 733
804 738
804 750
804 788
804 814
804 840
804 912
804 939
804 958
804 966
804 970
805 78
805 189
805 214
805 445
805 688
805 857
805 893
805 900
805 957
805 960
805 963
805 976
805 986
805 988
805 998
806 2
806 43
806 46
806 348
806 459
806 465
806 641
806 760
806 787
806 788
806 796
806 833
806 888
806 915
806 951
807 225
807 249
807 267
807 418
807 639
807 695
807 720
807 752
807 768
807 843
807 866
807 892
807 968
807 972
807 992
808 116
808 133
808 437
808 457
808 511
808 597
808 748
808 763
808 764
808 799
808 823
808 846
808 871
808 899
808 973
809 56
809 283
809 410
809 545
809 657
809 666
809 770
809 830
809 889
809 907
809 935
809 950
809 961
809 972
809 998
810 121
810 483
810 536
810 590
810 602
810 692
810 740
810 771
810 789
810 894
810 906
810 955
810 965
810 981
810 985
811 213
811 365
811 515
811 690
811 759
811 859
811 868
811 880
811 921
811 929
811 930
811 957
811 958
811 983
811 999
812 476
812 578
812 623
812 656
812 729
812 763
812 768
812 775
812 776
812 880
812 881
812 910
812 935
812 966
812 981
813 569
813 600
813 605
813 617
813 775
813 847
813 861
813 875
813 879
813 895
813 908
813 912
813 936
813 948
813 959
814 272
814 317
814 439
814 501
814 730
814 795
814 799
814 804
814 829
814 847
814 859
814 905
814 927
814 942
814 966
814 979
815 38
815 136
815 197
815 318
815 477
815 569
815 571
815 693
815 817
815 824
815 862
815 870
815 889
815 902
815 943
815 968
816 218
816 403
816 491
816 751
816 865
816 884
816 903
816 911
816 919
816 927
816 944
816 959
816 968
816 978
816 979
816 998
817 33
817 282
817 393
817 489
817 584
817 736
817 815
817 866
817 897
817 906
817 912
817 917
817 927
817 955
817 967
817 985
818 5
818 100
818 315
818 428
818 472
818 547
818 699
818 717
818 751
818 772
818 788
818 870
818 880
818 892
818 933
818 981
819 177
819 261
819 287
819 578
819 616
819 715
819 761
819 792
819 843
819 851
819 863
819 867
819 891
819 926
819 971
819 986
820 14
820 109
820 266
820 352
820 421
820 566
820 582
820 785
820 869
820 890
820 915
820 929
820 931
820 946
820 967
820 986
821 67
821 127
821 194
821 251
821 392
821 572
821 603
821 630
821 647
821 712
821 759
821 890
821 932
821 961
821 962
821 965
822 122
822 213
822 425
822 512
822 616
822 621
822 672
822 755
822 760
822 856
822 933
822 972
822 973
822 986
822 991
822 994
823 71
823 531
823 631
823 708
823 726
823 742
823 799
823 802
823 808
823 905
823 931
823 932
823 958
823 964
823 977
823 984
824 206
824 670
824 704
824 710
824 748
824 755
824 795
824 815
824 852
824 872
824 922
824 953
824 961
824 984
824 990
824 997
825 135
825 234
825 279
825 420
825 446
825 500
825 555
825 694
825 778
825 786
825 848
825 903
825 950
825 971
825 986
825 991
826 226
826 239
826 536
826 736
826 794
826 881
826 890
826 913
826 918
826 931
826 949
826 958
826 964
826 973
826 981
826 998
827 90
827 263
827 327
827 330
827 334
827 350
827 458
827 477
827 484
827 587
827 591
827 618
827 891
827 948
827 970
827 998
828 43
828 138
828 166
828 191
828 239
828 267
828 609
828 674
828 736
828 780
828 869
828 900
828 928
828 957
828 960
828 981
829 182
829 340
829 429
829 578
829 696
829 768
829 779
829 798
829 814
829 890
829 894
829 945
829 946
829 953
829 961
829 986
830 24
830 171
830 515
830 529
830 547
830 677
830 679
830 723
830 809
830 876
830 915
830 919
830 920
830 964
830 972
830 977
831 230
831 507
831 552
831 563
831 599
831 603
831 734
831 764
831 834
831 880
831 946
831 953
831 968
831 981
831 989
831 993
831 994
832 35
832 235
832 304
832 511
832 649
832 651
832 682
832 708
832 774
832 932
832 952
832 953
832 955
832 966
832 982
832 993
832 995
833 89
833 124
833 220
833 223
833 282
833 461
833 481
833 528
833 612
833 661
833 806
833 843
833 931
833 973
833 979
833 980
833 992
834 14
834 355
834 373
834 495
834 523
834 573
834 737
834 740
834 831
834 871
834 878
834 885
834 897
834 930
834 956
834 959
834 964
835 67
835 102
835 141
835 211
835 263
835 293
835 385
835 427
835 484
835 505
835 621
835 783
835 790
835 837
835 916
835 949
835 988
836 61
836 260
836 284
836 399
836 575
836 620
836 782
836 787
836 840
836 853
836 872
836 892
836 953
836 972
836 981
836 985
836 989
837 36
837 37
837 136
837 378
837 411
837 492
837 602
837 624
837 713
837 742
837 751
837 835
837 840
837 897
837 960
837 964
837 990
838 110
838 266
838 319
838 343
838 433
838 626
838 628
838 683
838 705
838 735
838 864
838 886
838 928
838 932
838 962
838 974
838 975
839 193
839 452
839 491
839 500
839 590
839 858
839 887
839 898
839 937
839 940
839 941
839 965
839 972
839 984
839 992
839 994
839 995
840 376
840 548
840 615
840 625
840 668
840 678
840 718
840 755
840 758
840 804
840 836
840 837
840 857
840 924
840 933
840 958
840 987
841 98
841 347
841 554
841 747
841 750
841 780
841 898
841 907
841 915
841 937
841 947
841 952
841 962
841 965
841 972
841 989
841 995
842 191
842 231
842 278
842 291
842 308
842 341
842 527
842 707
842 749
842 906
842 910
842 928
842 941
842 959
842 964
842 976
842 977
842 978
843 115
843 397
843 448
843 798
843 807
843 819
843 833
843 887
843 892
843 895
843 898
843 909
843 916
843 927
843 947
843 971
843 994
843 999
844 102
844 196
844 203
844 255
844 337
844 433
844 520
844 586
844 649
844 707
844 729
844 873
844 952
844 953
844 958
844 974
844 976
844 981
845 147
845 251
845 344
845 481
845 632
845 638
845 651
845 702
845 708
845 757
845 758
845 772
845 783
845 849
845 852
845 897
845 913
845 982
846 96
846 305
846 311
846 355
846 524
846 584
846 666
846 746
846 782
846 786
846 808
846 876
846 892
846 906
846 909
846 937
846 973
846 992
847 20
847 321
847 379
847 380
847 533
847 541
847 654
847 740
847 755
847 762
847 813
847 814
847 894
847 907
847 966
847 973
847 976
847 988
848 257
848 369
848 494
848 496
848 525
848 583
848 638
848 673
848 710
848 747
848 786
848 825
848 858
848 939
848 956
848 972
848 981
848 982
849 310
849 319
849 366
849 420
849 582
849 659
849 660
849 693
849 728
849 743
849 781
849 798
849 845
849 881
849 919
849 930
849 946
849 964
850 221
850 249
850 387
850 394
850 444
850 508
850 535
850 563
850 715
850 731
850 887
850 928
850 941
850 953
850 970
850 975
850 977
850 991
851 333
851 377
851 523
851 595
851 643
851 674
851 716
851 754
851 819
851 859
851 876
851 891
851 938
851 954
851 968
851 972
851 981
851 983
851 987
852 341
852 411
852 412
852 414
852 555
852 598
852 704
852 772
852 824
852 845
852 862
852 865
852 875
852 931
852 952
852 958
852 976
852 980
852 984
853 86
853 156
853 266
853 306
853 346
853 451
853 529
853 600
853 650
853 770
853 798
853 836
853 875
853 884
853 894
853 919
853 936
853 972
853 977
854 414
854 437
854 511
854 517
854 541
854 556
854 571
854 624
854 643
854 696
854 718
854 739
854 784
854 894
854 923
854 943
854 944
854 961
854 999
855 169
855 230
855 318
855 673
855 677
855 715
855 716
855 871
855 930
855 935
855 949
855 950
855 971
855 978
855 983
855 984
855 988
855 997
855 999
856 17
856 55
856 96
856 178
856 248
856 304
856 528
856 759
856 822
856 878
856 911
856 926
856 948
856 955
856 968
856 976
856 978
856 979
856 982
857 380
857 512
857 540
857 561
857 574
857 608
857 647
857 746
857 747
857 805
857 840
857 858
857 866
857 929
857 930
857 937
857 946
857 986
857 987
858 21
858 242
858 285
858 376
858 520
858 660
858 673
858 773
858 839
858 848
858 857
858 920
858 967
858 969
858 971
858 975
858 983
858 996
858 998
859 56
859 141
859 328
859 500
859 558
859 567
859 657
859 702
859 714
859 721
859 733
859 740
859 794
859 811
859 814
859 851
859 862
859 952
859 965
860 15
860 18
860 141
860 322
860 614
860 707
860 747
860 750
860 758
860 764
860 881
860 915
860 946
860 976
860 985
860 991
860 997
860 998
860 999
861 1
861 164
861 199
861 396
861 556
861 567
861 594
861 722
861 726
861 813
861 882
861 892
861 906
861 924
861 925
861 960
861 962
861 967
861 993
862 410
862 450
862 621
862 657
862 762
862 778
862 791
862 796
862 815
862 852
862 859
862 896
862 898
862 921
862 947
862 957
862 970
862 971
862 985
863 83
863 138
863 211
863 345
863 366
863 582
863 653
863 702
863 705
863 819
863 881
863 896
863 917
863 921
863 949
863 963
863 977
863 984
863 996
864 105
864 110
864 134
864 271
864 464
864 513
864 627
864 661
864 787
864 838
864 871
864 883
864 889
864 902
864 922
864 949
864 957
864 959
864 990
865 0
865 192
865 299
865 315
865 415
865 553
865 576
865 605
865 640
865 749
865 758
865 765
865 816
865 852
865 867
865 883
865 917
865 919
865 962
865 995
866 185
866 253
866 413
866 644
866 662
866 700
866 717
866 807
866 817
866 857
866 881
866 908
866 934
866 959
866 963
866 976
866 979
866 986
866 988
866 991
867 4
867 191
867 241
867 368
867 428
867 453
867 531
867 539
867 649
867 776
867 779
867 819
867 865
867 923
867 932
867 938
867 963
867 971
867 982
867 997
868 69
868 318
868 378
868 384
868 428
868 652
868 787
868 799
868 811
868 869
868 888
868 913
868 921
868 940
868 942
868 952
868 961
868 973
868 980
868 987
869 45
869 250
869 405
869 448
869 449
869 532
869 570
869 571
869 573
869 605
869 739
869 752
869 820
869 828
869 868
869 901
869 912
869 946
869 972
869 998
870 22
870 32
870 82
870 165
870 302
870 319
870 447
870 549
870 602
870 643
870 682
870 686
870 781
870 815
870 818
870 874
870 885
870 935
870 976
870 988
871 77
871 238
871 257
871 518
871 532
871 638
871 669
871 684
871 703
871 714
871 728
871 808
871 834
871 855
871 864
871 911
871 930
871 938
871 989
871 999
872 157
872 360
872 550
872 565
872 613
872 621
872 723
872 745
872 765
872 783
872 795
872 824
872 836
872 880
872 895
872 946
872 969
872 978
872 987
872 993
873 400
873 402
873 470
873 488
873 570
873 592
873 666
873 740
873 760
873 777
873 844
873 899
873 902
873 951
873 955
873 963
873 969
873 983
873 984
873 993
874 223
874 350
874 361
874 390
874 402
874 479
874 506
874 870
874 885
874 896
874 905
874 919
874 949
874 956
874 969
874 974
874 977
874 983
874 990
874 993
875 85
875 93
875 109
875 283
875 330
875 516
875 532
875 576
875 605
875 674
875 685
875 733
875 756
875 813
875 852
875 853
875 909
875 942
875 962
875 970
875 996
876 93
876 371
876 451
876 456
876 582
876 591
876 626
876 643
876 725
876 766
876 767
876 830
876 846
876 851
876 886
876 895
876 930
876 931
876 971
876 984
876 990
877 16
877 65
877 90
877 179
877 207
877 295
877 389
877 451
877 498
877 550
877 660
877 679
877 880
877 897
877 930
877 945
877 960
877 970
877 990
877 996
877 999
878 135
878 139
878 201
878 340
878 362
878 382
878 431
878 501
878 539
878 567
878 610
878 649
878 678
878 778
878 834
878 856
878 912
878 919
878 932
878 975
878 996
879 244
879 390
879 481
879 506
879 646
879 652
879 734
879 735
879 780
879 793
879 813
879 896
879 927
879 937
879 953
879 957
879 967
879 976
879 982
879 989
879 993
880 39
880 77
880 315
880 387
880 580
880 626
880 661
880 664
880 811
880 812
880 818
880 831
880 872
880 877
880 901
880 907
880 930
880 965
880 984
880 995
880 998
881 236
881 686
881 710
881 737
881 745
881 746
881 750
881 779
881 795
881 812
881 826
881 849
881 860
881 863
881 866
881 893
881 918
881 935
881 948
881 973
881 979
881 998
882 15
882 120
882 224
882 442
882 484
882 523
882 568
882 616
882 656
882 690
882 719
882 753
882 785
882 861
882 924
882 941
882 968
882 975
882 986
882 988
882 995
882 997
883 52
883 306
883 434
883 593
883 603
883 615
883 630
883 764
883 792
883 864
883 865
883 891
883 907
883 919
883 934
883 945
883 948
883 974
883 977
883 982
883 987
883 995
884 205
884 247
884 308
884 384
884 689
884 707
884 770
884 816
884 853
884 900
884 902
884 932
884 934
884 937
884 950
884 956
884 970
884 972
884 974
884 982
884 984
884 989
885 124
885 176
885 180
885 336
885 338
885 421
885 520
885 553
885 764
885 802
885 834
885 870
885 874
885 890
885 892
885 909
885 938
885 945
885 963
885 967
885 981
885 991
886 93
886 107
886 273
886 288
886 388
886 425
886 598
886 696
886 698
886 799
886 802
886 838
886 876
886 912
886 930
886 946
886 948
886 961
886 963
886 974
886 978
886 979
887 5
887 69
887 118
887 423
887 440
887 466
887 583
887 620
887 685
887 702
887 784
887 790
887 839
887 843
887 850
887 905
887 916
887 943
887 948
887 979
887 996
887 997
888 34
888 83
888 206
888 289
888 394
888 411
888 551
888 607
888 618
888 641
888 655
888 755
888 786
888 800
888 806
888 868
888 902
888 923
888 927
888 933
888 944
888 978
888 989
889 72
889 76
889 158
889 246
889 324
889 371
889 582
889 644
889 652
889 669
889 696
889 789
889 792
889 809
889 815
889 864
889 897
889 934
889 960
889 982
889 988
889 994
889 996
890 220
890 281
890 510
890 554
890 687
890 753
890 757
890 767
890 783
890 820
890 821
890 826
890 829
890 885
890 891
890 903
890 908
890 921
890 929
890 959
890 960
890 975
890 994
891 92
891 131
891 312
891 357
891 381
891 438
891 538
891 557
891 579
891 637
891 679
891 785
891 795
891 819
891 827
891 851
891 883
891 890
891 905
891 911
891 918
891 977
891 978
892 196
892 211
892 306
892 453
892 455
892 465
892 594
892 669
892 670
892 706
892 725
892 789
892 807
892 818
892 836
892 843
892 846
892 861
892 885
892 927
892 946
892 991
892 992
893 167
893 265
893 323
893 327
893 409
893 482
893 527
893 668
893 683
893 684
893 745
893 761
893 781
893 785
893 805
893 881
893 912
893 926
893 952
893 974
893 987
893 990
893 994
894 9
894 52
894 359
894 411
894 513
894 678
894 691
894 710
894 737
894 766
894 803
894 810
894 829
894 847
894 853
894 854
894 898
894 919
894 924
894 937
894 943
894 946
894 964
895 169
895 186
895 576
895 598
895 671
895 682
895 733
895 738
895 813
895 843
895 872
895 876
895 903
895 915
895 916
895 923
895 935
895 938
895 952
895 970
895 985
895 993
895 994
896 143
896 152
896 181
896 225
896 378
896 426
896 456
896 493
896 549
896 565
896 669
896 694
896 698
896 720
896 735
896 862
896 863
896 874
896 879
896 936
896 939
896 966
896 986
897 81
897 404
897 457
897 481
897 515
897 526
897 593
897 604
897 642
897 718
897 748
897 778
897 817
897 834
897 837
897 845
897 877
897 889
897 911
897 942
897 945
897 978
897 993
898 79
898 115
898 203
898 351
898 374
898 400
898 613
898 625
898 685
898 792
898 839
898 841
898 843
898 862
898 894
898 914
898 915
898 935
898 961
898 968
898 973
898 993
898 999
899 2
899 6
899 75
899 81
899 224
899 366
899 504
899 554
899 604
899 646
899 726
899 729
899 741
899 749
899 808
899 873
899 932
899 949
899 963
899 967
899 976
899 977
899 990
899 993
900 187
900 250
900 317
900 431
900 460
900 591
900 646
900 725
900 745
900 746
900 786
900 805
900 828
900 884
900 924
900 931
900 946
900 962
900 968
900 969
900 972
900 979
900 980
900 983
901 163
901 287
901 291
901 338
901 428
901 435
901 504
901 524
901 540
901 567
901 632
901 638
901 640
901 716
901 725
901 771
901 773
901 869
901 880
901 919
901 929
901 968
901 985
901 999
902 59
902 62
902 413
902 430
902 560
902 647
902 654
902 655
902 780
902 802
902 803
902 815
902 864
902 873
902 884
902 888
902 906
902 950
902 963
902 974
902 982
902 984
902 995
902 998
903 42
903 53
903 66
903 151
903 158
903 215
903 316
903 393
903 395
903 560
903 575
903 585
903 637
903 676
903 681
903 816
903 825
903 890
903 895
903 924
903 936
903 963
903 973
903 991
904 24
904 123
904 242
904 367
904 469
904 507
904 509
904 544
904 610
904 631
904 665
904 741
904 797
904 909
904 916
904 930
904 941
904 943
904 955
904 964
904 972
904 975
904 979
904 987
905 77
905 228
905 335
905 369
905 465
905 538
905 552
905 679
905 731
905 760
905 764
905 775
905 814
905 823
905 874
905 887
905 891
905 917
905 942
905 960
905 965
905 970
905 975
905 978
906 427
906 491
906 498
906 528
906 566
906 567
906 572
906 594
906 635
906 640
906 695
906 731
906 792
906 810
906 817
906 842
906 846
906 861
906 902
906 917
906 965
906 977
906 986
906 996
907 65
907 142
907 344
907 367
907 401
907 478
907 591
907 689
907 756
907 809
907 841
907 847
907 880
907 883
907 919
907 931
907 935
907 936
907 941
907 954
907 964
907 965
907 994
907 997
907 999
908 60
908 320
908 440
908 474
908 478
908 487
908 515
908 566
908 603
908 639
908 643
908 670
908 813
908 866
908 890
908 920
908 947
908 954
908 960
908 975
908 987
908 988
908 989
908 996
908 997
909 19
909 144
909 303
909 398
909 451
909 496
909 560
909 639
909 687
909 694
909 748
909 843
909 846
909 875
909 885
909 904
909 916
909 927
909 928
909 946
909 950
909 951
909 963
909 973
909 978
910 29
910 70
910 215
910 246
910 506
910 565
910 653
910 667
910 671
910 707
910 741
910 777
910 812
910 842
910 932
910 949
910 960
910 964
910 968
910 992
910 993
910 994
910 995
910 997
910 999
911 89
911 237
911 248
911 284
911 299
911 410
911 421
911 430
911 523
911 612
911 704
911 759
911 773
911 791
911 816
911 856
911 871
911 891
911 897
911 963
911 974
911 978
911 979
911 991
911 992
912 83
912 127
912 164
912 247
912 267
912 280
912 352
912 470
912 521
912 541
912 619
912 757
912 804
912 813
912 817
912 869
912 878
912 886
912 893
912 931
912 938
912 948
912 960
912 982
912 989
913 31
913 131
913 219
913 233
913 397
913 400
913 446
913 478
913 608
913 647
913 698
913 704
913 710
913 751
913 788
913 792
913 794
913 826
913 845
913 868
913 926
913 961
913 965
913 989
913 997
914 160
914 273
914 290
914 296
914 300
914 302
914 320
914 341
914 474
914 554
914 757
914 761
914 793
914 898
914 942
914 943
914 956
914 963
914 974
914 976
914 977
914 987
914 989
914 996
914 999
915 254
915 277
915 443
915 582
915 655
915 717
915 727
915 750
915 752
915 784
915 798
915 806
915 820
915 830
915 841
915 860
915 895
915 898
915 931
915 937
915 938
915 943
915 950
915 979
915 983
916 58
916 71
916 206
916 260
916 310
916 473
916 506
916 530
916 532
916 567
916 600
916 609
916 619
916 657
916 665
916 677
916 719
916 754
916 835
916 843
916 887
916 895
916 904
916 909
916 986
917 100
917 172
917 235
917 386
917 405
917 444
917 473
917 519
917 521
917 526
917 624
917 686
917 715
917 776
917 789
917 797
917 817
917 863
917 865
917 905
917 906
917 941
917 967
917 984
917 999
918 87
918 98
918 111
918 124
918 134
918 137
918 285
918 297
918 320
918 382
918 426
918 692
918 708
918 733
918 756
918 803
918 826
918 881
918 891
918 925
918 928
918 974
918 976
918 985
918 987
919 54
919 153
919 324
919 558
919 579
919 704
919 740
919 752
919 816
919 830
919 849
919 853
919 865
919 874
919 878
919 883
919 894
919 901
919 907
919 924
919 930
919 936
919 951
919 973
919 988
919 989
920 64
920 280
920 346
920 434
920 585
920 627
920 664
920 720
920 732
920 744
920 772
920 777
920 788
920 803
920 830
920 858
920 908
920 925
920 931
920 952
920 966
920 968
920 975
920 994
920 995
920 997
921 44
921 309
921 318
921 359
921 363
921 413
921 419
921 438
921 512
921 669
921 681
921 711
921 719
921 746
921 811
921 862
921 863
921 868
921 890
921 926
921 935
921 944
921 947
921 957
921 971
921 998
922 148
922 260
922 487
922 497
922 516
922 592
922 743
922 764
922 774
922 796
922 797
922 800
922 824
922 864
922 923
922 930
922 943
922 951
922 954
922 955
922 967
922 968
922 973
922 974
922 985
922 987
923 2
923 134
923 190
923 245
923 251
923 253
923 545
923 552
923 606
923 630
923 710
923 774
923 778
923 791
923 792
923 854
923 867
923 888
923 895
923 922
923 935
923 943
923 948
923 958
923 963
923 997
924 108
924 203
924 301
924 310
924 313
924 323
924 355
924 415
924 445
924 636
924 642
924 653
924 659
924 676
924 799
924 840
924 861
924 882
924 894
924 900
924 903
924 919
924 929
924 943
924 963
924 968
924 983
925 117
925 140
925 335
925 342
925 425
925 525
925 531
925 570
925 580
925 649
925 681
925 705
925 724
925 727
925 772
925 861
925 918
925 920
925 934
925 935
925 936
925 951
925 955
925 968
925 974
925 985
925 994
926 53
926 64
926 260
926 307
926 342
926 455
926 461
926 550
926 575
926 717
926 734
926 749
926 758
926 779
926 794
926 800
926 819
926 856
926 893
926 913
926 921
926 938
926 963
926 964
926 969
926 994
926 999
927 26
927 31
927 109
927 193
927 261
927 265
927 523
927 624
927 646
927 703
927 758
927 814
927 816
927 817
927 843
927 879
927 888
927 892
927 909
927 935
927 942
927 950
927 954
927 975
927 977
927 990
927 998
928 54
928 200
928 220
928 428
928 436
928 464
928 508
928 526
928 535
928 595
928 710
928 719
928 735
928 772
928 828
928 838
928 842
928 850
928 909
928 918
928 929
928 940
928 942
928 982
928 984
928 992
928 996
929 165
929 182
929 322
929 395
929 414
929 489
929 498
929 506
929 522
929 673
929 677
929 739
929 757
929 765
929 787
929 798
929 811
929 820
929 857
929 890
929 901
929 924
929 928
929 950
929 952
929 955
929 976
929 995
930 10
930 267
930 432
930 514
930 583
930 691
930 708
930 736
930 781
930 811
930 834
930 849
930 855
930 857
930 871
930 876
930 877
930 880
930 886
930 904
930 919
930 922
930 944
930 953
930 970
930 983
930 994
930 999
931 28
931 75
931 104
931 441
931 590
931 631
931 686
931 693
931 731
931 742
931 759
931 777
931 791
931 820
931 823
931 826
931 833
931 852
931 876
931 900
931 907
931 912
931 915
931 920
931 943
931 956
931 985
931 989
932 74
932 262
932 338
932 493
932 495
932 502
932 503
932 551
932 639
932 703
932 738
932 743
932 821
932 823
932 832
932 838
932 867
932 878
932 884
932 899
932 910
932 970
932 973
932 975
932 977
932 978
932 983
932 992
933 120
933 212
933 352
933 362
933 385
933 475
933 536
933 574
933 584
933 599
933 655
933 666
933 672
933 693
933 727
933 752
933 761
933 781
933 791
933 818
933 822
933 840
933 888
933 965
933 966
933 983
933 989
933 998
934 1
934 74
934 126
934 210
934 221
934 231
934 320
934 451
934 473
934 498
934 522
934 581
934 630
934 634
934 682
934 712
934 738
934 740
934 866
934 883
934 884
934 889
934 925
934 951
934 955
934 967
934 978
934 980
934 998
935 9
935 85
935 89
935 99
935 127
935 440
935 448
935 533
935 657
935 705
935 783
935 809
935 812
935 855
935 870
935 881
935 895
935 898
935 907
935 921
935 923
935 925
935 927
935 945
935 963
935 971
935 979
935 981
935 991
936 10
936 164
936 199
936 256
936 496
936 538
936 595
936 667
936 689
936 728
936 753
936 760
936 769
936 770
936 803
936 813
936 853
936 896
936 903
936 907
936 919
936 925
936 943
936 952
936 960
936 967
936 971
936 985
936 986
937 90
937 142
937 177
937 361
937 565
937 581
937 607
937 655
937 679
937 695
937 715
937 744
937 746
937 778
937 790
937 796
937 839
937 841
937 846
937 857
937 879
937 884
937 894
937 915
937 948
937 961
937 971
937 982
937 992
938 132
938 237
938 296
938 509
938 577
938 598
938 614
938 672
938 675
938 742
938 754
938 784
938 790
938 851
938 867
938 871
938 885
938 895
938 912
938 915
938 926
938 944
938 945
938 950
938 952
938 969
938 974
938 975
938 984
938 985
939 21
939 62
939 103
939 166
939 221
939 233
939 348
939 357
939 370
939 460
939 521
939 714
939 719
939 735
939 738
939 739
939 774
939 776
939 789
939 790
939 799
939 804
939 848
939 896
939 949
939 959
939 961
939 962
939 986
939 988
940 294
940 339
940 340
940 350
940 416
940 467
940 483
940 503
940 517
940 559
940 645
940 669
940 701
940 722
940 734
940 737
940 755
940 767
940 778
940 839
940 868
940 928
940 941
940 976
940 982
940 990
940 991
940 993
940 994
940 999
941 114
941 186
941 313
941 458
941 477
941 571
941 584
941 609
941 706
941 725
941 728
941 740
941 775
941 792
941 839
941 842
941 850
941 882
941 904
941 907
941 917
941 940
941 957
941 967
941 975
941 980
941 990
941 992
941 997
941 999
942 11
942 13
942 161
942 293
942 313
942 353
942 543
942 593
942 615
942 625
942 645
942 676
942 733
942 769
942 777
942 798
942 814
942 868
942 875
942 897
942 905
942 914
942 927
942 928
942 945
942 954
942 959
942 987
942 998
942 999
943 13
943 180
943 420
943 576
943 632
943 702
943 751
943 761
943 786
943 815
943 854
943 887
943 894
943 904
943 914
943 915
943 922
943 923
943 924
943 931
943 936
943 944
943 947
943 950
943 966
943 967
943 986
943 987
943 989
943 995
943 997
944 26
944 98
944 103
944 135
944 187
944 207
944 229
944 279
944 497
944 565
944 622
944 633
944 674
944 697
944 732
944 740
944 786
944 791
944 793
944 800
944 816
944 854
944 888
944 921
944 930
944 938
944 943
944 954
944 955
944 960
944 991
945 95
945 147
945 149
945 249
945 261
945 262
945 287
945 311
945 358
945 373
945 405
945 490
945 579
945 580
945 693
945 709
945 751
945 753
945 780
945 829
945 877
945 883
945 885
945 897
945 935
945 938
945 942
945 954
945 956
945 969
945 982
946 99
946 200
946 208
946 232
946 238
946 259
946 515
946 534
946 729
946 755
946 799
946 820
946 829
946 831
946 849
946 857
946 860
946 869
946 872
946 886
946 892
946 894
946 900
946 909
946 948
946 961
946 962
946 966
946 974
946 990
946 996
947 78
947 85
947 137
947 198
947 329
947 471
947 490
947 549
947 583
947 586
947 602
947 606
947 687
947 695
947 717
947 766
947 783
947 784
947 786
947 841
947 843
947 862
947 908
947 921
947 943
947 949
947 953
947 956
947 960
947 991
947 996
948 234
948 299
948 365
948 451
948 459
948 472
948 503
948 504
948 516
948 542
948 616
948 624
948 687
948 733
948 813
948 827
948 856
948 881
948 883
948 886
948 887
948 912
948 923
948 937
948 946
948 951
948 954
948 960
948 962
948 966
948 984
948 999
949 51
949 145
949 213
949 294
949 418
949 461
949 507
949 586
949 597
949 653
949 663
949 700
949 702
949 713
949 738
949 790
949 826
949 835
949 855
949 863
949 864
949 874
949 899
949 910
949 939
949 947
949 958
949 975
949 978
949 982
949 997
949 999
950 63
950 117
950 184
950 188
950 204
950 478
950 507
950 681
950 682
950 684
950 744
950 809
950 825
950 855
950 884
950 902
950 909
950 915
950 927
950 929
950 938
950 943
950 958
950 966
950 967
950 975
950 979
950 980
950 983
950 987
950 990
950 999
951 116
951 186
951 321
951 326
951 429
951 446
951 585
951 605
951 634
951 652
951 686
951 688
951 721
951 723
951 751
951 773
951 800
951 806
951 873
951 909
951 919
951 922
951 925
951 934
951 948
951 953
951 959
951 963
951 973
951 983
951 985
951 995
952 68
952 79
952 112
952 150
952 276
952 418
952 519
952 550
952 589
952 622
952 703
952 730
952 731
952 749
952 769
952 832
952 841
952 844
952 852
952 859
952 868
952 893
952 895
952 920
952 929
952 936
952 938
952 983
952 985
952 990
952 991
952 995
953 43
953 72
953 143
953 287
953 298
953 300
953 467
953 568
953 631
953 689
953 747
953 764
953 765
953 793
953 799
953 824
953 829
953 831
953 832
953 836
953 844
953 850
953 879
953 930
953 947
953 951
953 961
953 966
953 976
953 982
953 983
953 988
954 1
954 88
954 125
954 187
954 372
954 375
954 376
954 381
954 491
954 598
954 645
954 663
954 675
954 691
954 715
954 770
954 851
954 907
954 908
954 922
954 927
954 942
954 944
954 945
954 948
954 955
954 959
954 966
954 984
954 988
954 990
954 997
955 45
955 78
955 102
955 412
955 415
955 460
955 472
955 534
955 656
955 657
955 669
955 750
955 767
955 768
955 777
955 781
955 792
955 810
955 817
955 832
955 856
955 873
955 904
955 922
955 925
955 929
955 934
955 944
955 954
955 965
955 975
955 993
955 994
956 16
956 215
956 241
956 429
956 452
956 455
956 469
956 494
956 563
956 577
956 581
956 600
956 622
956 690
956 739
956 767
956 787
956 790
956 800
956 803
956 834
956 848
956 874
956 884
956 914
956 931
956 945
956 947
956 979
956 980
956 989
956 991
956 996
957 30
957 58
957 174
957 259
957 306
957 325
957 414
957 432
957 562
957 573
957 636
957 648
957 652
957 691
957 735
957 763
957 795
957 805
957 811
957 828
957 862
957 864
957 879
957 921
957 941
957 971
957 976
957 980
957 981
957 988
957 989
957 993
957 999
958 8
958 31
958 57
958 97
958 197
958 390
958 482
958 498
958 508
958 564
958 611
958 626
958 631
958 743
958 757
958 772
958 787
958 788
958 804
958 811
958 823
958 826
958 840
958 844
958 852
958 923
958 949
958 950
958 964
958 970
958 982
958 991
958 995
959 80
959 381
959 403
959 425
959 436
959 476
959 489
959 545
959 623
959 658
959 671
959 685
959 689
959 748
959 752
959 757
959 763
959 800
959 801
959 813
959 816
959 834
959 842
959 864
959 866
959 890
959 939
959 942
959 951
959 954
959 968
959 992
959 996
959 998
959 999
960 60
960 117
960 272
960 285
960 331
960 334
960 356
960 435
960 535
960 554
960 619
960 621
960 712
960 714
960 771
960 796
960 805
960 828
960 837
960 861
960 877
960 889
960 890
960 905
960 908
960 910
960 912
960 936
960 944
960 947
960 948
960 976
960 989
960 991
960 998
960 999
961 7
961 55
961 77
961 113
961 132
961 209
961 210
961 214
961 226
961 245
961 298
961 353
961 360
961 548
961 581
961 639
961 725
961 809
961 821
961 824
961 829
961 854
961 868
961 886
961 898
961 913
961 937
961 939
961 946
961 953
961 968
961 970
961 974
961 978
961 979
961 980
961 983
962 57
962 174
962 234
962 286
962 328
962 392
962 422
962 448
962 492
962 513
962 627
962 659
962 660
962 664
962 698
962 713
962 716
962 739
962 748
962 749
962 754
962 789
962 821
962 838
962 841
962 861
962 865
962 875
962 900
962 939
962 946
962 948
962 965
962 969
962 971
962 988
962 991
963 106
963 250
963 251
963 462
963 516
963 531
963 585
963 590
963 606
963 680
963 708
963 710
963 760
963 782
963 805
963 863
963 866
963 867
963 873
963 885
963 886
963 899
963 902
963 903
963 909
963 911
963 914
963 923
963 924
963 926
963 935
963 951
963 970
963 973
963 975
963 980
963 997
964 50
964 71
964 117
964 423
964 458
964 470
964 510
964 572
964 595
964 667
964 742
964 782
964 784
964 786
964 795
964 823
964 826
964 830
964 834
964 837
964 842
964 849
964 894
964 904
964 907
964 910
964 926
964 958
964 966
964 977
964 979
964 990
964 991
964 996
964 997
964 998
964 999
965 8
965 12
965 185
965 224
965 236
965 479
965 508
965 556
965 610
965 626
965 645
965 691
965 697
965 706
965 710
965 723
965 727
965 775
965 787
965 810
965 821
965 839
965 841
965 859
965 880
965 905
965 906
965 907
965 913
965 933
965 955
965 962
965 966
965 985
965 988
965 993
965 996
966 68
966 69
966 151
966 157
966 197
966 315
966 336
966 407
966 471
966 490
966 595
966 712
966 723
966 731
966 745
966 785
966 804
966 812
966 814
966 832
966 847
966 896
966 920
966 933
966 943
966 946
966 948
966 950
966 953
966 954
966 964
966 965
966 968
966 984
966 987
966 992
966 997
967 105
967 168
967 180
967 196
967 200
967 280
967 335
967 350
967 373
967 463
967 575
967 642
967 705
967 726
967 738
967 771
967 817
967 820
967 858
967 861
967 879
967 885
967 899
967 917
967 922
967 934
967 936
967 941
967 943
967 950
967 971
967 973
967 980
967 982
967 986
967 988
967 989
968 41
968 48
968 51
968 129
968 160
968 198
968 283
968 563
968 571
968 611
968 648
968 678
968 681
968 714
968 721
968 736
968 765
968 807
968 815
968 816
968 831
968 851
968 856
968 882
968 898
968 900
968 901
968 910
968 920
968 922
968 924
968 925
968 959
968 961
968 966
968 976
968 981
968 983
969 153
969 250
969 254
969 283
969 293
969 322
969 409
969 450
969 458
969 477
969 528
969 537
969 543
969 547
969 555
969 562
969 570
969 591
969 629
969 636
969 715
969 741
969 749
969 764
969 769
969 858
969 872
969 873
969 874
969 900
969 926
969 938
969 945
969 962
969 975
969 978
969 980
969 998
970 4
970 33
970 83
970 94
970 321
970 329
970 375
970 424
970 483
970 492
970 533
970 601
970 613
970 637
970 670
970 686
970 715
970 717
970 733
970 765
970 796
970 804
970 827
970 850
970 862
970 875
970 877
970 884
970 895
970 905
970 930
970 932
970 958
970 961
970 963
970 981
970 992
970 996
971 286
971 296
971 310
971 373
971 493
971 543
971 594
971 619
971 631
971 660
971 671
971 727
971 741
971 756
971 766
971 772
971 774
971 787
971 819
971 825
971 843
971 855
971 858
971 862
971 867
971 876
971 921
971 935
971 936
971 937
971 957
971 962
971 967
971 974
971 977
971 979
971 989
971 990
972 248
972 381
972 456
972 529
972 561
972 589
972 603
972 627
972 629
972 648
972 656
972 694
972 696
972 711
972 716
972 723
972 757
972 781
972 790
972 797
972 807
972 809
972 822
972 830
972 836
972 839
972 841
972 848
972 851
972 853
972 869
972 884
972 900
972 904
972 973
972 975
972 992
972 994
973 248
973 321
973 343
973 365
973 394
973 415
973 449
973 501
973 502
973 503
973 566
973 591
973 622
973 684
973 685
973 690
973 741
973 786
973 808
973 822
973 826
973 833
973 846
973 847
973 868
973 881
973 898
973 903
973 909
973 919
973 922
973 932
973 951
973 963
973 967
973 972
973 987
973 990
973 993
974 34
974 40
974 41
974 42
974 59
974 88
974 151
974 201
974 385
974 392
974 636
974 661
974 685
974 695
974 712
974 714
974 743
974 750
974 768
974 769
974 838
974 844
974 874
974 883
974 884
974 886
974 893
974 902
974 911
974 914
974 918
974 922
974 925
974 938
974 946
974 961
974 971
974 983
974 990
975 40
975 54
975 66
975 158
975 183
975 288
975 314
975 456
975 495
975 572
975 580
975 661
975 714
975 788
975 790
975 838
975 850
975 858
975 878
975 882
975 890
975 904
975 905
975 908
975 920
975 927
975 932
975 938
975 941
975 949
975 950
975 955
975 963
975 969
975 972
975 980
975 981
975 995
975 996
976 38
976 91
976 138
976 143
976 154
976 199
976 202
976 278
976 466
976 561
976 605
976 657
976 692
976 693
976 729
976 739
976 759
976 770
976 794
976 805
976 842
976 844
976 847
976 852
976 856
976 860
976 866
976 870
976 879
976 899
976 914
976 918
976 929
976 940
976 953
976 957
976 960
976 968
976 990
976 993
977 38
977 52
977 140
977 182
977 245
977 257
977 294
977 327
977 467
977 509
977 541
977 557
977 587
977 619
977 663
977 672
977 681
977 736
977 801
977 823
977 830
977 842
977 850
977 853
977 863
977 874
977 883
977 891
977 899
977 906
977 914
977 927
977 932
977 964
977 971
977 978
977 985
977 986
977 990
977 993
977 999
978 37
978 43
978 171
978 308
978 359
978 366
978 460
978 511
978 536
978 558
978 601
978 629
978 632
978 674
978 702
978 716
978 728
978 771
978 794
978 816
978 842
978 855
978 856
978 872
978 886
978 888
978 891
978 897
978 905
978 909
978 911
978 932
978 934
978 949
978 961
978 969
978 977
978 983
978 988
978 992
978 993
979 65
979 110
979 204
979 312
979 332
979 369
979 384
979 397
979 517
979 537
979 545
979 564
979 568
979 615
979 623
979 635
979 692
979 728
979 758
979 760
979 774
979 795
979 814
979 816
979 833
979 856
979 866
979 881
979 886
979 887
979 900
979 904
979 911
979 915
979 935
979 950
979 956
979 961
979 964
979 971
979 984
979 999
980 47
980 55
980 91
980 107
980 141
980 183
980 270
980 303
980 356
980 383
980 458
980 480
980 504
980 506
980 526
980 640
980 655
980 662
980 670
980 672
980 716
980 732
980 747
980 757
980 774
980 781
980 833
980 852
980 868
980 900
980 934
980 941
980 950
980 956
980 957
980 961
980 963
980 967
980 969
980 975
980 990
980 996
981 21
981 128
981 133
981 148
981 222
981 261
981 272
981 282
981 333
981 371
981 398
981 436
981 636
981 684
981 693
981 701
981 708
981 757
981 763
981 765
981 766
981 768
981 792
981 802
981 810
981 812
981 818
981 826
981 828
981 831
981 836
981 844
981 848
981 851
981 885
981 935
981 957
981 968
981 970
981 975
981 985
981 988
982 80
982 157
982 207
982 292
982 307
982 333
982 358
982 396
982 405
982 434
982 442
982 482
982 507
982 536
982 645
982 697
982 717
982 733
982 754
982 779
982 781
982 832
982 845
982 848
982 856
982 867
982 879
982 883
982 884
982 889
982 902
982 912
982 928
982 937
982 940
982 945
982 949
982 953
982 958
982 967
982 986
982 987
983 23
983 32
983 70
983 195
983 279
983 287
983 341
983 354
983 429
983 544
983 589
983 618
983 654
983 671
983 678
983 699
983 706
983 747
983 762
983 774
983 811
983 851
983 855
983 858
983 873
983 874
983 900
983 915
983 924
983 930
983 932
983 933
983 950
983 951
983 952
983 953
983 961
983 968
983 974
983 978
983 990
983 998
984 9
984 48
984 166
984 173
984 336
984 437
984 448
984 515
984 517
984 533
984 540
984 576
984 578
984 592
984 612
984 640
984 649
984 663
984 709
984 731
984 737
984 823
984 824
984 839
984 852
984 855
984 863
984 873
984 876
984 880
984 884
984 902
984 917
984 928
984 938
984 948
984 954
984 966
984 979
984 988
984 990
984 992
984 993
985 98
985 120
985 125
985 154
985 161
985 277
985 329
985 370
985 442
985 452
985 510
985 600
985 611
985 623
985 625
985 650
985 659
985 734
985 737
985 744
985 763
985 802
985 810
985 817
985 836
985 860
985 862
985 895
985 901
985 918
985 922
985 925
985 931
985 936
985 938
985 951
985 952
985 965
985 977
985 981
985 995
985 996
985 999
986 24
986 62
986 80
986 133
986 252
986 258
986 297
986 351
986 368
986 378
986 393
986 440
986 529
986 530
986 555
986 600
986 618
986 620
986 645
986 660
986 676
986 701
986 718
986 719
986 797
986 805
986 819
986 820
986 822
986 825
986 829
986 857
986 866
986 882
986 896
986 906
986 916
986 936
986 939
986 943
986 967
986 977
986 982
987 3
987 27
987 51
987 61
987 156
987 278
987 408
987 429
987 447
987 472
987 614
987 617
987 623
987 631
987 637
987 675
987 686
987 711
987 719
987 738
987 745
987 758
987 766
987 773
987 803
987 840
987 851
987 857
987 868
987 872
987 883
987 893
987 904
987 908
987 914
987 918
987 922
987 942
987 943
987 950
987 966
987 973
987 982
987 989
987 993
988 22
988 74
988 146
988 152
988 178
988 219
988 264
988 335
988 396
988 397
988 401
988 467
988 488
988 582
988 611
988 637
988 644
988 645
988 651
988 660
988 672
988 689
988 715
988 742
988 776
988 805
988 835
988 847
988 855
988 866
988 870
988 882
988 889
988 908
988 919
988 939
988 953
988 954
988 957
988 962
988 965
988 967
988 978
988 981
988 984
989 136
989 153
989 252
989 270
989 274
989 408
989 412
989 419
989 457
989 469
989 491
989 496
989 533
989 582
989 609
989 613
989 631
989 690
989 721
989 737
989 769
989 780
989 785
989 831
989 836
989 841
989 871
989 879
989 884
989 888
989 908
989 912
989 913
989 914
989 919
989 931
989 933
989 943
989 956
989 957
989 960
989 967
989 971
989 987
989 999
990 0
990 63
990 159
990 245
990 253
990 320
990 364
990 485
990 501
990 509
990 610
990 641
990 642
990 679
990 697
990 754
990 784
990 797
990 798
990 824
990 837
990 864
990 874
990 876
990 877
990 893
990 899
990 927
990 940
990 941
990 946
990 950
990 952
990 954
990 964
990 971
990 973
990 974
990 976
990 977
990 980
990 983
990 984
990 991
990 993
991 4
991 46
991 70
991 92
991 266
991 307
991 379
991 382
991 386
991 417
991 511
991 527
991 549
991 626
991 639
991 651
991 663
991 699
991 700
991 737
991 742
991 746
991 772
991 785
991 791
991 799
991 822
991 825
991 850
991 860
991 866
991 885
991 892
991 903
991 911
991 935
991 940
991 944
991 947
991 952
991 956
991 958
991 960
991 962
991 964
991 990
992 41
992 154
992 198
992 309
992 314
992 343
992 370
992 432
992 520
992 535
992 549
992 557
992 564
992 583
992 594
992 608
992 636
992 640
992 642
992 651
992 676
992 728
992 756
992 758
992 762
992 765
992 807
992 833
992 839
992 846
992 892
992 910
992 911
992 928
992 932
992 937
992 941
992 959
992 966
992 970
992 972
992 978
992 984
992 994
992 998
992 999
993 73
993 111
993 165
993 238
993 263
993 269
993 403
993 430
993 460
993 471
993 489
993 500
993 502
993 512
993 583
993 612
993 639
993 649
993 656
993 704
993 744
993 763
993 780
993 831
993 832
993 861
993 872
993 873
993 874
993 879
993 895
993 897
993 898
993 899
993 910
993 940
993 955
993 957
993 965
993 973
993 976
993 977
993 978
993 984
993 987
993 990
993 999
994 1
994 65
994 104
994 189
994 346
994 367
994 454
994 482
994 488
994 495
994 506
994 516
994 519
994 580
994 596
994 628
994 640
994 665
994 668
994 670
994 672
994 716
994 757
994 763
994 770
994 801
994 822
994 831
994 839
994 843
994 889
994 890
994 893
994 895
994 907
994 910
994 920
994 925
994 926
994 930
994 940
994 955
994 972
994 992
994 995
994 996
994 998
995 49
995 53
995 73
995 86
995 162
995 209
995 248
995 265
995 276
995 289
995 387
995 389
995 475
995 513
995 525
995 553
995 556
995 567
995 568
995 588
995 600
995 658
995 671
995 700
995 702
995 782
995 789
995 832
995 839
995 841
995 865
995 880
995 882
995 883
995 902
995 910
995 920
995 929
995 943
995 951
995 952
995 958
995 975
995 985
995 994
995 996
995 997
996 94
996 270
996 288
996 296
996 304
996 329
996 398
996 401
996 408
996 491
996 518
996 556
996 563
996 565
996 598
996 615
996 635
996 683
996 689
996 720
996 726
996 739
996 747
996 765
996 779
996 795
996 858
996 863
996 875
996 877
996 878
996 887
996 889
996 906
996 908
996 914
996 928
996 946
996 947
996 956
996 959
996 964
996 965
996 970
996 975
996 980
996 985
996 994
996 995
997 34
997 149
997 178
997 277
997 294
997 299
997 377
997 423
997 441
997 456
997 462
997 464
997 468
997 527
997 563
997 597
997 614
997 622
997 624
997 669
997 692
997 705
997 723
997 730
997 736
997 737
997 762
997 765
997 778
997 824
997 855
997 860
997 867
997 882
997 887
997 907
997 908
997 910
997 913
997 920
997 923
997 941
997 943
997 949
997 954
997 963
997 964
997 966
997 995
998 176
998 208
998 303
998 305
998 323
998 349
998 356
998 411
998 420
998 433
998 448
998 465
998 532
998 542
998 566
998 585
998 617
998 633
998 650
998 656
998 660
998 702
998 721
998 743
998 769
998 798
998 805
998 809
998 816
998 826
998 827
998 858
998 860
998 869
998 880
998 881
998 902
998 921
998 927
998 933
998 934
998 942
998 959
998 960
998 964
998 969
998 983
998 992
998 994
999 64
999 119
999 246
999 268
999 342
999 478
999 495
999 516
999 518
999 524
999 602
999 613
999 627
999 679
999 688
999 690
999 732
999 762
999 793
999 811
999 843
999 854
999 855
999 860
999 871
999 877
999 898
999 901
999 907
999 910
999 914
999 917
999 926
999 930
999 940
999 941
999 942
999 948
999 949
999 950
999 957
999 959
999 960
999 964
999 977
999 979
999 985
999 989
999 992
999 993
