0 748
0 877
0 961
0 981
1 705
1 801
1 935
1 973
2 379
2 902
2 918
2 995
3 887
3 989
3 990
3 997
4 441
4 685
4 910
4 998
5 801
5 941
5 973
5 999
6 791
6 871
6 882
6 984
7 560
7 929
7 952
7 964
8 21
8 764
8 978
8 988
9 739
9 944
9 946
9 983
10 625
10 757
10 835
10 996
11 346
11 676
11 965
11 988
12 672
12 962
12 968
12 979
13 170
13 514
13 689
13 912
14 566
14 762
14 970
14 977
15 157
15 702
15 714
15 980
16 713
16 749
16 982
16 992
17 798
17 877
17 980
17 998
18 736
18 772
18 920
18 921
19 41
19 81
19 946
19 954
20 440
20 553
20 774
20 967
21 8
21 770
21 922
21 980
22 235
22 287
22 382
22 999
23 647
23 803
23 904
23 914
24 588
24 805
24 990
24 991
25 447
25 516
25 905
25 971
26 897
26 966
26 972
26 996
27 711
27 803
27 880
27 889
28 210
28 291
28 613
28 922
29 245
29 438
29 817
29 879
30 194
30 313
30 763
30 980
31 496
31 646
31 944
31 950
32 695
32 829
32 854
32 992
33 513
33 961
33 973
33 994
34 705
34 801
34 961
34 963
35 536
35 722
35 779
35 959
36 714
36 806
36 903
36 928
37 131
37 661
37 706
37 993
38 623
38 663
38 936
38 988
39 262
39 554
39 792
39 856
40 472
40 715
40 966
40 976
41 19
41 51
41 434
41 971
42 931
42 934
42 967
42 969
43 578
43 665
43 839
43 870
44 271
44 849
44 990
44 991
45 233
45 367
45 973
45 989
46 283
46 301
46 937
46 951
47 212
47 678
47 962
47 968
48 931
48 935
48 979
48 998
49 94
49 98
49 957
49 973
50 101
50 953
50 959
50 981
51 41
51 405
51 831
51 843
52 373
52 594
52 788
52 941
53 255
53 952
53 960
53 966
54 399
54 559
54 617
54 913
55 350
55 516
55 841
55 995
56 336
56 621
56 938
56 994
57 913
57 970
57 977
57 990
58 172
58 337
58 942
58 995
59 761
59 845
59 931
59 977
60 713
60 744
60 928
60 971
61 187
61 285
61 828
61 881
62 545
62 587
62 884
62 931
63 435
63 633
63 898
63 997
64 262
64 870
64 871
64 976
65 256
65 873
65 874
65 987
66 417
66 720
66 800
66 806
67 733
67 736
67 822
67 848
68 502
68 707
68 760
68 934
69 449
69 573
69 917
69 998
70 544
70 960
70 966
70 967
71 342
71 674
71 691
71 969
72 197
72 680
72 857
72 904
73 717
73 846
73 923
73 973
74 252
74 296
74 384
74 772
75 711
75 951
75 970
75 977
76 325
76 702
76 966
76 972
77 853
77 934
77 942
77 986
78 359
78 902
78 992
78 999
79 317
79 676
79 965
79 988
80 480
80 967
80 986
80 989
81 19
81 886
81 953
81 986
82 253
82 826
82 924
82 957
83 121
83 928
83 975
83 984
84 305
84 787
84 962
84 968
85 412
85 668
85 762
85 999
86 697
86 929
86 964
86 966
87 428
87 479
87 544
87 738
88 313
88 847
88 854
88 878
89 488
89 917
89 932
89 986
90 417
90 753
90 883
90 999
91 464
91 875
91 964
91 978
92 538
92 711
92 883
92 944
93 143
93 304
93 864
93 961
94 49
94 872
94 955
94 991
95 163
95 591
95 867
95 946
96 888
96 924
96 958
96 999
97 539
97 875
97 958
97 999
98 49
98 294
98 717
98 911
99 905
99 974
99 988
99 992
100 541
100 734
100 846
100 996
101 50
101 757
101 879
101 978
102 458
102 904
102 908
102 976
103 531
103 856
103 878
103 972
104 154
104 771
104 960
104 991
105 757
105 762
105 923
105 956
106 407
106 772
106 848
106 913
107 602
107 916
107 960
107 972
108 651
108 685
108 910
108 957
109 320
109 710
109 939
109 971
110 297
110 618
110 629
110 898
111 791
111 877
111 897
111 981
112 849
112 937
112 979
112 987
113 256
113 585
113 765
113 925
114 689
114 795
114 969
114 992
115 349
115 723
115 945
115 948
116 399
116 751
116 798
116 982
117 128
117 153
117 662
117 979
118 310
118 678
118 990
118 999
119 534
119 565
119 593
119 976
120 267
120 627
120 779
120 887
121 83
121 762
121 772
121 833
122 686
122 789
122 962
122 968
123 381
123 529
123 685
123 916
124 339
124 806
124 982
124 985
125 662
125 818
125 940
125 978
126 650
126 861
126 923
126 978
127 309
127 342
127 966
127 981
128 117
128 709
128 970
128 977
129 690
129 835
129 913
129 994
130 404
130 470
130 823
130 880
131 37
131 774
131 797
131 930
132 275
132 741
132 941
132 997
133 245
133 468
133 725
133 881
134 776
134 948
134 952
134 975
135 413
135 664
135 756
135 878
136 734
136 827
136 911
136 994
137 654
137 871
137 879
137 976
138 189
138 542
138 805
138 934
139 871
139 887
139 974
139 976
140 289
140 636
140 778
140 838
141 576
141 642
141 748
141 979
142 711
142 891
142 931
142 964
143 93
143 706
143 973
143 979
144 199
144 422
144 961
144 987
145 570
145 730
145 975
145 994
146 246
146 301
146 993
146 994
147 332
147 607
147 780
147 937
148 565
148 919
148 955
148 996
149 333
149 562
149 842
149 989
150 523
150 945
150 947
150 981
151 673
151 735
151 836
151 933
152 402
152 414
152 771
152 965
153 117
153 387
153 844
153 970
154 104
154 769
154 925
154 939
155 290
155 534
155 541
155 840
156 373
156 460
156 762
156 998
157 15
157 187
157 235
157 583
158 427
158 592
158 725
158 998
159 237
159 409
159 719
159 935
160 467
160 672
160 982
160 985
161 459
161 714
161 716
161 841
162 666
162 855
162 933
162 997
163 95
163 747
163 812
163 951
164 165
164 395
164 692
164 800
165 164
165 719
165 877
165 933
166 831
166 913
166 925
166 978
167 667
167 896
167 966
167 972
168 752
168 766
168 974
168 988
169 905
169 948
169 982
169 985
170 13
170 964
170 967
170 986
171 181
171 385
171 794
171 895
172 58
172 804
172 993
172 994
173 231
173 534
173 633
173 968
174 682
174 825
174 859
174 926
175 475
175 636
175 909
175 911
176 354
176 729
176 969
176 974
177 599
177 682
177 900
177 917
178 872
178 938
178 940
178 977
179 336
179 688
179 953
179 969
180 250
180 454
180 719
180 955
181 171
181 313
181 770
181 852
182 508
182 885
182 886
182 978
183 541
183 939
183 982
183 985
184 636
184 851
184 922
184 981
185 587
185 845
185 907
185 975
186 404
186 929
186 938
186 978
187 61
187 157
187 345
187 381
188 441
188 647
188 743
188 905
189 138
189 756
189 982
189 985
190 424
190 674
190 858
190 989
191 359
191 513
191 622
191 924
192 306
192 771
192 775
192 975
193 696
193 729
193 988
193 991
194 30
194 739
194 950
194 964
195 527
195 779
195 800
195 905
196 577
196 701
196 876
196 989
197 72
197 784
197 944
197 958
198 312
198 315
198 456
198 964
199 144
199 745
199 887
199 937
200 586
200 737
200 922
200 995
201 691
201 786
201 875
201 906
202 864
202 933
202 935
202 998
203 738
203 806
203 894
203 979
204 387
204 509
204 916
204 957
205 209
205 278
205 287
205 777
206 616
206 975
206 982
206 985
207 538
207 877
207 941
207 976
208 665
208 877
208 927
208 988
209 205
209 669
209 813
209 938
210 28
210 729
210 737
210 866
211 427
211 792
211 891
211 953
212 47
212 466
212 644
212 913
213 485
213 741
213 888
213 911
214 619
214 678
214 997
214 999
215 773
215 801
215 993
215 994
216 547
216 740
216 925
216 939
217 261
217 461
217 663
217 962
218 219
218 269
218 619
218 992
219 218
219 598
219 951
219 996
220 808
220 916
220 938
220 987
221 529
221 611
221 957
221 996
222 839
222 883
222 915
222 930
223 518
223 665
223 993
223 994
224 525
224 829
224 908
224 937
225 659
225 830
225 883
225 892
226 476
226 692
226 980
226 981
227 583
227 804
227 910
227 916
228 821
228 892
228 997
228 999
229 747
229 846
229 939
229 957
230 801
230 906
230 934
230 973
231 173
231 492
231 548
231 573
232 726
232 808
232 837
232 963
233 45
233 906
233 922
233 995
234 398
234 871
234 907
234 969
235 22
235 157
235 875
235 973
236 855
236 891
236 910
236 929
237 159
237 574
237 774
237 854
238 778
238 914
238 949
238 994
239 389
239 761
239 961
239 973
240 565
240 959
240 990
240 996
241 303
241 552
241 856
241 924
242 640
242 799
242 834
242 951
243 744
243 882
243 974
243 988
244 246
244 511
244 732
244 850
244 874
245 29
245 133
245 684
245 954
245 955
246 146
246 244
246 833
246 933
246 950
247 446
247 884
247 904
247 990
247 991
248 411
248 940
248 966
248 970
248 977
249 407
249 414
249 666
249 819
249 910
250 180
250 512
250 716
250 936
250 954
251 610
251 648
251 656
251 793
251 987
252 74
252 803
252 841
252 925
252 937
253 82
253 446
253 573
253 620
253 988
254 412
254 423
254 637
254 827
254 925
255 53
255 930
255 966
255 984
255 989
256 65
256 113
256 652
256 749
256 983
257 581
257 839
257 932
257 944
257 979
258 360
258 376
258 960
258 972
258 978
259 840
259 888
259 950
259 978
259 994
260 834
260 890
260 906
260 979
260 994
261 217
261 824
261 953
261 980
261 981
262 39
262 64
262 418
262 785
262 870
263 491
263 716
263 812
263 973
263 975
264 668
264 691
264 757
264 917
264 969
265 334
265 419
265 462
265 844
265 980
266 380
266 643
266 723
266 986
266 992
267 120
267 794
267 952
267 990
267 992
268 705
268 866
268 900
268 924
268 991
269 218
269 782
269 798
269 868
269 917
270 668
270 904
270 954
270 990
270 991
271 44
271 869
271 917
271 928
271 969
272 682
272 764
272 810
272 972
272 993
273 624
273 759
273 960
273 966
273 972
274 520
274 645
274 753
274 821
274 997
275 132
275 735
275 850
275 980
275 983
276 300
276 308
276 657
276 923
276 955
277 582
277 637
277 842
277 890
277 956
278 205
278 486
278 674
278 830
278 913
279 625
279 729
279 820
279 848
279 992
280 344
280 618
280 649
280 938
280 952
281 555
281 618
281 919
281 935
281 989
282 412
282 870
282 933
282 943
282 957
283 46
283 730
283 830
283 838
283 842
284 782
284 864
284 873
284 959
284 968
285 61
285 694
285 808
285 899
285 984
286 321
286 788
286 800
286 932
286 982
287 22
287 205
287 763
287 972
287 999
288 594
288 833
288 897
288 921
288 984
289 140
289 656
289 790
289 872
289 964
290 155
290 552
290 633
290 986
290 994
291 28
291 600
291 771
291 983
291 995
292 553
292 568
292 824
292 831
292 971
293 612
293 637
293 781
293 876
293 927
294 98
294 579
294 949
294 993
294 994
295 401
295 624
295 728
295 792
295 958
296 74
296 415
296 497
296 932
296 967
297 110
297 414
297 549
297 650
297 914
298 883
298 960
298 966
298 972
298 999
299 388
299 914
299 926
299 960
299 972
300 276
300 322
300 501
300 913
300 971
301 46
301 146
301 951
301 961
301 973
302 480
302 700
302 808
302 950
302 992
303 241
303 794
303 795
303 828
303 977
304 93
304 867
304 875
304 906
304 956
305 84
305 669
305 709
305 921
305 955
306 192
306 671
306 893
306 961
306 976
307 352
307 443
307 854
307 895
307 996
308 276
308 423
308 576
308 615
308 663
309 127
309 745
309 855
309 872
309 944
310 118
310 802
310 907
310 928
310 969
311 442
311 641
311 890
311 919
311 995
312 198
312 795
312 920
312 959
312 961
313 30
313 88
313 181
313 905
313 936
314 384
314 697
314 788
314 953
314 981
315 198
315 592
315 952
315 957
315 991
316 751
316 882
316 896
316 950
316 979
317 79
317 916
317 931
317 963
317 988
318 499
318 628
318 638
318 968
318 996
319 335
319 664
319 721
319 804
319 954
320 109
320 445
320 590
320 616
320 946
321 286
321 517
321 594
321 934
321 986
322 300
322 326
322 354
322 787
322 970
323 382
323 745
323 820
323 881
323 887
324 838
324 839
324 855
324 883
324 947
325 76
325 572
325 657
325 841
325 943
326 322
326 455
326 509
326 915
326 985
327 536
327 579
327 589
327 780
327 998
328 594
328 675
328 911
328 929
328 950
329 356
329 592
329 814
329 819
329 979
330 588
330 779
330 941
330 947
330 971
331 751
331 773
331 889
331 937
331 938
332 147
332 357
332 522
332 925
332 998
333 149
333 491
333 881
333 882
333 959
334 265
334 845
334 873
334 963
334 970
335 319
335 522
335 550
335 653
335 882
336 56
336 179
336 766
336 786
336 928
337 58
337 660
337 811
337 883
337 995
338 377
338 501
338 905
338 971
338 980
339 124
339 635
339 851
339 927
339 998
340 603
340 604
340 671
340 715
340 942
341 643
341 679
341 848
341 938
341 992
342 71
342 127
342 642
342 903
342 981
343 833
343 836
343 927
343 960
343 975
344 280
344 517
344 856
344 918
344 919
345 187
345 475
345 533
345 890
345 910
346 11
346 603
346 621
346 661
346 916
347 833
347 965
347 988
347 989
347 997
348 615
348 769
348 870
348 933
348 978
349 115
349 351
349 496
349 591
349 714
350 55
350 897
350 923
350 927
350 985
351 349
351 751
351 771
351 864
351 964
352 307
352 444
352 857
352 894
352 999
353 394
353 572
353 604
353 840
353 862
354 176
354 322
354 666
354 868
354 888
355 455
355 599
355 896
355 953
355 976
356 329
356 823
356 903
356 989
356 997
357 332
357 493
357 787
357 813
357 971
358 790
358 863
358 939
358 947
358 968
359 78
359 191
359 471
359 769
359 979
360 258
360 909
360 915
360 982
360 985
361 536
361 898
361 935
361 959
361 989
362 799
362 982
362 985
362 998
362 999
363 591
363 691
363 935
363 974
363 998
364 657
364 777
364 960
364 974
364 988
365 528
365 692
365 743
365 834
365 971
366 672
366 674
366 685
366 850
366 997
367 45
367 852
367 859
367 964
367 984
368 463
368 525
368 871
368 908
368 941
369 696
369 866
369 932
369 936
369 993
370 655
370 829
370 965
370 974
370 995
371 713
371 820
371 876
371 917
371 992
372 503
372 882
372 892
372 971
372 992
373 52
373 156
373 677
373 949
373 998
374 906
374 915
374 971
374 982
374 985
375 564
375 689
375 783
375 839
375 916
376 258
376 754
376 945
376 952
376 991
377 338
377 865
377 867
377 926
377 993
378 703
378 724
378 879
378 932
378 947
379 2
379 536
379 954
379 958
379 999
380 266
380 845
380 926
380 954
380 994
381 123
381 187
381 720
381 823
381 839
382 22
382 323
382 474
382 514
382 813
383 513
383 622
383 822
383 945
383 948
384 74
384 314
384 579
384 963
384 996
385 171
385 940
385 954
385 955
385 982
386 476
386 715
386 724
386 754
386 773
387 153
387 204
387 814
387 825
387 921
388 299
388 758
388 823
388 903
388 995
389 239
389 519
389 747
389 779
389 816
390 559
390 917
390 928
390 948
390 967
391 450
391 577
391 741
391 975
391 997
392 619
392 847
392 904
392 946
392 979
393 436
393 543
393 710
393 764
393 927
393 983
394 353
394 811
394 919
394 931
394 969
394 995
395 164
395 480
395 746
395 860
395 900
395 975
396 782
396 830
396 846
396 852
396 980
396 983
397 436
397 578
397 842
397 855
397 896
397 999
398 234
398 546
398 948
398 952
398 990
398 999
399 54
399 116
399 533
399 747
399 777
399 908
400 458
400 652
400 783
400 815
400 854
400 942
401 295
401 576
401 809
401 878
401 968
401 996
402 152
402 754
402 892
402 911
402 934
402 963
403 471
403 796
403 816
403 900
403 927
403 967
404 130
404 186
404 761
404 764
404 961
404 978
405 51
405 476
405 876
405 897
405 908
405 946
406 414
406 433
406 849
406 913
406 928
406 974
407 106
407 249
407 533
407 535
407 556
407 712
408 724
408 849
408 876
408 925
408 929
408 983
409 159
409 663
409 767
409 805
409 950
409 964
410 735
410 739
410 869
410 881
410 954
410 989
411 248
411 543
411 563
411 655
411 951
411 995
412 85
412 254
412 282
412 726
412 930
412 955
413 135
413 608
413 710
413 890
413 896
413 943
414 152
414 249
414 297
414 406
414 902
414 998
415 296
415 473
415 642
415 664
415 829
415 996
416 504
416 719
416 743
416 911
416 971
416 993
417 66
417 90
417 488
417 828
417 942
417 967
418 262
418 554
418 691
418 808
418 962
418 984
419 265
419 442
419 942
419 948
419 990
419 991
420 435
420 763
420 857
420 927
420 942
420 999
421 449
421 529
421 688
421 917
421 926
421 996
422 144
422 729
422 731
422 752
422 830
422 936
423 254
423 308
423 450
423 630
423 769
423 911
424 190
424 463
424 896
424 975
424 979
424 997
425 525
425 760
425 906
425 956
425 975
425 986
426 467
426 809
426 863
426 914
426 953
426 980
427 158
427 211
427 595
427 659
427 861
427 870
428 87
428 434
428 484
428 586
428 726
428 830
429 482
429 658
429 789
429 817
429 898
429 943
430 634
430 725
430 734
430 949
430 994
430 995
431 432
431 869
431 943
431 977
431 984
431 988
432 431
432 433
432 965
432 974
432 987
432 988
433 406
433 432
433 770
433 776
433 910
433 977
434 41
434 428
434 903
434 906
434 914
434 970
435 63
435 420
435 572
435 719
435 885
435 997
436 393
436 397
436 726
436 953
436 980
436 981
437 514
437 606
437 649
437 698
437 922
437 970
438 29
438 448
438 583
438 807
438 959
438 977
439 630
439 822
439 823
439 920
439 937
439 956
440 20
440 628
440 679
440 836
440 887
440 971
441 4
441 188
441 892
441 966
441 970
441 977
442 311
442 419
442 702
442 915
442 982
442 985
443 307
443 464
443 768
443 836
443 851
443 852
444 352
444 554
444 578
444 701
444 922
444 995
445 320
445 528
445 607
445 903
445 936
445 970
446 247
446 253
446 749
446 784
446 838
446 997
447 25
447 735
447 943
447 959
447 975
447 997
448 438
448 886
448 943
448 950
448 989
448 999
449 69
449 421
449 555
449 853
449 895
449 998
450 391
450 423
450 472
450 788
450 905
450 941
451 769
451 807
451 919
451 922
451 970
451 974
452 589
452 605
452 779
452 935
452 967
452 972
453 490
453 891
453 923
453 950
453 956
453 964
454 180
454 619
454 884
454 975
454 982
454 985
455 326
455 355
455 706
455 796
455 896
455 998
456 198
456 595
456 861
456 929
456 932
456 964
457 519
457 810
457 835
457 868
457 895
457 996
458 102
458 400
458 744
458 786
458 796
458 986
459 161
459 820
459 952
459 963
459 990
459 991
460 156
460 760
460 778
460 791
460 930
460 943
461 217
461 727
461 884
461 915
461 982
461 985
462 265
462 742
462 809
462 914
462 930
462 953
463 368
463 424
463 531
463 630
463 746
463 933
464 91
464 443
464 752
464 904
464 950
464 984
465 470
465 704
465 725
465 761
465 781
465 998
466 212
466 706
466 713
466 906
466 961
466 973
467 160
467 426
467 613
467 945
467 990
467 991
468 133
468 818
468 852
468 954
468 955
468 988
469 869
469 885
469 902
469 948
469 990
469 992
470 130
470 465
470 588
470 601
470 697
470 860
471 359
471 403
471 742
471 897
471 927
471 983
472 40
472 450
472 653
472 908
472 916
472 943
473 415
473 791
473 833
473 864
473 984
473 988
474 382
474 505
474 679
474 894
474 921
474 959
475 175
475 345
475 895
475 910
475 938
475 989
476 226
476 386
476 405
476 790
476 798
476 963
477 524
477 585
477 782
477 844
477 890
477 951
478 518
478 526
478 687
478 801
478 961
478 991
479 87
479 496
479 819
479 826
479 957
479 965
480 80
480 302
480 395
480 768
480 963
480 964
481 535
481 623
481 865
481 879
481 958
481 999
482 429
482 846
482 914
482 953
482 980
482 996
483 566
483 596
483 684
483 697
483 885
483 980
484 428
484 783
484 829
484 935
484 944
484 983
485 213
485 881
485 886
485 965
485 974
485 988
486 278
486 559
486 960
486 964
486 966
486 972
487 571
487 845
487 887
487 935
487 993
487 994
488 89
488 417
488 518
488 751
488 936
488 946
489 860
489 862
489 888
489 907
489 923
489 978
490 453
490 629
490 771
490 845
490 931
490 972
491 263
491 333
491 660
491 772
491 880
491 969
492 231
492 855
492 938
492 940
492 970
492 977
493 357
493 610
493 612
493 709
493 891
493 899
494 835
494 861
494 873
494 895
494 989
494 996
495 701
495 716
495 909
495 965
495 974
495 988
496 31
496 349
496 479
496 866
496 953
496 981
497 296
497 632
497 714
497 743
497 799
497 866
498 505
498 690
498 814
498 843
498 918
498 939
499 318
499 510
499 714
499 926
499 949
499 993
500 537
500 722
500 748
500 828
500 861
500 957
500 962
501 300
501 338
501 661
501 743
501 927
501 963
501 971
502 68
502 703
502 755
502 816
502 934
502 947
502 983
503 372
503 806
503 874
503 907
503 917
503 955
503 958
504 416
504 539
504 900
504 943
504 944
504 971
504 990
505 474
505 498
505 580
505 803
505 832
505 929
505 960
506 568
506 577
506 580
506 748
506 809
506 851
506 922
507 699
507 811
507 882
507 889
507 970
507 986
507 992
508 182
508 512
508 756
508 852
508 912
508 929
508 978
509 204
509 326
509 767
509 861
509 936
509 957
509 998
510 499
510 672
510 775
510 815
510 823
510 930
510 975
511 244
511 687
511 730
511 799
511 866
511 951
511 966
512 250
512 508
512 649
512 764
512 911
512 940
512 942
513 33
513 191
513 383
513 662
513 870
513 890
513 979
514 13
514 382
514 437
514 754
514 805
514 975
514 987
515 727
515 750
515 788
515 862
515 943
515 985
515 999
516 25
516 55
516 827
516 850
516 899
516 954
516 955
517 321
517 344
517 715
517 884
517 915
517 982
517 985
518 223
518 478
518 488
518 655
518 696
518 912
518 957
519 389
519 457
519 736
519 751
519 808
519 910
519 918
520 274
520 572
520 823
520 854
520 862
520 900
520 997
521 528
521 557
521 580
521 655
521 807
521 918
521 977
522 332
522 335
522 605
522 935
522 981
522 995
522 998
523 150
523 586
523 601
523 680
523 703
523 914
523 981
524 477
524 602
524 689
524 691
524 789
524 882
524 928
525 224
525 368
525 425
525 541
525 574
525 938
525 971
526 478
526 764
526 792
526 836
526 880
526 891
526 950
527 195
527 598
527 695
527 727
527 770
527 787
527 999
528 365
528 445
528 521
528 901
528 953
528 995
528 997
529 123
529 221
529 421
529 791
529 878
529 934
529 996
530 844
530 882
530 889
530 902
530 944
530 981
530 992
531 103
531 463
531 718
531 799
531 807
531 946
531 963
532 653
532 656
532 713
532 857
532 878
532 930
532 999
533 345
533 399
533 407
533 717
533 761
533 905
533 910
534 119
534 155
534 173
534 784
534 903
534 976
534 996
535 407
535 481
535 863
535 946
535 947
535 962
535 968
536 35
536 327
536 361
536 379
536 563
536 674
536 971
537 500
537 542
537 644
537 665
537 706
537 768
537 979
538 92
538 207
538 540
538 923
538 924
538 925
538 933
539 97
539 504
539 744
539 834
539 841
539 858
539 905
540 538
540 940
540 965
540 968
540 974
540 988
540 999
541 100
541 155
541 183
541 525
541 864
541 895
541 992
542 138
542 537
542 768
542 848
542 929
542 950
542 978
543 393
543 411
543 555
543 686
543 704
543 856
543 998
544 70
544 87
544 855
544 880
544 931
544 957
544 992
545 62
545 738
545 937
545 960
545 964
545 966
545 972
546 398
546 548
546 831
546 914
546 925
546 945
546 980
547 216
547 806
547 907
547 930
547 969
547 988
547 990
548 231
548 546
548 727
548 877
548 888
548 953
548 998
549 297
549 584
549 832
549 925
549 965
549 974
549 988
550 335
550 794
550 866
550 870
550 940
550 954
550 955
551 802
551 883
551 892
551 940
551 970
551 977
551 984
552 241
552 290
552 727
552 749
552 817
552 843
552 916
553 20
553 292
553 588
553 610
553 646
553 802
553 805
554 39
554 418
554 444
554 617
554 622
554 648
554 774
555 281
555 449
555 543
555 785
555 854
555 992
555 997
556 407
556 666
556 911
556 954
556 958
556 979
556 999
557 521
557 606
557 636
557 713
557 776
557 777
557 913
558 707
558 737
558 793
558 869
558 882
558 885
558 992
559 54
559 390
559 486
559 860
559 945
559 948
559 990
560 7
560 573
560 794
560 804
560 953
560 954
560 955
561 745
561 790
561 853
561 877
561 901
561 957
561 994
562 149
562 782
562 861
562 907
562 917
562 985
562 998
563 411
563 536
563 683
563 846
563 903
563 946
563 947
564 375
564 574
564 756
564 790
564 909
564 993
564 999
565 119
565 148
565 240
565 821
565 887
565 948
565 996
566 14
566 483
566 587
566 657
566 703
566 770
566 913
566 981
567 662
567 686
567 886
567 932
567 952
567 962
567 967
567 986
568 292
568 506
568 595
568 779
568 805
568 823
568 834
568 971
569 611
569 682
569 801
569 810
569 838
569 932
569 961
569 965
570 145
570 712
570 903
570 936
570 951
570 963
570 970
570 998
571 487
571 687
571 786
571 806
571 862
571 980
571 993
571 994
572 325
572 353
572 435
572 520
572 757
572 888
572 978
572 987
573 69
573 231
573 253
573 560
573 645
573 659
573 916
573 992
574 237
574 525
574 564
574 689
574 766
574 770
574 907
574 928
575 617
575 773
575 904
575 945
575 951
575 965
575 990
575 991
576 141
576 308
576 401
576 616
576 829
576 878
576 950
576 996
577 196
577 391
577 506
577 610
577 817
577 873
577 898
577 950
578 43
578 397
578 444
578 774
578 840
578 870
578 957
578 962
579 294
579 327
579 384
579 614
579 771
579 798
579 927
579 963
580 505
580 506
580 521
580 670
580 822
580 901
580 918
580 973
581 257
581 672
581 821
581 838
581 890
581 896
581 979
581 997
582 277
582 614
582 695
582 778
582 826
582 872
582 909
582 968
583 157
583 227
583 438
583 659
583 786
583 799
583 804
583 838
584 549
584 811
584 848
584 869
584 882
584 889
584 955
584 992
585 113
585 477
585 795
585 836
585 865
585 907
585 917
585 969
586 200
586 428
586 523
586 712
586 799
586 856
586 936
586 974
587 62
587 185
587 566
587 714
587 754
587 870
587 893
587 963
588 24
588 330
588 470
588 553
588 843
588 921
588 937
588 951
589 327
589 452
589 723
589 780
589 931
589 945
589 962
589 998
590 320
590 639
590 720
590 830
590 847
590 877
590 925
590 936
591 95
591 349
591 363
591 737
591 793
591 935
591 971
591 998
592 158
592 315
592 329
592 821
592 833
592 845
592 952
592 997
593 119
593 631
593 795
593 805
593 827
593 932
593 941
593 976
594 52
594 288
594 321
594 328
594 601
594 679
594 792
594 880
595 427
595 456
595 568
595 722
595 842
595 899
595 915
595 957
596 483
596 639
596 782
596 926
596 949
596 968
596 993
596 994
597 747
597 799
597 845
597 931
597 954
597 958
597 963
597 982
598 219
598 527
598 862
598 865
598 906
598 939
598 958
598 962
599 177
599 355
599 670
599 672
599 900
599 919
599 959
599 997
600 291
600 616
600 739
600 857
600 866
600 901
600 918
600 938
601 470
601 523
601 594
601 628
601 832
601 858
601 972
601 993
602 107
602 524
602 801
602 819
602 908
602 965
602 974
602 988
603 340
603 346
603 756
603 796
603 802
603 816
603 879
603 986
604 340
604 353
604 792
604 871
604 893
604 908
604 963
604 976
605 452
605 522
605 630
605 695
605 780
605 889
605 972
605 998
606 437
606 557
606 708
606 710
606 718
606 784
606 854
606 996
607 147
607 445
607 653
607 808
607 822
607 947
607 962
607 968
608 413
608 641
608 720
608 841
608 890
608 894
608 979
608 983
609 697
609 777
609 846
609 884
609 900
609 915
609 982
609 985
610 251
610 493
610 553
610 577
610 746
610 880
610 921
610 989
611 221
611 569
611 720
611 828
611 883
611 916
611 936
611 951
612 293
612 493
612 628
612 707
612 728
612 739
612 832
612 843
613 28
613 467
613 707
613 783
613 882
613 902
613 965
613 992
614 579
614 582
614 807
614 837
614 921
614 960
614 966
614 972
615 308
615 348
615 658
615 757
615 923
615 942
615 952
615 963
616 206
616 320
616 576
616 600
616 883
616 901
616 918
616 995
617 54
617 554
617 575
617 701
617 901
617 919
617 976
617 995
618 110
618 280
618 281
618 837
618 960
618 966
618 972
618 995
619 214
619 218
619 392
619 454
619 750
619 856
619 883
619 946
620 253
620 724
620 874
620 887
620 909
620 921
620 980
620 989
621 56
621 346
621 773
621 796
621 825
621 960
621 982
621 994
622 191
622 383
622 554
622 683
622 751
622 931
622 963
622 993
623 38
623 481
623 758
623 866
623 951
623 958
623 972
623 991
624 273
624 295
624 706
624 788
624 893
624 950
624 976
624 990
625 10
625 279
625 721
625 735
625 952
625 990
625 991
625 994
626 678
626 762
626 826
626 862
626 878
626 887
626 931
626 999
627 120
627 797
627 865
627 895
627 933
627 943
627 959
627 986
628 318
628 440
628 601
628 612
628 660
628 920
628 938
628 999
629 110
629 490
629 644
629 731
629 754
629 875
629 910
629 913
630 423
630 439
630 463
630 605
630 819
630 965
630 974
630 988
631 593
631 694
631 792
631 893
631 941
631 975
631 976
631 996
632 497
632 707
632 830
632 910
632 918
632 936
632 946
632 969
633 63
633 173
633 290
633 644
633 682
633 898
633 910
633 916
633 956
634 430
634 693
634 835
634 863
634 879
634 947
634 962
634 968
634 997
635 339
635 709
635 725
635 774
635 893
635 938
635 990
635 992
635 998
636 140
636 175
636 184
636 557
636 644
636 685
636 894
636 896
636 999
637 254
637 277
637 293
637 747
637 771
637 808
637 885
637 963
637 964
638 318
638 811
638 879
638 908
638 924
638 943
638 947
638 959
638 968
639 590
639 596
639 719
639 746
639 766
639 900
639 903
639 910
639 933
640 242
640 783
640 819
640 828
640 914
640 927
640 944
640 958
640 983
641 311
641 608
641 741
641 785
641 843
641 857
641 919
641 995
641 996
642 141
642 342
642 415
642 649
642 890
642 894
642 927
642 944
642 979
643 266
643 341
643 839
643 859
643 869
643 873
643 984
643 989
643 999
644 212
644 537
644 629
644 633
644 636
644 678
644 831
644 895
644 913
645 274
645 573
645 724
645 820
645 843
645 858
645 869
645 912
645 989
646 31
646 553
646 783
646 828
646 858
646 937
646 939
646 944
646 978
647 23
647 188
647 660
647 709
647 800
647 880
647 901
647 932
647 995
648 251
648 554
648 702
648 867
648 873
648 912
648 928
648 977
648 998
649 280
649 437
649 512
649 642
649 813
649 925
649 937
649 962
649 970
650 126
650 297
650 722
650 824
650 945
650 948
650 953
650 990
650 991
651 108
651 742
651 815
651 847
651 863
651 923
651 947
651 965
651 968
652 256
652 400
652 713
652 860
652 888
652 889
652 902
652 939
652 992
653 335
653 472
653 532
653 607
653 835
653 863
653 947
653 962
653 968
654 137
654 839
654 842
654 879
654 932
654 947
654 962
654 968
654 998
655 370
655 411
655 518
655 521
655 799
655 856
655 878
655 933
655 942
656 251
656 289
656 532
656 763
656 857
656 865
656 915
656 958
656 989
657 276
657 325
657 364
657 566
657 694
657 726
657 751
657 804
657 955
658 429
658 615
658 665
658 888
658 890
658 894
658 896
658 979
658 981
659 225
659 427
659 573
659 583
659 716
659 753
659 916
659 974
659 991
660 337
660 491
660 628
660 647
660 669
660 816
660 941
660 952
660 997
661 37
661 346
661 501
661 715
661 935
661 949
661 977
661 993
661 994
662 117
662 125
662 513
662 567
662 725
662 894
662 905
662 937
662 979
663 38
663 217
663 308
663 409
663 742
663 942
663 947
663 962
663 972
664 135
664 319
664 415
664 688
664 824
664 825
664 895
664 989
664 995
665 43
665 208
665 223
665 537
665 658
665 818
665 894
665 896
665 940
666 162
666 249
666 354
666 556
666 678
666 862
666 920
666 946
666 999
667 167
667 897
667 906
667 909
667 920
667 953
667 961
667 973
667 988
668 85
668 264
668 270
668 694
668 827
668 949
668 954
668 955
668 958
669 209
669 305
669 660
669 781
669 787
669 832
669 843
669 956
669 996
670 580
670 599
670 749
670 761
670 797
670 868
670 965
670 974
670 988
671 306
671 340
671 698
671 823
671 893
671 908
671 915
671 941
671 976
672 12
672 160
672 366
672 510
672 581
672 599
672 718
672 973
672 975
673 151
673 793
673 813
673 838
673 853
673 901
673 928
673 938
673 987
674 71
674 190
674 278
674 366
674 536
674 779
674 834
674 950
674 971
675 328
675 701
675 736
675 805
675 837
675 866
675 891
675 929
675 950
676 11
676 79
676 765
676 811
676 853
676 875
676 920
676 961
676 973
677 373
677 709
677 737
677 780
677 840
677 916
677 935
677 962
677 998
678 47
678 118
678 214
678 626
678 644
678 666
678 737
678 951
678 964
679 341
679 440
679 474
679 594
679 727
679 902
679 921
679 960
679 998
680 72
680 523
680 756
680 781
680 865
680 941
680 949
680 993
680 994
681 694
681 703
681 801
681 810
681 820
681 885
681 889
681 902
681 981
682 174
682 177
682 272
682 569
682 633
682 753
682 850
682 859
682 883
682 987
683 563
683 622
683 743
683 796
683 832
683 932
683 942
683 967
683 986
683 993
684 245
684 483
684 688
684 708
684 829
684 835
684 882
684 945
684 977
684 996
685 4
685 108
685 123
685 366
685 636
685 767
685 776
685 855
685 910
685 953
686 122
686 543
686 567
686 760
686 822
686 912
686 916
686 956
686 987
686 998
687 478
687 511
687 571
687 723
687 812
687 875
687 894
687 920
687 973
687 983
688 179
688 421
688 664
688 684
688 810
688 835
688 857
688 858
688 866
688 996
689 13
689 114
689 375
689 524
689 574
689 712
689 768
689 928
689 956
689 969
690 129
690 498
690 740
690 781
690 926
690 974
690 986
690 987
690 993
690 994
691 71
691 201
691 264
691 363
691 418
691 524
691 708
691 868
691 934
691 969
692 164
692 226
692 365
692 715
692 752
692 800
692 816
692 818
692 851
692 902
693 634
693 733
693 779
693 837
693 889
693 958
693 960
693 966
693 972
693 987
694 285
694 631
694 657
694 668
694 681
694 716
694 804
694 954
694 969
694 979
695 32
695 527
695 582
695 605
695 762
695 852
695 857
695 947
695 958
695 999
696 193
696 369
696 518
696 721
696 838
696 859
696 903
696 951
696 958
696 985
697 86
697 314
697 470
697 483
697 609
697 714
697 728
697 914
697 981
697 983
698 437
698 671
698 740
698 773
698 780
698 814
698 867
698 885
698 956
698 987
699 507
699 799
699 852
699 867
699 874
699 912
699 915
699 956
699 987
699 993
700 302
700 753
700 786
700 848
700 907
700 926
700 949
700 993
700 994
700 995
701 196
701 444
701 495
701 617
701 675
701 807
701 811
701 845
701 851
701 854
702 15
702 76
702 442
702 648
702 791
702 822
702 867
702 937
702 956
702 972
703 378
703 502
703 523
703 566
703 681
703 752
703 814
703 877
703 953
703 980
704 465
704 543
704 780
704 812
704 935
704 937
704 953
704 976
704 980
704 998
705 1
705 34
705 268
705 749
705 823
705 850
705 862
705 957
705 975
705 997
706 37
706 143
706 455
706 466
706 537
706 624
706 823
706 894
706 915
706 979
707 68
707 558
707 612
707 613
707 632
707 848
707 885
707 923
707 956
707 992
708 606
708 684
708 691
708 824
708 878
708 895
708 908
708 944
708 966
708 993
709 128
709 305
709 493
709 635
709 647
709 677
709 789
709 803
709 814
709 984
710 109
710 393
710 413
710 606
710 731
710 897
710 926
710 927
710 934
710 944
711 27
711 75
711 92
711 142
711 761
711 819
711 951
711 965
711 974
711 988
712 407
712 570
712 586
712 689
712 766
712 778
712 826
712 842
712 861
712 870
712 949
713 16
713 60
713 371
713 466
713 532
713 557
713 652
713 889
713 902
713 977
713 992
714 15
714 36
714 161
714 349
714 497
714 499
714 587
714 697
714 840
714 980
714 981
715 40
715 340
715 386
715 517
715 661
715 692
715 752
715 800
715 814
715 907
715 942
716 161
716 250
716 263
716 495
716 659
716 694
716 757
716 804
716 856
716 954
716 981
717 73
717 98
717 533
717 840
717 884
717 888
717 923
717 966
717 978
717 979
717 998
718 531
718 606
718 672
718 735
718 893
718 900
718 933
718 974
718 975
718 979
718 997
719 159
719 165
719 180
719 416
719 435
719 639
719 775
719 821
719 948
719 975
719 985
720 66
720 381
720 590
720 608
720 611
720 749
720 760
720 780
720 810
720 872
720 883
721 319
721 625
721 696
721 860
721 869
721 904
721 950
721 952
721 966
721 990
721 991
722 35
722 500
722 595
722 650
722 758
722 848
722 855
722 861
722 870
722 990
722 999
723 115
723 266
723 589
723 687
723 752
723 784
723 815
723 835
723 892
723 967
723 986
724 378
724 386
724 408
724 620
724 645
724 800
724 801
724 905
724 959
724 984
724 989
725 133
725 158
725 430
725 465
725 635
725 662
725 774
725 908
725 967
725 980
725 998
726 232
726 412
726 428
726 436
726 657
726 794
726 817
726 841
726 934
726 954
726 955
727 461
727 515
727 527
727 548
727 552
727 679
727 819
727 857
727 865
727 958
727 999
728 295
728 612
728 697
728 776
728 788
728 824
728 893
728 908
728 941
728 963
728 976
729 176
729 193
729 210
729 279
729 422
729 754
729 827
729 835
729 847
729 856
729 971
730 145
730 283
730 511
730 752
730 847
730 856
730 904
730 921
730 929
730 951
730 971
731 422
731 629
731 710
731 739
731 811
731 850
731 892
731 940
731 970
731 977
731 984
732 244
732 774
732 777
732 794
732 844
732 849
732 892
732 940
732 955
732 970
732 977
733 67
733 693
733 738
733 822
733 839
733 856
733 952
733 960
733 966
733 972
733 987
734 100
734 136
734 430
734 783
734 800
734 807
734 825
734 826
734 924
734 949
734 993
735 151
735 275
735 410
735 447
735 625
735 718
735 764
735 829
735 857
735 896
735 997
736 18
736 67
736 519
736 675
736 773
736 893
736 926
736 937
736 938
736 957
736 987
737 200
737 210
737 558
737 591
737 677
737 678
737 774
737 878
737 898
737 935
737 998
738 87
738 203
738 545
738 733
738 758
738 837
738 902
738 943
738 960
738 966
738 972
739 9
739 194
739 410
739 600
739 612
739 731
739 779
739 849
739 940
739 970
739 977
740 216
740 690
740 698
740 781
740 904
740 932
740 934
740 942
740 967
740 974
740 986
741 132
741 213
741 391
741 641
741 748
741 785
741 874
741 922
741 949
741 960
741 995
742 462
742 471
742 651
742 663
742 867
742 879
742 884
742 947
742 962
742 968
742 971
743 188
743 365
743 416
743 497
743 501
743 683
743 779
743 864
743 905
743 969
743 972
744 60
744 243
744 458
744 539
744 753
744 787
744 825
744 834
744 956
744 971
744 999
745 199
745 309
745 323
745 561
745 767
745 826
745 842
745 872
745 885
745 901
745 994
746 395
746 463
746 610
746 639
746 779
746 833
746 924
746 949
746 952
746 975
746 997
747 163
747 229
747 389
747 399
747 597
747 637
747 751
747 832
747 892
747 931
747 963
748 0
748 141
748 500
748 506
748 741
748 785
748 798
748 918
748 938
748 981
748 995
749 16
749 256
749 446
749 552
749 670
749 705
749 720
749 753
749 810
749 883
749 971
750 515
750 619
750 775
750 844
750 849
750 892
750 901
750 902
750 940
750 949
750 970
750 977
751 116
751 316
751 331
751 351
751 488
751 519
751 622
751 657
751 747
751 798
751 844
751 904
752 168
752 422
752 464
752 692
752 703
752 715
752 723
752 730
752 886
752 917
752 932
752 967
753 90
753 274
753 659
753 682
753 700
753 744
753 749
753 809
753 810
753 829
753 916
753 990
754 376
754 386
754 402
754 514
754 587
754 629
754 729
754 808
754 872
754 931
754 963
754 983
755 502
755 765
755 812
755 875
755 884
755 919
755 920
755 952
755 961
755 972
755 973
755 979
756 135
756 189
756 508
756 564
756 603
756 680
756 761
756 786
756 825
756 926
756 949
756 989
757 10
757 101
757 105
757 264
757 572
757 615
757 716
757 808
757 840
757 911
757 973
757 985
758 388
758 623
758 722
758 738
758 830
758 894
758 903
758 936
758 946
758 947
758 954
758 969
759 273
759 789
759 884
759 915
759 920
759 924
759 934
759 935
759 982
759 983
759 985
760 68
760 425
760 460
760 686
760 720
760 853
760 867
760 937
760 951
760 956
760 980
760 996
761 59
761 239
761 404
761 465
761 533
761 670
761 711
761 756
761 819
761 965
761 974
761 988
762 14
762 85
762 105
762 121
762 156
762 626
762 695
762 865
762 920
762 958
762 975
762 999
763 30
763 287
763 420
763 656
763 862
763 866
763 879
763 918
763 940
763 941
763 958
763 999
764 8
764 272
764 393
764 404
764 512
764 526
764 735
764 857
764 907
764 911
764 923
764 978
765 113
765 676
765 755
765 769
765 801
765 809
765 828
765 842
765 890
765 920
765 961
765 973
766 168
766 336
766 574
766 639
766 712
766 782
766 849
766 860
766 868
766 876
766 928
766 969
767 409
767 509
767 685
767 745
767 810
767 860
767 945
767 948
767 952
767 959
767 990
767 991
768 443
768 480
768 537
768 542
768 689
768 921
768 929
768 949
768 950
768 964
768 974
768 985
769 154
769 348
769 359
769 423
769 451
769 765
769 818
769 888
769 911
769 960
769 965
769 978
770 21
770 181
770 433
770 527
770 566
770 574
770 847
770 914
770 942
770 953
770 980
770 991
771 104
771 152
771 192
771 291
771 351
771 490
771 579
771 637
771 921
771 922
771 931
771 944
772 18
772 74
772 106
772 121
772 491
772 790
772 803
772 843
772 864
772 880
772 932
772 996
773 215
773 331
773 386
773 575
773 621
773 698
773 736
773 822
773 874
773 892
773 956
773 968
774 20
774 131
774 237
774 554
774 578
774 635
774 725
774 732
774 737
774 876
774 946
774 998
775 192
775 510
775 719
775 750
775 858
775 891
775 900
775 933
775 965
775 967
775 970
775 975
776 134
776 433
776 557
776 685
776 728
776 777
776 906
776 910
776 913
776 924
776 984
776 995
777 205
777 364
777 399
777 557
777 609
777 732
777 776
777 820
777 913
777 953
777 966
777 995
778 140
778 238
778 460
778 582
778 712
778 790
778 802
778 842
778 944
778 957
778 974
778 997
779 35
779 120
779 195
779 330
779 389
779 452
779 568
779 674
779 693
779 739
779 743
779 746
779 905
780 147
780 327
780 589
780 605
780 677
780 698
780 704
780 720
780 868
780 879
780 969
780 983
780 998
781 293
781 465
781 669
781 680
781 690
781 740
781 786
781 851
781 892
781 949
781 956
781 993
781 994
782 269
782 284
782 396
782 477
782 562
782 596
782 766
782 868
782 872
782 886
782 928
782 959
782 962
783 375
783 400
783 484
783 613
783 640
783 646
783 734
783 807
783 812
783 924
783 925
783 944
783 983
784 197
784 446
784 534
784 606
784 723
784 824
784 829
784 895
784 920
784 957
784 981
784 993
784 996
785 262
785 555
785 641
785 741
785 748
785 826
785 840
785 851
785 899
785 901
785 919
785 954
785 995
786 201
786 336
786 458
786 571
786 583
786 700
786 756
786 781
786 825
786 901
786 926
786 962
786 993
787 84
787 322
787 357
787 527
787 669
787 744
787 805
787 834
787 851
787 905
787 961
787 964
787 971
788 52
788 286
788 314
788 450
788 515
788 624
788 728
788 797
788 806
788 830
788 893
788 908
788 976
789 122
789 429
789 524
789 709
789 759
789 884
789 910
789 915
789 943
789 982
789 985
790 289
790 358
790 476
790 561
790 564
790 772
790 778
790 834
790 855
790 861
790 870
790 936
790 987
791 6
791 111
791 460
791 473
791 529
791 702
791 831
791 864
791 872
791 943
791 959
791 980
791 981
792 39
792 211
792 295
792 526
792 594
792 604
792 631
792 836
792 891
792 929
792 941
792 955
792 964
793 251
793 558
793 591
793 673
793 802
793 809
793 822
793 874
793 912
793 957
793 964
793 968
793 992
794 171
794 267
794 303
794 550
794 560
794 726
794 732
794 841
794 903
794 954
794 955
794 988
794 993
795 114
795 303
795 312
795 585
795 593
795 816
795 871
795 893
795 908
795 941
795 942
795 968
795 976
796 403
796 455
796 458
796 603
796 621
796 683
796 843
796 883
796 886
796 932
796 952
796 967
796 978
797 131
797 627
797 670
797 788
797 864
797 873
797 898
797 909
797 929
797 944
797 984
797 986
797 993
798 17
798 116
798 269
798 476
798 579
798 748
798 751
798 826
798 845
798 880
798 903
798 963
798 964
799 242
799 362
799 497
799 511
799 531
799 583
799 586
799 597
799 655
799 699
799 847
799 930
799 994
800 66
800 164
800 195
800 286
800 647
800 692
800 715
800 724
800 734
800 882
800 886
800 945
800 986
800 993
801 1
801 5
801 34
801 215
801 230
801 478
801 569
801 602
801 681
801 724
801 765
801 920
801 958
801 978
802 310
802 551
802 553
802 603
802 778
802 793
802 803
802 813
802 828
802 853
802 867
802 912
802 956
802 987
803 23
803 27
803 252
803 505
803 709
803 772
803 802
803 832
803 845
803 893
803 922
803 955
803 966
803 997
804 172
804 227
804 319
804 560
804 583
804 657
804 694
804 716
804 827
804 841
804 946
804 990
804 997
804 999
805 24
805 138
805 409
805 514
805 553
805 568
805 593
805 675
805 787
805 836
805 864
805 929
805 950
805 964
806 36
806 66
806 124
806 203
806 503
806 547
806 571
806 788
806 868
806 896
806 907
806 917
806 939
806 969
807 438
807 451
807 521
807 531
807 614
807 701
807 734
807 783
807 851
807 858
807 875
807 918
807 919
807 995
808 220
808 232
808 285
808 302
808 418
808 519
808 607
808 637
808 754
808 757
808 905
808 931
808 960
808 963
809 401
809 426
809 462
809 506
809 753
809 765
809 793
809 853
809 867
809 937
809 938
809 956
809 981
809 987
810 272
810 457
810 569
810 681
810 688
810 720
810 749
810 753
810 767
810 821
810 838
810 839
810 874
810 952
811 337
811 394
811 507
811 584
811 638
811 676
811 701
811 731
811 851
811 918
811 919
811 959
811 968
811 995
812 163
812 263
812 687
812 704
812 755
812 783
812 844
812 906
812 920
812 934
812 939
812 961
812 970
812 973
813 209
813 357
813 382
813 649
813 673
813 802
813 853
813 868
813 900
813 930
813 940
813 987
813 997
813 998
814 329
814 387
814 498
814 698
814 703
814 709
814 715
814 832
814 843
814 862
814 880
814 921
814 974
814 976
815 400
815 510
815 651
815 723
815 816
815 914
815 934
815 935
815 942
815 960
815 967
815 976
815 986
815 991
816 389
816 403
816 502
816 603
816 660
816 692
816 795
816 815
816 885
816 917
816 932
816 936
816 942
816 961
817 29
817 429
817 552
817 577
817 726
817 896
817 899
817 909
817 930
817 938
817 964
817 979
817 989
817 991
818 125
818 468
818 665
818 692
818 769
818 840
818 861
818 888
818 911
818 923
818 978
818 980
818 990
818 995
819 249
819 329
819 479
819 602
819 630
819 640
819 711
819 727
819 761
819 965
819 968
819 974
819 988
819 995
820 279
820 323
820 371
820 459
820 645
820 681
820 777
820 848
820 885
820 888
820 902
820 992
820 996
820 998
821 228
821 274
821 565
821 581
821 592
821 719
821 810
821 823
821 837
821 894
821 900
821 953
821 965
821 992
821 997
822 67
822 383
822 439
822 580
822 607
822 686
822 702
822 733
822 773
822 793
822 874
822 894
822 935
822 987
822 991
823 130
823 356
823 381
823 388
823 439
823 510
823 520
823 568
823 671
823 705
823 706
823 821
823 890
823 933
823 997
824 261
824 292
824 650
824 664
824 708
824 728
824 784
824 827
824 829
824 835
824 854
824 895
824 896
824 936
824 996
825 174
825 387
825 621
825 664
825 734
825 744
825 756
825 786
825 864
825 869
825 910
825 926
825 949
825 984
825 990
826 82
826 479
826 582
826 626
826 712
826 734
826 745
826 785
826 798
826 845
826 861
826 872
826 912
826 957
826 964
827 136
827 254
827 516
827 593
827 668
827 729
827 804
827 824
827 841
827 894
827 910
827 954
827 955
827 981
827 995
828 61
828 303
828 417
828 500
828 611
828 640
828 646
828 765
828 802
828 852
828 869
828 897
828 925
828 983
828 996
829 32
829 224
829 370
829 415
829 484
829 576
829 684
829 735
829 753
829 784
829 824
829 937
829 981
829 987
829 996
830 225
830 278
830 283
830 396
830 422
830 428
830 590
830 632
830 758
830 788
830 831
830 887
830 903
830 946
830 999
831 51
831 166
831 292
831 546
831 644
831 791
831 830
831 846
831 852
831 876
831 915
831 924
831 939
831 983
831 984
832 505
832 549
832 601
832 612
832 669
832 683
832 747
832 803
832 814
832 843
832 921
832 946
832 959
832 967
832 983
833 121
833 246
833 288
833 343
833 347
833 473
833 592
833 746
833 861
833 900
833 948
833 961
833 969
833 975
833 997
834 242
834 260
834 365
834 539
834 568
834 674
834 744
834 787
834 790
834 854
834 874
834 905
834 958
834 971
834 979
835 10
835 129
835 457
835 494
835 634
835 653
835 684
835 688
835 723
835 729
835 824
835 878
835 958
835 996
835 997
836 151
836 343
836 440
836 443
836 526
836 585
836 792
836 805
836 887
836 891
836 929
836 950
836 961
836 964
836 994
837 232
837 614
837 618
837 675
837 693
837 738
837 821
837 876
837 880
837 888
837 960
837 966
837 972
837 978
837 997
838 140
838 283
838 324
838 446
838 569
838 581
838 583
838 673
838 696
838 810
838 839
838 842
838 883
838 905
838 995
839 43
839 222
839 257
839 324
839 375
839 381
839 643
839 654
839 733
839 810
839 838
839 901
839 916
839 990
839 998
840 155
840 259
840 353
840 578
840 677
840 714
840 717
840 757
840 785
840 818
840 888
840 894
840 911
840 973
840 978
840 991
841 55
841 161
841 252
841 325
841 539
841 608
841 726
841 794
841 804
841 827
841 871
841 916
841 918
841 955
841 966
841 987
842 149
842 277
842 283
842 397
842 595
842 654
842 712
842 745
842 765
842 778
842 838
842 855
842 870
842 917
842 960
842 968
843 51
843 498
843 552
843 588
843 612
843 641
843 645
843 669
843 772
843 796
843 814
843 832
843 858
843 921
843 934
843 995
844 153
844 265
844 477
844 530
844 732
844 750
844 751
844 812
844 849
844 859
844 865
844 892
844 925
844 940
844 970
844 977
845 59
845 185
845 334
845 380
845 487
845 490
845 592
845 597
845 701
845 798
845 803
845 826
845 931
845 950
845 963
845 975
846 73
846 100
846 229
846 396
846 482
846 563
846 609
846 831
846 899
846 921
846 924
846 925
846 927
846 939
846 947
846 983
847 88
847 392
847 590
847 651
847 729
847 730
847 770
847 799
847 855
847 866
847 946
847 951
847 962
847 974
847 982
847 985
848 67
848 106
848 279
848 341
848 542
848 584
848 700
848 707
848 722
848 820
848 871
848 885
848 902
848 983
848 987
848 992
849 44
849 112
849 406
849 408
849 732
849 739
849 750
849 766
849 844
849 865
849 892
849 911
849 940
849 970
849 977
849 997
850 244
850 275
850 366
850 516
850 682
850 705
850 731
850 900
850 903
850 933
850 948
850 961
850 975
850 988
850 993
850 997
851 184
851 339
851 443
851 506
851 692
851 701
851 781
851 785
851 787
851 807
851 811
851 918
851 920
851 986
851 995
851 998
852 181
852 367
852 396
852 443
852 468
852 508
852 695
852 699
852 828
852 831
852 924
852 927
852 935
852 939
852 944
852 983
853 77
853 449
853 561
853 673
853 676
853 760
853 802
853 809
853 813
853 873
853 874
853 898
853 909
853 938
853 956
853 975
854 32
854 88
854 237
854 307
854 400
854 520
854 555
854 606
854 701
854 824
854 834
854 878
854 895
854 912
854 964
854 996
855 162
855 236
855 309
855 324
855 397
855 492
855 544
855 685
855 722
855 790
855 842
855 847
855 870
855 872
855 957
855 986
855 990
856 39
856 103
856 241
856 344
856 543
856 586
856 619
856 655
856 716
856 729
856 730
856 733
856 903
856 918
856 936
856 951
856 963
857 72
857 352
857 420
857 532
857 600
857 641
857 656
857 688
857 695
857 727
857 735
857 764
857 886
857 907
857 940
857 958
857 999
858 190
858 539
858 601
858 645
858 646
858 688
858 775
858 807
858 843
858 868
858 887
858 898
858 930
858 943
858 959
858 982
858 984
859 174
859 367
859 643
859 682
859 696
859 844
859 869
859 898
859 909
859 918
859 930
859 943
859 959
859 967
859 984
859 988
859 996
860 395
860 470
860 489
860 559
860 652
860 721
860 766
860 767
860 904
860 919
860 945
860 948
860 952
860 965
860 979
860 990
860 991
861 126
861 427
861 456
861 494
861 500
861 509
861 562
861 712
861 722
861 790
861 818
861 826
861 833
861 872
861 900
861 957
861 961
862 353
862 489
862 515
862 520
862 571
862 598
862 626
862 666
862 705
862 763
862 814
862 865
862 954
862 958
862 973
862 984
862 999
863 358
863 426
863 535
863 634
863 651
863 653
863 879
863 908
863 927
863 931
863 950
863 956
863 962
863 968
863 978
863 985
863 999
864 93
864 202
864 284
864 351
864 473
864 541
864 743
864 772
864 791
864 797
864 805
864 825
864 899
864 908
864 943
864 984
864 989
865 377
865 481
865 585
865 598
865 627
865 656
865 680
865 727
865 762
865 844
865 849
865 862
865 872
865 937
865 958
865 964
865 999
866 210
866 268
866 369
866 496
866 497
866 511
866 550
866 600
866 623
866 675
866 688
866 763
866 847
866 903
866 919
866 951
866 993
867 95
867 304
867 377
867 648
867 698
867 699
867 702
867 742
867 760
867 802
867 809
867 928
867 933
867 938
867 940
867 956
867 970
868 269
868 354
868 457
868 670
868 691
868 766
868 780
868 782
868 806
868 813
868 858
868 896
868 907
868 917
868 953
868 969
868 994
869 271
869 410
869 431
869 469
869 558
869 584
869 643
869 645
869 721
869 825
869 828
869 859
869 887
869 959
869 966
869 973
869 984
869 989
870 43
870 64
870 262
870 282
870 348
870 427
870 513
870 550
870 578
870 587
870 712
870 722
870 790
870 842
870 855
870 896
870 909
870 921
871 6
871 64
871 137
871 139
871 234
871 368
871 604
871 795
871 841
871 848
871 881
871 895
871 908
871 941
871 972
871 976
871 977
871 986
872 94
872 178
872 289
872 309
872 582
872 720
872 745
872 754
872 782
872 791
872 826
872 855
872 861
872 865
872 888
872 956
872 957
872 995
873 65
873 284
873 334
873 494
873 577
873 643
873 648
873 797
873 853
873 887
873 899
873 909
873 945
873 959
873 973
873 984
873 985
873 994
874 65
874 244
874 503
874 620
874 699
874 741
874 773
874 793
874 810
874 822
874 834
874 853
874 912
874 934
874 948
874 956
874 984
874 987
875 91
875 97
875 201
875 235
875 304
875 629
875 676
875 687
875 755
875 807
875 906
875 920
875 961
875 970
875 974
875 986
875 989
875 993
876 196
876 293
876 371
876 405
876 408
876 766
876 774
876 831
876 837
876 891
876 897
876 922
876 924
876 927
876 939
876 942
876 983
876 986
876 999
877 0
877 17
877 111
877 165
877 207
877 208
877 548
877 561
877 590
877 703
877 914
877 917
877 928
877 949
877 953
877 971
877 978
877 980
877 981
878 88
878 103
878 135
878 401
878 529
878 532
878 576
878 626
878 655
878 708
878 737
878 835
878 854
878 895
878 928
878 950
878 961
878 971
878 989
879 29
879 101
879 137
879 378
879 481
879 603
879 634
879 638
879 654
879 742
879 763
879 780
879 863
879 929
879 947
879 962
879 968
879 985
879 991
880 27
880 130
880 491
880 526
880 544
880 594
880 610
880 647
880 772
880 798
880 814
880 837
880 921
880 930
880 946
880 960
880 961
880 963
880 996
881 61
881 133
881 323
881 333
881 410
881 485
881 871
881 887
881 898
881 899
881 901
881 909
881 918
881 941
881 959
881 982
881 988
881 989
881 991
882 6
882 243
882 316
882 333
882 335
882 372
882 507
882 524
882 530
882 558
882 584
882 613
882 684
882 800
882 885
882 889
882 941
882 942
882 992
883 90
883 92
883 222
883 225
883 298
883 324
883 337
883 551
883 611
883 616
883 619
883 682
883 720
883 749
883 796
883 838
883 916
883 931
883 963
884 62
884 247
884 454
884 461
884 517
884 609
884 717
884 742
884 755
884 759
884 789
884 897
884 905
884 915
884 978
884 982
884 983
884 985
885 182
885 435
885 469
885 483
885 558
885 637
885 681
885 698
885 707
885 745
885 816
885 820
885 848
885 882
885 889
885 930
885 953
885 969
885 992
886 81
886 182
886 448
886 485
886 567
886 752
886 782
886 796
886 800
886 857
886 917
886 932
886 934
886 938
886 942
886 967
886 980
886 985
886 986
886 987
887 3
887 120
887 139
887 199
887 323
887 440
887 487
887 565
887 620
887 626
887 830
887 836
887 858
887 869
887 873
887 881
887 959
887 978
887 984
887 991
888 96
888 213
888 259
888 354
888 489
888 548
888 572
888 652
888 658
888 717
888 769
888 818
888 820
888 837
888 840
888 872
888 923
888 931
888 978
888 994
889 27
889 331
889 507
889 530
889 584
889 605
889 652
889 681
889 693
889 713
889 882
889 885
889 902
889 907
889 922
889 946
889 968
889 969
889 978
889 992
890 260
890 277
890 311
890 345
890 413
890 477
890 513
890 581
890 608
890 642
890 658
890 765
890 823
890 894
890 896
890 901
890 941
890 967
890 979
890 980
891 142
891 211
891 236
891 453
891 493
891 526
891 675
891 775
891 792
891 836
891 876
891 939
891 941
891 947
891 950
891 954
891 964
891 981
891 987
891 994
892 225
892 228
892 372
892 402
892 441
892 551
892 723
892 731
892 732
892 747
892 750
892 773
892 781
892 844
892 849
892 940
892 970
892 977
892 990
892 997
893 306
893 587
893 604
893 624
893 631
893 635
893 671
893 718
893 728
893 736
893 788
893 795
893 803
893 911
893 912
893 924
893 939
893 941
893 966
893 976
894 203
894 352
894 474
894 608
894 636
894 642
894 658
894 662
894 665
894 687
894 706
894 758
894 821
894 822
894 827
894 840
894 890
894 896
894 957
894 979
895 171
895 307
895 449
895 457
895 475
895 494
895 541
895 627
895 644
895 664
895 708
895 784
895 824
895 854
895 871
895 878
895 958
895 979
895 996
895 997
896 167
896 316
896 355
896 397
896 413
896 424
896 455
896 581
896 636
896 658
896 665
896 735
896 806
896 817
896 824
896 868
896 870
896 890
896 894
896 979
897 26
897 111
897 288
897 350
897 405
897 471
897 667
897 710
897 828
897 876
897 884
897 907
897 920
897 925
897 939
897 944
897 945
897 946
897 948
897 983
898 63
898 110
898 361
898 429
898 577
898 633
898 737
898 797
898 853
898 858
898 859
898 881
898 923
898 930
898 943
898 959
898 963
898 970
898 972
898 998
899 285
899 493
899 516
899 595
899 785
899 817
899 846
899 864
899 873
899 881
899 909
899 930
899 932
899 934
899 943
899 946
899 959
899 979
899 988
899 989
900 177
900 268
900 395
900 403
900 504
900 520
900 599
900 609
900 639
900 718
900 775
900 813
900 821
900 833
900 850
900 861
900 930
900 968
900 972
900 991
900 992
901 528
901 561
901 580
901 600
901 616
901 617
901 647
901 673
901 745
901 750
901 785
901 786
901 839
901 881
901 890
901 907
901 918
901 919
901 922
901 995
901 997
902 2
902 78
902 414
902 469
902 530
902 613
902 652
902 679
902 681
902 692
902 713
902 738
902 750
902 820
902 848
902 889
902 913
902 958
902 976
902 992
902 998
903 36
903 342
903 356
903 388
903 434
903 445
903 534
903 563
903 570
903 639
903 696
903 758
903 794
903 798
903 830
903 850
903 856
903 866
903 915
903 944
903 954
904 23
904 72
904 102
904 247
904 270
904 392
904 464
904 575
904 721
904 730
904 740
904 751
904 860
904 926
904 940
904 945
904 948
904 952
904 968
904 990
904 991
905 25
905 99
905 169
905 188
905 195
905 313
905 338
905 450
905 533
905 539
905 662
905 724
905 743
905 779
905 787
905 808
905 834
905 838
905 884
905 939
905 971
906 201
906 230
906 233
906 260
906 304
906 374
906 425
906 434
906 466
906 598
906 667
906 776
906 812
906 875
906 920
906 945
906 961
906 973
906 979
906 988
906 993
907 185
907 234
907 310
907 489
907 503
907 547
907 562
907 574
907 585
907 700
907 715
907 764
907 806
907 857
907 868
907 889
907 897
907 901
907 917
907 969
907 999
908 102
908 224
908 368
908 399
908 405
908 472
908 602
908 604
908 638
908 671
908 708
908 725
908 728
908 788
908 795
908 863
908 864
908 871
908 941
908 976
908 981
909 175
909 360
909 495
909 564
909 582
909 620
909 667
909 797
909 817
909 853
909 859
909 870
909 873
909 881
909 899
909 930
909 959
909 978
909 984
909 989
909 994
910 4
910 108
910 227
910 236
910 249
910 345
910 433
910 475
910 519
910 533
910 629
910 632
910 633
910 639
910 685
910 776
910 789
910 825
910 827
910 913
910 986
911 98
911 136
911 175
911 213
911 328
911 402
911 416
911 423
911 512
911 556
911 757
911 764
911 769
911 818
911 840
911 849
911 893
911 921
911 923
911 964
911 978
911 985
912 13
912 508
912 518
912 645
912 648
912 686
912 699
912 793
912 802
912 826
912 854
912 874
912 893
912 932
912 935
912 937
912 938
912 949
912 952
912 956
912 987
912 989
913 54
913 57
913 106
913 129
913 166
913 212
913 278
913 300
913 406
913 557
913 566
913 629
913 644
913 776
913 777
913 902
913 910
913 929
913 935
913 947
913 969
913 994
914 23
914 238
914 297
914 299
914 426
914 434
914 462
914 482
914 523
914 546
914 640
914 697
914 770
914 815
914 877
914 926
914 928
914 953
914 980
914 981
914 990
914 999
915 222
915 326
915 360
915 374
915 442
915 461
915 517
915 595
915 609
915 656
915 671
915 699
915 706
915 759
915 789
915 831
915 884
915 903
915 935
915 959
915 982
915 983
915 985
916 107
916 123
916 204
916 220
916 227
916 317
916 346
916 375
916 472
916 552
916 573
916 611
916 633
916 659
916 677
916 686
916 753
916 839
916 841
916 883
916 939
916 962
916 989
917 69
917 89
917 177
917 264
917 269
917 271
917 371
917 390
917 421
917 503
917 562
917 585
917 752
917 806
917 816
917 842
917 868
917 877
917 886
917 907
917 928
917 934
917 969
918 2
918 344
918 498
918 519
918 521
918 580
918 600
918 616
918 632
918 748
918 763
918 807
918 811
918 841
918 851
918 856
918 859
918 881
918 901
918 978
918 988
918 989
918 995
919 148
919 281
919 311
919 344
919 394
919 451
919 599
919 617
919 641
919 755
919 785
919 807
919 811
919 860
919 866
919 901
919 922
919 942
919 946
919 964
919 988
919 989
919 995
920 18
920 312
920 439
920 628
920 666
920 667
920 676
920 687
920 755
920 759
920 762
920 765
920 784
920 801
920 812
920 851
920 875
920 897
920 906
920 961
920 973
920 980
920 985
921 18
921 288
921 305
921 387
921 474
921 588
921 610
921 614
921 620
921 679
921 730
921 768
921 771
921 814
921 832
921 843
921 846
921 870
921 880
921 911
921 925
921 960
921 966
922 21
922 28
922 184
922 200
922 233
922 437
922 444
922 451
922 506
922 741
922 771
922 803
922 876
922 889
922 901
922 919
922 924
922 933
922 951
922 954
922 961
922 971
922 995
923 73
923 105
923 126
923 276
923 350
923 453
923 489
923 538
923 615
923 651
923 707
923 717
923 764
923 818
923 888
923 898
923 911
923 947
923 958
923 978
923 993
923 994
923 998
924 82
924 96
924 191
924 241
924 268
924 538
924 638
924 734
924 746
924 759
924 776
924 783
924 831
924 846
924 852
924 876
924 893
924 922
924 925
924 927
924 939
924 977
924 983
925 113
925 154
925 166
925 216
925 252
925 254
925 332
925 408
925 538
925 546
925 549
925 590
925 649
925 783
925 828
925 844
925 846
925 897
925 921
925 924
925 930
925 944
925 980
926 174
926 299
926 377
926 380
926 421
926 499
926 596
926 690
926 700
926 710
926 736
926 756
926 786
926 825
926 904
926 914
926 930
926 936
926 956
926 978
926 982
926 993
926 994
927 208
927 293
927 339
927 343
927 350
927 393
927 403
927 420
927 471
927 501
927 579
927 640
927 642
927 710
927 846
927 852
927 863
927 876
927 924
927 936
927 963
927 977
927 983
928 36
928 60
928 83
928 271
928 310
928 336
928 390
928 406
928 524
928 574
928 648
928 673
928 689
928 766
928 782
928 867
928 877
928 878
928 914
928 917
928 961
928 969
928 988
928 996
929 7
929 86
929 186
929 236
929 328
929 408
929 456
929 505
929 508
929 542
929 675
929 730
929 768
929 792
929 797
929 805
929 836
929 879
929 913
929 947
929 957
929 964
929 994
929 996
930 131
930 222
930 255
930 412
930 460
930 462
930 510
930 532
930 547
930 799
930 813
930 817
930 858
930 859
930 880
930 885
930 898
930 899
930 900
930 909
930 925
930 926
930 943
930 984
930 989
931 42
931 48
931 59
931 62
931 142
931 317
931 394
931 490
931 544
931 589
931 597
931 622
931 626
931 747
931 754
931 771
931 808
931 845
931 863
931 883
931 888
931 945
931 963
931 982
931 986
932 89
932 257
932 286
932 296
932 369
932 378
932 456
932 567
932 569
932 593
932 647
932 654
932 683
932 740
932 752
932 772
932 796
932 816
932 886
932 899
932 912
932 934
932 936
932 942
932 986
933 151
933 162
933 165
933 202
933 246
933 282
933 348
933 463
933 538
933 627
933 639
933 655
933 718
933 775
933 823
933 850
933 867
933 922
933 936
933 939
933 963
933 975
933 981
933 993
933 997
934 42
934 68
934 77
934 138
934 230
934 321
934 402
934 502
934 529
934 691
934 710
934 726
934 740
934 759
934 812
934 815
934 843
934 874
934 886
934 899
934 917
934 932
934 942
934 967
934 986
935 1
935 48
935 159
935 202
935 281
935 361
935 363
935 452
935 484
935 487
935 522
935 591
935 661
935 677
935 704
935 737
935 759
935 815
935 822
935 852
935 912
935 913
935 915
935 972
935 998
936 38
936 250
936 313
936 369
936 422
936 445
936 488
936 509
936 570
936 586
936 590
936 611
936 632
936 758
936 790
936 816
936 824
936 856
936 926
936 927
936 932
936 933
936 946
936 951
936 959
936 991
937 46
937 112
937 147
937 199
937 224
937 252
937 331
937 439
937 545
937 588
937 646
937 649
937 662
937 702
937 704
937 736
937 760
937 809
937 829
937 865
937 912
937 938
937 977
937 984
937 987
937 991
938 56
938 178
938 186
938 209
938 220
938 280
938 331
938 341
938 475
938 492
938 525
938 600
938 628
938 635
938 673
938 736
938 748
938 809
938 817
938 853
938 867
938 886
938 912
938 937
938 987
938 996
939 109
939 154
939 183
939 216
939 229
939 358
939 498
939 598
939 646
939 652
939 806
939 812
939 831
939 846
939 852
939 876
939 891
939 893
939 897
939 905
939 916
939 924
939 933
939 944
939 975
939 983
940 125
940 178
940 248
940 385
940 492
940 512
940 540
940 550
940 551
940 665
940 731
940 732
940 739
940 750
940 763
940 813
940 844
940 849
940 857
940 867
940 892
940 904
940 949
940 970
940 974
940 977
941 5
941 52
941 132
941 207
941 330
941 368
941 450
941 593
941 631
941 660
941 671
941 680
941 728
941 763
941 792
941 795
941 871
941 881
941 882
941 890
941 891
941 893
941 908
941 948
941 967
941 976
941 984
942 58
942 77
942 340
942 400
942 417
942 419
942 420
942 512
942 615
942 655
942 663
942 683
942 715
942 740
942 770
942 795
942 815
942 816
942 876
942 882
942 886
942 919
942 932
942 934
942 967
942 986
942 992
943 282
943 325
943 413
943 429
943 431
943 447
943 448
943 460
943 472
943 504
943 515
943 627
943 638
943 738
943 789
943 791
943 858
943 859
943 864
943 898
943 899
943 930
943 959
943 977
943 980
943 984
943 990
944 9
944 31
944 92
944 197
944 257
944 309
944 484
944 504
944 530
944 640
944 642
944 646
944 708
944 710
944 771
944 778
944 783
944 797
944 852
944 897
944 903
944 925
944 939
944 976
944 983
944 992
944 995
945 115
945 150
945 376
945 383
945 467
945 546
945 559
945 575
945 589
945 650
945 684
945 767
945 800
945 860
945 873
945 897
945 904
945 906
945 931
945 948
945 952
945 967
945 971
945 977
945 990
945 991
945 996
946 9
946 19
946 95
946 320
946 392
946 405
946 488
946 531
946 535
946 563
946 619
946 632
946 666
946 758
946 774
946 804
946 830
946 832
946 847
946 880
946 889
946 897
946 899
946 919
946 936
946 951
946 976
947 150
947 324
947 330
947 358
947 378
947 502
947 535
947 563
947 607
947 634
947 638
947 651
947 653
947 654
947 663
947 695
947 742
947 758
947 846
947 879
947 891
947 913
947 923
947 929
947 955
947 962
947 968
948 115
948 134
948 169
948 383
948 390
948 398
948 419
948 469
948 559
948 565
948 650
948 719
948 767
948 833
948 850
948 860
948 874
948 897
948 904
948 941
948 945
948 949
948 952
948 986
948 990
948 991
948 995
949 238
949 294
949 373
949 430
949 499
949 596
949 661
949 668
949 680
949 700
949 712
949 734
949 741
949 746
949 750
949 756
949 768
949 781
949 825
949 877
949 912
949 940
949 948
949 957
949 961
949 986
949 993
949 994
950 31
950 194
950 246
950 259
950 302
950 316
950 328
950 409
950 448
950 453
950 464
950 526
950 542
950 576
950 577
950 624
950 674
950 675
950 721
950 768
950 805
950 836
950 845
950 863
950 878
950 891
950 952
950 964
951 46
951 75
951 163
951 219
951 242
951 301
951 411
951 477
951 511
951 570
951 575
951 588
951 611
951 623
951 678
951 696
951 711
951 730
951 760
951 847
951 856
951 866
951 922
951 936
951 946
951 974
951 977
951 979
951 991
951 996
952 7
952 53
952 134
952 267
952 280
952 315
952 376
952 398
952 459
952 567
952 592
952 615
952 625
952 660
952 721
952 733
952 746
952 755
952 767
952 796
952 810
952 860
952 904
952 912
952 945
952 948
952 950
952 967
952 990
952 991
953 50
953 81
953 179
953 211
953 261
953 314
953 355
953 426
953 436
953 462
953 482
953 496
953 528
953 548
953 560
953 650
953 667
953 685
953 703
953 704
953 770
953 777
953 821
953 868
953 877
953 885
953 914
953 965
953 980
953 981
954 19
954 245
954 250
954 270
954 319
954 379
954 380
954 385
954 410
954 468
954 516
954 550
954 556
954 560
954 597
954 668
954 694
954 716
954 726
954 758
954 785
954 794
954 827
954 862
954 891
954 903
954 922
954 955
954 967
954 975
954 976
955 94
955 148
955 180
955 245
955 276
955 305
955 385
955 412
955 468
955 503
955 516
955 550
955 560
955 584
955 657
955 668
955 726
955 732
955 792
955 794
955 803
955 827
955 841
955 947
955 954
955 970
955 979
955 983
955 986
955 990
955 994
956 105
956 277
956 304
956 425
956 439
956 453
956 633
956 669
956 686
956 689
956 698
956 699
956 702
956 707
956 744
956 760
956 773
956 781
956 802
956 809
956 853
956 863
956 867
956 872
956 874
956 912
956 926
956 970
956 987
956 992
956 999
957 49
957 82
957 108
957 204
957 221
957 229
957 282
957 315
957 479
957 500
957 509
957 518
957 544
957 561
957 578
957 595
957 705
957 736
957 778
957 784
957 793
957 826
957 855
957 861
957 872
957 894
957 929
957 949
957 962
957 974
957 989
957 993
958 96
958 97
958 197
958 295
958 379
958 481
958 503
958 556
958 597
958 598
958 623
958 640
958 656
958 668
958 693
958 695
958 696
958 727
958 762
958 763
958 801
958 834
958 835
958 857
958 862
958 865
958 895
958 902
958 923
958 973
958 994
958 999
959 35
959 50
959 240
959 284
959 312
959 333
959 361
959 438
959 447
959 474
959 599
959 627
959 638
959 724
959 767
959 782
959 791
959 811
959 832
959 858
959 859
959 869
959 873
959 881
959 887
959 898
959 899
959 909
959 915
959 936
959 943
959 967
959 982
960 53
960 70
960 104
960 107
960 258
960 273
960 298
960 299
960 343
960 364
960 486
960 505
960 545
960 614
960 618
960 621
960 679
960 693
960 733
960 738
960 741
960 769
960 808
960 815
960 837
960 842
960 880
960 921
960 966
960 972
960 987
960 995
960 997
961 0
961 33
961 34
961 93
961 144
961 239
961 301
961 306
961 312
961 404
961 466
961 478
961 569
961 667
961 676
961 755
961 765
961 787
961 812
961 816
961 833
961 836
961 850
961 861
961 875
961 878
961 880
961 906
961 920
961 922
961 928
961 949
961 973
962 12
962 47
962 84
962 122
962 217
962 418
962 500
962 535
962 567
962 578
962 589
962 598
962 607
962 634
962 649
962 653
962 654
962 663
962 677
962 742
962 782
962 786
962 847
962 863
962 879
962 916
962 947
962 957
962 968
962 980
962 985
962 987
962 992
963 34
963 232
963 317
963 334
963 384
963 402
963 459
963 476
963 480
963 501
963 531
963 570
963 579
963 587
963 597
963 604
963 615
963 622
963 637
963 728
963 747
963 754
963 798
963 808
963 845
963 856
963 880
963 883
963 898
963 927
963 931
963 933
963 989
963 996
964 7
964 86
964 91
964 142
964 170
964 194
964 198
964 289
964 351
964 367
964 409
964 453
964 456
964 480
964 486
964 545
964 637
964 678
964 768
964 787
964 792
964 793
964 798
964 805
964 817
964 826
964 836
964 854
964 865
964 891
964 911
964 919
964 929
964 950
965 11
965 79
965 152
965 347
965 370
965 432
965 479
965 485
965 495
965 540
965 549
965 569
965 575
965 602
965 613
965 630
965 651
965 670
965 711
965 761
965 769
965 775
965 819
965 821
965 860
965 953
965 967
965 974
965 976
965 981
965 982
965 983
965 988
965 999
966 26
966 40
966 53
966 70
966 76
966 86
966 127
966 167
966 248
966 255
966 273
966 298
966 441
966 486
966 511
966 545
966 614
966 618
966 693
966 708
966 717
966 721
966 733
966 738
966 777
966 803
966 837
966 841
966 869
966 893
966 921
966 960
966 972
966 986
967 20
967 42
967 70
967 80
967 170
967 296
967 390
967 403
967 417
967 452
967 567
967 683
967 723
967 725
967 740
967 752
967 775
967 796
967 815
967 832
967 859
967 886
967 890
967 934
967 941
967 942
967 945
967 952
967 954
967 959
967 965
967 976
967 980
967 986
967 991
968 12
968 47
968 84
968 122
968 173
968 284
968 318
968 358
968 401
968 535
968 540
968 582
968 596
968 607
968 634
968 638
968 651
968 653
968 654
968 742
968 773
968 793
968 795
968 811
968 819
968 842
968 863
968 879
968 889
968 900
968 904
968 947
968 962
968 975
968 996
969 42
969 71
969 114
969 176
969 179
969 234
969 264
969 271
969 310
969 394
969 491
969 547
969 585
969 632
969 689
969 691
969 694
969 743
969 758
969 766
969 780
969 806
969 833
969 868
969 885
969 889
969 907
969 913
969 917
969 928
969 976
969 987
969 988
969 990
969 994
970 14
970 57
970 75
970 128
970 153
970 248
970 322
970 334
970 434
970 437
970 441
970 445
970 451
970 492
970 507
970 551
970 570
970 649
970 731
970 732
970 739
970 750
970 775
970 812
970 844
970 849
970 867
970 875
970 892
970 898
970 940
970 955
970 956
970 977
970 989
971 25
971 41
971 60
971 109
971 292
971 300
971 330
971 338
971 357
971 365
971 372
971 374
971 416
971 440
971 501
971 504
971 525
971 536
971 568
971 591
971 674
971 729
971 730
971 742
971 744
971 749
971 787
971 834
971 877
971 878
971 905
971 922
971 945
971 982
971 986
972 26
972 76
972 103
972 107
972 167
972 258
972 272
972 273
972 287
972 298
972 299
972 452
972 486
972 490
972 545
972 601
972 605
972 614
972 618
972 623
972 663
972 693
972 702
972 733
972 738
972 743
972 755
972 837
972 871
972 898
972 900
972 935
972 960
972 966
972 983
972 994
973 1
973 5
973 33
973 45
973 49
973 73
973 143
973 230
973 235
973 239
973 263
973 301
973 466
973 580
973 667
973 672
973 676
973 687
973 755
973 757
973 765
973 812
973 840
973 862
973 869
973 873
973 906
973 920
973 958
973 961
973 978
973 984
973 987
973 991
973 993
973 997
974 99
974 139
974 168
974 176
974 243
974 363
974 364
974 370
974 406
974 432
974 451
974 485
974 495
974 540
974 549
974 586
974 602
974 630
974 659
974 670
974 690
974 711
974 718
974 740
974 761
974 768
974 778
974 814
974 819
974 847
974 875
974 940
974 951
974 957
974 965
974 988
975 83
975 134
975 145
975 185
975 192
975 206
975 263
975 343
975 391
975 395
975 424
975 425
975 447
975 454
975 510
975 514
975 631
975 672
975 705
975 718
975 719
975 746
975 762
975 775
975 833
975 845
975 850
975 853
975 933
975 939
975 954
975 968
975 982
975 988
975 992
975 997
976 40
976 64
976 102
976 119
976 137
976 139
976 207
976 306
976 355
976 534
976 593
976 604
976 617
976 624
976 631
976 671
976 704
976 728
976 788
976 795
976 814
976 815
976 871
976 893
976 902
976 908
976 941
976 944
976 946
976 954
976 965
976 967
976 969
976 981
976 982
976 983
976 997
977 14
977 57
977 59
977 75
977 128
977 178
977 248
977 303
977 431
977 433
977 438
977 441
977 492
977 521
977 551
977 648
977 661
977 684
977 713
977 731
977 732
977 739
977 750
977 844
977 849
977 871
977 892
977 924
977 927
977 937
977 940
977 943
977 945
977 951
977 970
977 984
977 993
978 8
978 91
978 101
978 125
978 126
978 166
978 182
978 186
978 258
978 259
978 348
978 404
978 489
978 508
978 542
978 572
978 646
978 717
978 764
978 769
978 796
978 801
978 818
978 837
978 840
978 863
978 877
978 884
978 887
978 888
978 889
978 909
978 911
978 918
978 923
978 926
978 973
979 12
979 48
979 112
979 117
979 141
979 143
979 203
979 257
979 260
979 316
979 329
979 359
979 392
979 424
979 513
979 537
979 556
979 581
979 608
979 642
979 658
979 662
979 694
979 706
979 717
979 718
979 755
979 817
979 834
979 860
979 890
979 894
979 895
979 896
979 899
979 906
979 951
979 955
980 15
980 17
980 21
980 30
980 226
980 261
980 265
980 275
980 338
980 396
980 426
980 436
980 482
980 483
980 546
980 571
980 620
980 703
980 704
980 714
980 725
980 760
980 770
980 791
980 818
980 877
980 886
980 890
980 914
980 920
980 925
980 943
980 953
980 962
980 967
980 981
980 983
980 998
981 0
981 50
981 111
981 127
981 150
981 184
981 226
981 261
981 314
981 342
981 436
981 496
981 522
981 523
981 530
981 566
981 658
981 681
981 697
981 714
981 716
981 748
981 784
981 791
981 809
981 827
981 829
981 877
981 891
981 908
981 914
981 933
981 953
981 965
981 976
981 980
981 987
981 998
982 16
982 116
982 124
982 160
982 169
982 183
982 189
982 206
982 286
982 360
982 362
982 374
982 385
982 442
982 454
982 461
982 517
982 597
982 609
982 621
982 759
982 789
982 847
982 858
982 881
982 884
982 915
982 926
982 931
982 959
982 965
982 971
982 975
982 976
982 985
982 987
982 992
982 994
983 9
983 256
983 275
983 291
983 393
983 396
983 408
983 471
983 484
983 502
983 608
983 640
983 687
983 697
983 754
983 759
983 780
983 783
983 828
983 831
983 832
983 846
983 848
983 852
983 876
983 884
983 897
983 915
983 924
983 927
983 939
983 944
983 955
983 965
983 972
983 976
983 980
983 995
984 6
984 83
984 255
984 285
984 288
984 367
984 418
984 431
984 464
984 473
984 551
984 643
984 709
984 724
984 731
984 776
984 797
984 825
984 831
984 858
984 859
984 862
984 864
984 869
984 873
984 874
984 887
984 909
984 930
984 937
984 941
984 943
984 973
984 977
984 986
984 987
984 989
984 997
985 124
985 160
985 169
985 183
985 189
985 206
985 326
985 350
985 360
985 362
985 374
985 442
985 454
985 461
985 515
985 517
985 562
985 609
985 696
985 719
985 757
985 759
985 768
985 789
985 847
985 863
985 873
985 879
985 884
985 886
985 911
985 915
985 920
985 962
985 982
985 989
985 993
985 996
985 998
986 77
986 80
986 81
986 89
986 170
986 266
986 290
986 321
986 425
986 458
986 507
986 567
986 603
986 627
986 683
986 690
986 723
986 740
986 797
986 800
986 815
986 851
986 855
986 871
986 875
986 876
986 886
986 910
986 931
986 932
986 934
986 942
986 948
986 949
986 955
986 966
986 967
986 971
986 984
986 987
987 65
987 112
987 144
987 220
987 251
987 432
987 514
987 572
987 673
987 682
987 686
987 690
987 693
987 698
987 699
987 733
987 736
987 790
987 802
987 809
987 813
987 822
987 829
987 841
987 848
987 874
987 886
987 891
987 912
987 937
987 938
987 956
987 960
987 962
987 969
987 973
987 981
987 982
987 984
987 986
987 995
988 8
988 11
988 38
988 79
988 99
988 168
988 193
988 208
988 243
988 253
988 317
988 347
988 364
988 431
988 432
988 468
988 473
988 485
988 495
988 540
988 547
988 549
988 602
988 630
988 667
988 670
988 711
988 761
988 794
988 819
988 850
988 859
988 881
988 899
988 906
988 918
988 919
988 928
988 965
988 969
988 974
988 975
989 3
989 45
989 80
989 149
989 190
989 196
989 255
989 281
989 347
989 356
989 361
989 410
989 448
989 475
989 494
989 610
989 620
989 643
989 645
989 656
989 664
989 724
989 756
989 817
989 864
989 869
989 875
989 878
989 881
989 899
989 909
989 912
989 916
989 918
989 919
989 930
989 957
989 963
989 970
989 984
989 985
989 995
990 3
990 24
990 44
990 57
990 118
990 240
990 247
990 267
990 270
990 398
990 419
990 459
990 467
990 469
990 504
990 547
990 559
990 575
990 624
990 625
990 635
990 650
990 721
990 722
990 753
990 767
990 804
990 818
990 825
990 839
990 855
990 860
990 892
990 904
990 914
990 943
990 945
990 948
990 952
990 955
990 969
990 991
991 24
991 44
991 94
991 104
991 193
991 247
991 268
991 270
991 315
991 376
991 419
991 459
991 467
991 478
991 575
991 623
991 625
991 650
991 659
991 721
991 767
991 770
991 815
991 817
991 822
991 840
991 860
991 879
991 881
991 887
991 900
991 904
991 936
991 937
991 945
991 948
991 951
991 952
991 967
991 973
991 990
991 996
991 998
992 16
992 32
992 78
992 99
992 114
992 218
992 266
992 267
992 279
992 302
992 341
992 371
992 372
992 469
992 507
992 530
992 541
992 544
992 555
992 558
992 573
992 584
992 613
992 635
992 652
992 707
992 713
992 793
992 820
992 821
992 848
992 882
992 885
992 889
992 900
992 902
992 942
992 944
992 956
992 962
992 975
992 982
992 997
993 37
993 146
993 172
993 215
993 223
993 272
993 294
993 369
993 377
993 416
993 487
993 499
993 564
993 571
993 596
993 601
993 622
993 661
993 680
993 683
993 690
993 699
993 700
993 708
993 734
993 781
993 784
993 786
993 794
993 797
993 800
993 850
993 866
993 875
993 906
993 923
993 926
993 933
993 949
993 957
993 973
993 977
993 985
993 994
994 33
994 56
994 129
994 136
994 145
994 146
994 172
994 215
994 223
994 238
994 259
994 260
994 290
994 294
994 380
994 430
994 487
994 561
994 571
994 596
994 621
994 625
994 661
994 680
994 690
994 700
994 745
994 781
994 799
994 836
994 868
994 873
994 888
994 891
994 909
994 913
994 923
994 926
994 929
994 949
994 955
994 958
994 969
994 972
994 982
994 993
995 2
995 55
995 58
995 200
995 233
995 291
995 311
995 337
995 370
995 388
995 394
995 411
995 430
995 444
995 522
995 528
995 616
995 617
995 618
995 641
995 647
995 664
995 700
995 741
995 748
995 776
995 777
995 785
995 807
995 811
995 818
995 819
995 827
995 838
995 843
995 851
995 872
995 901
995 918
995 919
995 922
995 944
995 948
995 960
995 983
995 987
995 989
996 10
996 26
996 100
996 148
996 219
996 221
996 240
996 307
996 318
996 384
996 401
996 415
996 421
996 457
996 482
996 494
996 529
996 534
996 565
996 576
996 606
996 631
996 641
996 669
996 684
996 688
996 760
996 772
996 784
996 820
996 824
996 828
996 829
996 835
996 854
996 859
996 880
996 895
996 928
996 929
996 938
996 945
996 951
996 963
996 968
996 985
996 991
996 999
997 3
997 63
997 132
997 162
997 214
997 228
997 274
997 347
997 356
997 366
997 391
997 424
997 435
997 446
997 447
997 520
997 528
997 555
997 581
997 592
997 599
997 634
997 660
997 705
997 718
997 735
997 746
997 778
997 803
997 804
997 813
997 821
997 823
997 833
997 835
997 837
997 849
997 850
997 892
997 895
997 901
997 933
997 960
997 973
997 975
997 976
997 984
997 992
998 4
998 17
998 48
998 69
998 156
998 158
998 202
998 327
998 332
998 339
998 362
998 363
998 373
998 414
998 449
998 455
998 465
998 509
998 522
998 543
998 548
998 562
998 570
998 589
998 591
998 605
998 635
998 648
998 654
998 677
998 679
998 686
998 704
998 717
998 725
998 737
998 774
998 780
998 813
998 820
998 839
998 851
998 898
998 902
998 923
998 935
998 980
998 981
998 985
998 991
999 5
999 22
999 78
999 85
999 90
999 96
999 97
999 118
999 214
999 228
999 287
999 298
999 352
999 362
999 379
999 397
999 398
999 420
999 448
999 481
999 515
999 527
999 532
999 540
999 556
999 564
999 626
999 628
999 636
999 643
999 666
999 695
999 722
999 727
999 744
999 762
999 763
999 804
999 830
999 857
999 862
999 863
999 865
999 876
999 907
999 914
999 956
999 958
999 965
999 996
