0 283
0 880
0 980
0 984
1 98
1 242
1 645
1 692
2 225
2 527
2 825
2 976
3 876
3 963
3 964
3 996
4 33
4 694
4 980
4 984
5 703
5 827
5 938
5 990
6 383
6 506
6 824
6 906
7 918
7 962
7 986
7 987
8 900
8 912
8 972
8 992
9 498
9 696
9 781
9 994
10 670
10 741
10 846
10 988
11 296
11 897
11 974
11 975
12 327
12 899
12 935
12 943
13 174
13 429
13 728
13 949
14 537
14 690
14 859
14 979
15 612
15 850
15 913
15 934
16 597
16 771
16 947
16 984
17 327
17 498
17 923
17 937
18 899
18 951
18 978
18 982
19 739
19 905
19 956
19 991
20 696
20 866
20 919
20 993
21 670
21 796
21 991
21 999
22 939
22 946
22 974
22 975
23 224
23 363
23 727
23 772
24 735
24 951
24 956
24 998
25 882
25 914
25 931
25 947
26 483
26 838
26 889
26 929
27 750
27 904
27 918
27 932
28 706
28 924
28 971
28 998
29 891
29 963
29 981
29 998
30 651
30 890
30 923
30 953
31 410
31 583
31 981
31 998
32 522
32 529
32 820
32 950
33 4
33 872
33 915
33 956
34 271
34 349
34 869
34 921
35 308
35 409
35 772
35 987
36 672
36 835
36 840
36 859
37 499
37 871
37 929
37 963
38 695
38 858
38 980
38 984
39 48
39 257
39 850
39 985
40 347
40 861
40 991
40 998
41 745
41 778
41 904
41 984
42 579
42 714
42 943
42 986
43 798
43 831
43 944
43 952
44 754
44 841
44 910
44 992
45 221
45 528
45 566
45 574
46 505
46 888
46 978
46 982
47 98
47 765
47 980
47 986
48 39
48 775
48 978
48 982
49 413
49 711
49 965
49 987
50 198
50 595
50 742
50 810
51 499
51 859
51 862
51 950
52 167
52 517
52 572
52 774
53 660
53 716
53 952
53 973
54 772
54 895
54 930
54 940
55 580
55 924
55 939
55 957
56 248
56 528
56 708
56 722
57 877
57 904
57 948
57 968
58 526
58 539
58 962
58 999
59 317
59 730
59 809
59 937
60 227
60 658
60 977
60 988
61 330
61 408
61 799
61 923
62 794
62 857
62 972
62 993
63 197
63 675
63 771
63 973
64 811
64 897
64 960
64 986
65 633
65 783
65 925
65 958
66 662
66 741
66 900
66 917
67 374
67 641
67 718
67 957
68 359
68 793
68 912
68 966
69 669
69 685
69 944
69 994
70 266
70 465
70 801
70 961
71 724
71 903
71 959
71 993
72 367
72 399
72 709
72 787
73 726
73 946
73 974
73 975
74 398
74 605
74 971
74 985
75 695
75 929
75 942
75 995
76 674
76 901
76 967
76 995
77 751
77 862
77 950
77 965
78 654
78 656
78 898
78 987
79 158
79 376
79 379
79 931
80 256
80 734
80 819
80 938
81 505
81 933
81 992
81 996
82 851
82 922
82 980
82 984
83 598
83 753
83 923
83 987
84 674
84 890
84 893
84 956
85 714
85 779
85 860
85 919
86 708
86 981
86 983
86 998
87 308
87 985
87 992
87 996
88 94
88 494
88 911
88 941
89 235
89 901
89 967
89 995
90 678
90 964
90 971
90 980
91 803
91 857
91 912
91 937
92 712
92 829
92 883
92 886
93 763
93 961
93 984
93 987
94 88
94 355
94 818
94 997
95 485
95 761
95 842
95 881
96 507
96 946
96 980
96 984
97 600
97 710
97 983
97 998
98 1
98 47
98 934
98 985
99 125
99 546
99 862
99 950
100 194
100 392
100 704
100 955
101 855
101 917
101 992
101 996
102 770
102 886
102 949
102 951
103 631
103 918
103 977
103 985
104 438
104 631
104 898
104 987
105 753
105 898
105 921
105 997
106 412
106 802
106 856
106 993
107 502
107 833
107 897
107 986
108 139
108 436
108 757
108 953
109 261
109 556
109 939
109 957
110 405
110 654
110 755
110 907
111 677
111 699
111 931
111 947
112 413
112 797
112 917
112 966
113 757
113 785
113 921
113 941
114 793
114 948
114 966
114 987
115 320
115 348
115 942
115 963
116 448
116 488
116 939
116 948
117 553
117 685
117 878
117 996
118 928
118 965
118 978
118 982
119 627
119 767
119 959
119 996
120 407
120 913
120 925
120 989
121 645
121 922
121 980
121 984
122 945
122 961
122 987
122 995
123 524
123 850
123 895
123 972
124 350
124 560
124 871
124 982
125 99
125 634
125 869
125 979
126 619
126 864
126 873
126 999
127 899
127 918
127 977
127 988
128 766
128 914
128 956
128 996
129 195
129 630
129 858
129 979
130 867
130 906
130 990
130 997
131 837
131 964
131 993
131 997
132 584
132 946
132 974
132 975
133 800
133 868
133 980
133 984
134 233
134 679
134 960
134 964
135 748
135 770
135 924
135 971
136 720
136 784
136 787
136 996
137 162
137 393
137 939
137 957
138 703
138 825
138 833
138 954
139 108
139 772
139 784
139 943
140 309
140 915
140 973
140 997
141 671
141 896
141 974
141 975
142 165
142 555
142 611
142 963
143 242
143 899
143 960
143 993
144 249
144 343
144 859
144 892
145 524
145 688
145 721
145 881
146 532
146 903
146 942
146 959
147 275
147 748
147 841
147 873
148 229
148 241
148 974
148 975
149 348
149 908
149 970
149 998
150 312
150 420
150 724
150 902
151 649
151 673
151 775
151 870
152 795
152 907
152 922
152 984
153 451
153 949
153 951
153 994
154 861
154 932
154 969
154 999
155 375
155 841
155 848
155 850
156 758
156 955
156 974
156 975
157 817
157 858
157 935
157 996
158 79
158 900
158 903
158 930
159 511
159 670
159 841
159 976
160 468
160 691
160 967
160 995
161 432
161 942
161 963
161 970
162 137
162 561
162 796
162 940
163 168
163 594
163 846
163 988
164 655
164 866
164 919
164 992
165 142
165 249
165 926
165 965
166 260
166 628
166 905
166 994
167 52
167 216
167 818
167 951
168 163
168 731
168 874
168 965
169 329
169 970
169 981
169 998
170 251
170 780
170 901
170 909
171 673
171 783
171 848
171 947
172 436
172 783
172 908
172 970
173 183
173 212
173 427
173 675
174 13
174 395
174 855
174 926
175 202
175 231
175 568
175 985
176 432
176 811
176 962
176 986
177 287
177 678
177 779
177 965
178 750
178 800
178 958
178 999
179 655
179 731
179 940
179 991
180 575
180 880
180 961
180 987
181 182
181 800
181 989
181 997
182 181
182 295
182 519
182 749
183 173
183 567
183 580
183 788
184 524
184 659
184 709
184 919
185 349
185 639
185 849
185 972
186 652
186 758
186 959
186 985
187 534
187 672
187 955
187 978
188 351
188 712
188 714
188 919
189 630
189 688
189 967
189 995
190 247
190 896
190 947
190 978
191 900
191 912
191 930
191 988
192 365
192 417
192 459
192 889
193 497
193 712
193 906
193 993
194 100
194 936
194 980
194 984
195 129
195 640
195 858
195 987
196 205
196 688
196 915
196 951
197 63
197 879
197 904
197 943
198 50
198 940
198 991
198 999
199 782
199 863
199 875
199 954
200 691
200 905
200 992
200 996
201 878
201 914
201 974
201 975
202 175
202 789
202 948
202 966
203 844
203 990
203 993
203 997
204 276
204 936
204 952
204 995
205 196
205 603
205 855
205 887
206 337
206 530
206 599
206 934
207 476
207 496
207 956
207 963
208 428
208 691
208 820
208 944
209 655
209 715
209 853
209 892
209 920
210 651
210 906
210 932
210 977
210 988
211 419
211 730
211 851
211 959
211 990
212 173
212 455
212 551
212 811
212 873
213 698
213 772
213 912
213 972
213 991
214 845
214 875
214 906
214 970
214 998
215 705
215 779
215 941
215 954
215 997
216 167
216 655
216 920
216 958
216 960
217 588
217 743
217 876
217 917
217 996
218 408
218 500
218 773
218 777
218 889
219 339
219 766
219 873
219 907
219 940
220 549
220 793
220 804
220 911
220 994
221 45
221 681
221 860
221 906
221 982
222 299
222 922
222 972
222 980
222 984
223 368
223 831
223 962
223 982
223 986
224 23
224 417
224 772
224 802
224 972
225 2
225 795
225 939
225 980
225 984
226 427
226 437
226 807
226 859
226 990
227 60
227 302
227 562
227 919
227 977
228 783
228 812
228 880
228 915
228 956
229 148
229 731
229 887
229 926
229 951
230 486
230 854
230 964
230 992
230 996
231 175
231 330
231 761
231 820
231 985
232 356
232 682
232 823
232 931
232 979
233 134
233 876
233 891
233 919
233 960
234 659
234 913
234 949
234 951
234 985
235 89
235 266
235 817
235 835
235 904
236 698
236 762
236 810
236 919
236 985
237 552
237 607
237 814
237 954
237 969
238 521
238 802
238 897
238 964
238 971
239 431
239 664
239 762
239 775
239 791
240 482
240 576
240 586
240 884
240 968
241 148
241 600
241 916
241 929
241 942
242 1
242 143
242 302
242 762
242 891
243 634
243 675
243 698
243 726
243 776
244 327
244 734
244 905
244 914
244 956
245 409
245 638
245 788
245 858
245 889
246 606
246 612
246 831
246 907
246 976
247 190
247 514
247 767
247 992
247 996
248 56
248 695
248 740
248 848
248 926
249 144
249 165
249 524
249 951
249 992
250 301
250 616
250 712
250 919
250 993
251 170
251 635
251 946
251 974
251 975
252 423
252 792
252 936
252 967
252 995
253 860
253 866
253 914
253 919
253 925
254 312
254 431
254 621
254 854
254 925
255 330
255 799
255 908
255 940
255 998
256 80
256 366
256 481
256 663
256 707
257 39
257 748
257 929
257 976
257 982
258 961
258 973
258 989
258 994
258 997
259 642
259 818
259 859
259 892
259 984
260 166
260 303
260 325
260 923
260 994
261 109
261 641
261 722
261 892
261 905
262 392
262 680
262 781
262 991
262 999
263 685
263 946
263 953
263 974
263 975
264 423
264 448
264 462
264 957
264 979
265 561
265 599
265 601
265 618
265 889
266 70
266 235
266 676
266 773
266 838
267 627
267 674
267 765
267 820
267 985
268 412
268 692
268 946
268 974
268 975
269 526
269 578
269 841
269 939
269 957
270 315
270 547
270 715
270 919
270 967
271 34
271 374
271 580
271 800
271 957
272 872
272 915
272 956
272 966
272 981
273 315
273 400
273 941
273 973
273 989
274 761
274 821
274 861
274 935
274 999
275 147
275 625
275 785
275 942
275 994
276 204
276 370
276 405
276 740
276 950
277 692
277 792
277 820
277 926
277 985
278 740
278 780
278 809
278 909
278 961
279 566
279 574
279 799
279 906
279 963
280 522
280 730
280 734
280 808
280 865
281 480
281 612
281 927
281 939
281 957
282 485
282 529
282 825
282 870
282 969
283 0
283 883
283 888
283 901
283 995
284 726
284 844
284 863
284 893
284 929
285 406
285 630
285 729
285 760
285 995
286 732
286 791
286 829
286 903
286 959
287 177
287 387
287 462
287 927
287 977
288 612
288 847
288 902
288 925
288 971
289 386
289 582
289 973
289 990
289 997
290 673
290 688
290 823
290 887
290 898
291 643
291 671
291 813
291 874
291 950
292 415
292 629
292 885
292 954
292 978
293 451
293 514
293 560
293 618
293 950
294 360
294 375
294 527
294 631
294 950
295 182
295 407
295 482
295 778
295 958
296 11
296 687
296 819
296 874
296 902
297 501
297 746
297 752
297 896
297 985
298 494
298 657
298 834
298 840
298 922
299 222
299 509
299 905
299 915
299 956
300 306
300 452
300 843
300 851
300 852
301 250
301 702
301 989
301 990
301 997
302 227
302 242
302 398
302 810
302 994
303 260
303 597
303 884
303 962
303 986
304 683
304 869
304 921
304 963
304 997
305 699
305 798
305 874
305 931
305 947
306 300
306 743
306 875
306 878
306 954
307 741
307 886
307 937
307 958
307 972
308 35
308 87
308 631
308 664
308 775
309 140
309 903
309 933
309 983
309 998
310 654
310 723
310 797
310 885
310 920
311 406
311 464
311 708
311 837
311 945
312 150
312 254
312 774
312 853
312 871
313 605
313 918
313 927
313 955
313 996
314 764
314 854
314 946
314 974
314 975
315 270
315 273
315 377
315 817
315 958
316 552
316 778
316 784
316 789
316 828
317 59
317 725
317 752
317 980
317 984
318 759
318 818
318 941
318 973
318 989
319 540
319 664
319 838
319 925
319 936
320 115
320 322
320 501
320 991
320 999
321 618
321 672
321 805
321 872
321 979
322 320
322 676
322 788
322 838
322 890
323 352
323 624
323 880
323 956
323 961
324 790
324 910
324 959
324 964
324 993
325 260
325 704
325 886
325 904
325 958
326 811
326 869
326 903
326 962
326 986
327 12
327 17
327 244
327 893
327 971
328 838
328 895
328 937
328 948
328 972
329 169
329 687
329 854
329 879
329 913
330 61
330 231
330 255
330 406
330 950
331 707
331 819
331 860
331 902
331 994
332 916
332 917
332 945
332 972
332 992
333 494
333 605
333 927
333 974
333 977
334 686
334 729
334 924
334 936
334 995
335 897
335 938
335 962
335 986
335 998
336 493
336 498
336 515
336 579
336 994
337 206
337 473
337 907
337 962
337 976
338 582
338 871
338 909
338 961
338 987
339 219
339 369
339 799
339 855
339 946
340 944
340 951
340 989
340 990
340 997
341 696
341 796
341 852
341 976
341 994
342 641
342 717
342 815
342 962
342 966
343 144
343 353
343 883
343 948
343 979
344 450
344 946
344 974
344 975
344 997
345 431
345 457
345 901
345 991
345 999
346 741
346 907
346 962
346 992
346 996
347 40
347 790
347 796
347 966
347 999
348 115
348 149
348 633
348 778
348 958
349 34
349 185
349 883
349 931
349 937
350 124
350 942
350 981
350 983
350 998
351 188
351 861
351 915
351 955
351 978
351 982
352 323
352 507
352 775
352 788
352 899
352 962
353 343
353 438
353 682
353 690
353 827
353 979
354 402
354 654
354 839
354 853
354 859
354 937
355 94
355 489
355 549
355 685
355 903
355 994
356 232
356 398
356 682
356 858
356 871
356 997
357 440
357 798
357 933
357 981
357 983
357 998
358 455
358 657
358 767
358 855
358 907
358 976
359 68
359 782
359 823
359 915
359 966
359 968
360 294
360 518
360 892
360 907
360 921
360 976
361 756
361 868
361 905
361 942
361 958
361 963
362 364
362 895
362 941
362 946
362 974
362 975
363 23
363 569
363 647
363 800
363 958
363 968
364 362
364 564
364 830
364 948
364 966
364 989
365 192
365 644
365 769
365 880
365 898
365 909
366 256
366 653
366 762
366 840
366 847
366 902
367 72
367 642
367 752
367 810
367 974
367 985
368 223
368 691
368 715
368 809
368 857
368 912
369 339
369 594
369 700
369 868
369 907
369 934
370 276
370 535
370 588
370 635
370 847
370 950
371 591
371 610
371 717
371 897
371 962
371 986
372 542
372 779
372 835
372 842
372 894
372 997
373 550
373 590
373 842
373 923
373 943
373 952
374 67
374 271
374 379
374 416
374 722
374 957
375 155
375 294
375 803
375 920
375 924
375 934
376 79
376 795
376 857
376 882
376 931
376 947
377 315
377 739
377 817
377 941
377 968
377 977
378 553
378 801
378 831
378 884
378 897
378 986
379 79
379 374
379 746
379 794
379 809
379 895
380 869
380 880
380 902
380 925
380 989
380 997
381 416
381 904
381 931
381 958
381 968
381 989
382 410
382 525
382 717
382 831
382 962
382 986
383 6
383 813
383 827
383 858
383 868
383 950
384 391
384 472
384 519
384 549
384 582
384 908
385 403
385 510
385 642
385 691
385 692
385 937
386 289
386 517
386 653
386 868
386 949
386 951
387 287
387 633
387 882
387 932
387 988
387 990
388 735
388 807
388 916
388 981
388 992
388 996
389 820
389 842
389 843
389 854
389 953
389 994
390 548
390 813
390 827
390 862
390 950
390 984
391 384
391 500
391 637
391 639
391 708
391 776
392 100
392 262
392 794
392 828
392 958
392 968
393 137
393 722
393 918
393 939
393 957
393 985
394 553
394 557
394 846
394 878
394 969
394 977
395 174
395 613
395 801
395 861
395 954
395 972
396 630
396 742
396 901
396 967
396 979
396 995
397 852
397 853
397 879
397 911
397 923
397 987
398 74
398 302
398 356
398 642
398 966
398 985
399 72
399 527
399 673
399 926
399 949
399 960
400 273
400 597
400 729
400 879
400 888
400 995
401 437
401 563
401 770
401 882
401 931
401 947
402 354
402 513
402 663
402 834
402 876
402 960
403 385
403 626
403 955
403 978
403 982
403 996
404 843
404 875
404 876
404 916
404 992
404 996
405 110
405 276
405 711
405 834
405 920
405 960
406 285
406 311
406 330
406 735
406 799
406 837
407 120
407 295
407 663
407 773
407 971
407 993
408 61
408 218
408 446
408 473
408 571
408 898
409 35
409 245
409 602
409 879
409 924
409 991
410 31
410 382
410 555
410 883
410 895
410 937
411 473
411 773
411 775
411 788
411 930
411 990
412 106
412 268
412 910
412 924
412 971
412 991
413 49
413 112
413 537
413 849
413 961
413 987
414 879
414 896
414 938
414 966
414 990
414 997
415 292
415 554
415 938
415 940
415 954
415 969
416 374
416 381
416 586
416 587
416 835
416 968
417 192
417 224
417 770
417 886
417 900
417 937
418 557
418 808
418 856
418 903
418 938
418 959
419 211
419 598
419 698
419 710
419 859
419 871
420 150
420 595
420 753
420 829
420 980
420 984
421 775
421 847
421 902
421 913
421 925
421 960
422 795
422 876
422 885
422 917
422 992
422 996
423 252
423 264
423 446
423 507
423 644
423 703
424 646
424 860
424 916
424 958
424 992
424 996
425 485
425 803
425 842
425 867
425 881
425 950
426 609
426 652
426 702
426 790
426 971
426 979
427 173
427 226
427 559
427 561
427 773
427 838
428 208
428 545
428 565
428 820
428 823
428 985
429 13
429 746
429 752
429 934
429 968
429 985
430 432
430 851
430 865
430 887
430 903
430 959
431 239
431 254
431 345
431 701
431 775
431 953
432 161
432 176
432 430
432 868
432 942
432 995
433 763
433 810
433 938
433 973
433 990
433 997
434 815
434 852
434 884
434 954
434 962
434 986
435 699
435 770
435 846
435 882
435 923
435 947
436 108
436 172
436 708
436 837
436 908
436 950
437 226
437 401
437 514
437 672
437 718
437 790
438 104
438 353
438 890
438 914
438 956
438 995
439 452
439 808
439 856
439 897
439 903
439 959
440 357
440 755
440 793
440 891
440 920
440 960
441 627
441 704
441 745
441 879
441 904
441 922
442 650
442 667
442 759
442 888
442 967
442 995
443 533
443 804
443 899
443 921
443 924
443 965
444 479
444 830
444 946
444 950
444 974
444 975
445 886
445 966
445 970
445 981
445 983
445 998
446 408
446 423
446 644
446 765
446 773
446 827
447 771
447 882
447 902
447 906
447 931
447 947
448 116
448 264
448 811
448 913
448 939
448 957
449 749
449 796
449 864
449 991
449 997
449 999
450 344
450 909
450 921
450 973
450 990
450 997
451 153
451 293
451 593
451 877
451 947
451 988
452 300
452 439
452 508
452 638
452 843
452 943
453 539
453 646
453 756
453 942
453 981
453 995
454 476
454 505
454 711
454 898
454 978
454 987
455 212
455 358
455 732
455 934
455 976
455 983
456 682
456 755
456 853
456 891
456 960
456 978
457 345
457 472
457 680
457 821
457 837
457 999
458 566
458 800
458 828
458 904
458 952
458 968
459 192
459 602
459 644
459 757
459 802
459 988
460 500
460 603
460 710
460 859
460 976
460 979
461 517
461 774
461 785
461 862
461 949
461 951
462 264
462 287
462 705
462 865
462 939
462 957
463 604
463 774
463 881
463 913
463 925
463 985
464 311
464 555
464 684
464 863
464 963
464 981
465 70
465 543
465 909
465 932
465 961
465 987
466 584
466 819
466 894
466 941
466 990
466 997
467 894
467 920
467 970
467 981
467 983
467 998
468 160
468 548
468 768
468 887
468 888
468 995
469 733
469 762
469 782
469 948
469 966
469 983
470 541
470 901
470 930
470 936
470 967
470 977
470 995
471 497
471 676
471 928
471 945
471 955
471 978
471 982
472 384
472 457
472 519
472 595
472 643
472 807
472 908
473 337
473 408
473 411
473 590
473 599
473 730
473 889
474 541
474 897
474 928
474 945
474 973
474 978
474 982
475 679
475 815
475 897
475 962
475 967
475 970
475 986
476 207
476 454
476 537
476 745
476 927
476 961
476 987
477 621
477 648
477 856
477 864
477 991
477 994
477 999
478 518
478 832
478 864
478 940
478 993
478 998
478 999
479 444
479 724
479 785
479 836
479 948
479 966
479 969
480 281
480 705
480 747
480 908
480 939
480 957
480 978
481 256
481 645
481 646
481 734
481 890
481 977
481 988
482 240
482 295
482 773
482 828
482 871
482 968
482 970
483 26
483 540
483 596
483 615
483 701
483 869
483 889
484 784
484 885
484 939
484 962
484 981
484 983
484 998
485 95
485 282
485 425
485 810
485 841
485 907
485 942
486 230
486 633
486 794
486 876
486 949
486 992
486 996
487 836
487 928
487 945
487 955
487 978
487 982
487 999
488 116
488 840
488 917
488 945
488 955
488 978
488 982
489 355
489 761
489 769
489 875
489 924
489 952
489 993
490 506
490 690
490 710
490 764
490 816
490 871
490 892
491 738
491 833
491 890
491 905
491 914
491 915
491 956
492 603
492 736
492 795
492 829
492 978
492 980
492 984
493 336
493 685
493 713
493 744
493 812
493 814
493 923
494 88
494 298
494 333
494 755
494 834
494 850
494 853
495 733
495 867
495 941
495 970
495 973
495 989
495 990
496 207
496 555
496 723
496 736
496 897
496 942
496 963
497 193
497 471
497 598
497 680
497 711
497 909
497 961
498 9
498 17
498 336
498 775
498 886
498 895
498 930
499 37
499 51
499 821
499 841
499 881
499 934
499 976
500 218
500 391
500 460
500 519
500 695
500 848
500 984
501 297
501 320
501 637
501 702
501 864
501 991
501 999
502 107
502 587
502 687
502 833
502 863
502 954
502 969
503 675
503 689
503 882
503 883
503 931
503 947
503 984
504 583
504 629
504 809
504 822
504 906
504 919
504 929
505 46
505 81
505 454
505 629
505 801
505 954
505 969
506 6
506 490
506 740
506 827
506 912
506 924
506 950
507 96
507 352
507 423
507 664
507 667
507 701
507 795
508 452
508 824
508 961
508 970
508 983
508 991
508 998
509 299
509 759
509 882
509 888
509 936
509 972
509 995
510 385
510 694
510 760
510 944
510 962
510 971
510 993
511 159
511 873
511 881
511 956
511 959
511 967
511 976
512 624
512 690
512 762
512 880
512 898
512 963
512 987
513 402
513 680
513 787
513 839
513 840
513 960
513 983
514 247
514 293
514 437
514 672
514 849
514 902
514 966
515 336
515 921
515 923
515 952
515 973
515 989
515 990
516 745
516 765
516 768
516 911
516 943
516 953
516 994
517 52
517 386
517 461
517 613
517 728
517 926
517 951
518 360
518 478
518 855
518 907
518 934
518 969
518 976
519 182
519 384
519 472
519 500
519 734
519 837
519 998
520 655
520 945
520 955
520 971
520 978
520 982
520 987
521 238
521 590
521 729
521 815
521 884
521 962
521 986
522 32
522 280
522 570
522 741
522 876
522 992
522 996
523 606
523 780
523 821
523 940
523 983
523 991
523 999
524 123
524 145
524 184
524 249
524 545
524 637
524 951
525 382
525 616
525 944
525 964
525 965
525 971
525 977
526 58
526 269
526 601
526 706
526 761
526 892
526 999
527 2
527 294
527 399
527 594
527 755
527 766
527 881
528 45
528 56
528 637
528 837
528 848
528 959
528 993
529 32
529 282
529 533
529 608
529 671
529 813
529 827
530 206
530 799
530 882
530 886
530 895
530 930
530 972
531 665
531 844
531 847
531 854
531 902
531 913
531 925
532 146
532 577
532 818
532 865
532 903
532 925
532 959
533 443
533 529
533 646
533 945
533 955
533 978
533 982
534 187
534 616
534 793
534 866
534 906
534 919
534 951
535 370
535 567
535 609
535 768
535 814
535 842
535 963
536 571
536 588
536 751
536 801
536 911
536 926
536 949
537 14
537 413
537 476
537 857
537 880
537 961
537 987
538 550
538 791
538 863
538 870
538 878
538 894
538 969
539 58
539 453
539 585
539 742
539 805
539 817
539 999
540 319
540 483
540 579
540 596
540 767
540 889
540 991
541 470
541 474
541 558
541 759
541 834
541 888
541 936
542 372
542 704
542 707
542 778
542 835
542 860
542 958
543 465
543 756
543 864
543 927
543 940
543 991
543 999
544 634
544 710
544 809
544 935
544 936
544 957
544 979
545 428
545 524
545 568
545 718
545 746
545 750
545 762
546 99
546 727
546 769
546 827
546 862
546 914
546 950
547 270
547 683
547 848
547 901
547 953
547 967
547 995
548 390
548 468
548 696
548 840
548 936
548 967
548 995
549 220
549 355
549 384
549 685
549 943
549 994
549 997
550 373
550 538
550 588
550 720
550 727
550 827
550 862
551 212
551 649
551 833
551 850
551 873
551 949
551 976
552 237
552 316
552 556
552 607
552 833
552 878
552 969
553 117
553 378
553 394
553 591
553 594
553 870
553 977
554 415
554 715
554 759
554 796
554 901
554 967
554 995
555 142
555 410
555 464
555 496
555 673
555 929
555 969
556 109
556 552
556 645
556 721
556 862
556 977
556 988
557 394
557 418
557 589
557 729
557 932
557 977
557 988
558 541
558 580
558 705
558 712
558 939
558 957
558 961
559 427
559 658
559 922
559 943
559 980
559 984
559 994
560 124
560 293
560 618
560 807
560 849
560 893
560 995
561 162
561 265
561 427
561 628
561 676
561 838
561 878
562 227
562 686
562 860
562 877
562 913
562 977
562 988
563 401
563 741
563 881
563 916
563 958
563 992
563 996
564 364
564 691
564 752
564 762
564 810
564 842
564 898
564 985
565 428
565 785
565 814
565 841
565 842
565 843
565 905
565 910
566 45
566 279
566 458
566 778
566 822
566 860
566 906
566 952
567 183
567 535
567 585
567 737
567 869
567 879
567 943
567 953
568 175
568 545
568 707
568 748
568 752
568 810
568 981
568 985
569 363
569 609
569 784
569 904
569 938
569 958
569 968
569 988
570 522
570 706
570 894
570 938
570 941
570 945
570 990
570 997
571 408
571 536
571 666
571 688
571 863
571 887
571 926
571 959
572 52
572 613
572 776
572 835
572 859
572 913
572 935
572 975
573 656
573 661
573 789
573 896
573 898
573 926
573 973
573 989
574 45
574 279
574 714
574 822
574 906
574 975
574 983
574 999
575 180
575 782
575 786
575 836
575 847
575 918
575 948
575 966
576 240
576 824
576 834
576 840
576 853
576 891
576 920
576 921
577 532
577 614
577 621
577 761
577 796
577 860
577 940
577 991
578 269
578 641
578 705
578 867
578 909
578 939
578 957
578 996
579 42
579 336
579 540
579 879
579 889
579 949
579 953
579 994
580 55
580 183
580 271
580 558
580 900
580 939
580 957
580 998
581 652
581 689
581 804
581 878
581 902
581 929
581 942
581 963
582 289
582 338
582 384
582 611
582 640
582 892
582 935
582 979
583 31
583 504
583 860
583 866
583 906
583 915
583 919
583 968
584 132
584 466
584 720
584 916
584 917
584 919
584 992
584 996
585 539
585 567
585 595
585 742
585 777
585 868
585 896
585 942
586 240
586 416
586 679
586 739
586 817
586 915
586 968
586 979
587 416
587 502
587 863
587 875
587 941
587 954
587 969
587 996
588 217
588 370
588 536
588 550
588 671
588 740
588 799
588 950
589 557
589 670
589 709
589 810
589 826
589 877
589 977
589 988
590 373
590 473
590 521
590 621
590 638
590 737
590 814
590 890
591 371
591 553
591 694
591 792
591 922
591 980
591 984
591 995
592 696
592 781
592 911
592 943
592 972
592 975
592 980
592 994
593 451
593 686
593 792
593 819
593 910
593 927
593 932
593 988
594 163
594 369
594 527
594 553
594 611
594 788
594 841
594 976
595 50
595 420
595 472
595 585
595 684
595 710
595 929
595 963
596 483
596 540
596 602
596 644
596 701
596 738
596 811
596 828
597 16
597 303
597 400
597 759
597 770
597 882
597 931
597 947
598 83
598 419
598 497
598 656
598 820
598 891
598 961
598 987
599 206
599 265
599 473
599 664
599 701
599 771
599 889
599 951
600 97
600 241
600 661
600 743
600 804
600 855
600 929
600 963
601 265
601 526
601 720
601 740
601 821
601 940
601 991
601 999
602 409
602 459
602 596
602 788
602 889
602 956
602 982
602 985
603 205
603 460
603 492
603 698
603 776
603 847
603 935
603 979
604 463
604 649
604 734
604 854
604 902
604 913
604 989
604 990
605 74
605 313
605 333
605 628
605 644
605 795
605 923
605 977
606 246
606 523
606 627
606 754
606 916
606 988
606 992
606 996
607 237
607 552
607 811
607 928
607 945
607 955
607 978
607 982
608 529
608 807
608 819
608 847
608 854
608 913
608 925
608 963
609 426
609 535
609 569
609 945
609 955
609 976
609 978
609 982
610 371
610 803
610 912
610 933
610 970
610 981
610 983
610 998
611 142
611 582
611 594
611 933
611 970
611 981
611 983
611 998
612 15
612 246
612 281
612 288
612 677
612 752
612 907
612 973
613 395
613 517
613 572
613 861
613 945
613 954
613 969
613 975
614 577
614 675
614 770
614 882
614 911
614 931
614 947
614 955
615 483
615 758
615 821
615 856
615 865
615 935
615 959
615 964
616 250
616 525
616 534
616 822
616 866
616 906
616 931
616 978
617 646
617 686
617 721
617 911
617 926
617 927
617 946
617 988
618 265
618 293
618 321
618 560
618 702
618 815
618 894
618 979
619 126
619 830
619 839
619 840
619 853
619 891
619 960
619 972
620 728
620 747
620 764
620 935
620 941
620 946
620 974
620 975
621 254
621 477
621 577
621 590
621 681
621 859
621 991
621 999
622 649
622 673
622 735
622 851
622 858
622 926
622 949
622 973
623 628
623 721
623 749
623 786
623 927
623 932
623 988
623 997
624 323
624 512
624 670
624 738
624 764
624 880
624 955
624 969
624 987
625 275
625 757
625 778
625 851
625 856
625 923
625 953
625 975
625 994
626 403
626 754
626 780
626 859
626 874
626 952
626 964
626 965
626 993
627 119
627 267
627 441
627 606
627 876
627 890
627 917
627 944
627 992
628 166
628 561
628 605
628 623
628 738
628 918
628 932
628 977
628 993
629 292
629 504
629 505
629 642
629 861
629 863
629 878
629 969
629 971
630 129
630 189
630 285
630 396
630 896
630 901
630 954
630 967
630 995
631 103
631 104
631 294
631 308
631 777
631 850
631 877
631 927
631 932
632 690
632 694
632 764
632 793
632 823
632 836
632 932
632 948
632 966
633 65
633 348
633 387
633 486
633 704
633 828
633 835
633 968
633 991
634 125
634 243
634 544
634 646
634 671
634 721
634 858
634 935
634 955
635 251
635 370
635 845
635 933
635 950
635 970
635 981
635 983
635 998
636 677
636 821
636 826
636 905
636 923
636 970
636 981
636 983
636 998
637 391
637 501
637 524
637 528
637 643
637 708
637 864
637 908
637 916
638 245
638 452
638 590
638 678
638 701
638 781
638 943
638 953
638 995
639 185
639 391
639 669
639 857
639 868
639 930
639 934
639 936
639 972
640 195
640 582
640 672
640 702
640 736
640 818
640 935
640 951
640 970
641 67
641 261
641 342
641 578
641 722
641 747
641 844
641 939
641 957
642 259
642 367
642 385
642 398
642 629
642 746
642 920
642 940
642 985
643 291
643 472
643 637
643 695
643 783
643 799
643 908
643 979
643 986
644 365
644 423
644 446
644 459
644 596
644 605
644 788
644 838
644 992
645 1
645 121
645 481
645 556
645 750
645 777
645 858
645 918
645 988
646 424
646 453
646 481
646 533
646 617
646 634
646 662
646 977
646 988
647 363
647 745
647 747
647 764
647 822
647 883
647 946
647 974
647 975
648 477
648 769
648 830
648 840
648 874
648 893
648 910
648 938
648 944
649 151
649 551
649 604
649 622
649 727
649 728
649 751
649 787
649 949
650 442
650 689
650 724
650 761
650 832
650 864
650 940
650 991
650 999
651 30
651 210
651 679
651 811
651 884
651 900
651 962
651 975
651 986
652 186
652 426
652 581
652 805
652 868
652 929
652 942
652 948
652 963
653 366
653 386
653 659
653 735
653 741
653 922
653 926
653 933
653 949
654 78
654 110
654 310
654 354
654 662
654 723
654 803
654 891
654 960
655 164
655 179
655 209
655 216
655 520
655 839
655 891
655 920
655 960
655 976
656 78
656 573
656 598
656 807
656 880
656 896
656 909
656 934
656 961
656 987
657 298
657 358
657 885
657 933
657 953
657 970
657 981
657 983
657 993
657 998
658 60
658 559
658 736
658 791
658 792
658 914
658 922
658 974
658 980
658 984
659 184
659 234
659 653
659 735
659 751
659 787
659 835
659 945
659 952
659 960
660 53
660 693
660 783
660 928
660 945
660 955
660 978
660 982
660 989
660 998
661 573
661 600
661 786
661 789
661 973
661 986
661 989
661 990
661 996
661 997
662 66
662 646
662 654
662 744
662 861
662 877
662 918
662 932
662 945
662 977
663 256
663 402
663 407
663 713
663 771
663 798
663 874
663 893
663 936
663 993
664 239
664 308
664 319
664 507
664 599
664 825
664 838
664 893
664 958
664 968
665 531
665 766
665 879
665 890
665 905
665 914
665 915
665 943
665 956
665 966
666 571
666 892
666 894
666 921
666 938
666 960
666 973
666 979
666 989
666 990
667 442
667 507
667 679
667 811
667 815
667 825
667 849
667 884
667 962
667 986
668 722
668 744
668 816
668 846
668 854
668 918
668 927
668 932
668 966
668 977
669 69
669 639
669 703
669 728
669 770
669 796
669 857
669 883
669 930
669 972
670 10
670 21
670 159
670 589
670 624
670 715
670 744
670 846
670 977
670 988
671 141
671 291
671 529
671 588
671 634
671 727
671 740
671 950
671 957
671 983
672 36
672 187
672 321
672 437
672 514
672 640
672 768
672 781
672 937
672 979
673 151
673 171
673 290
673 399
673 555
673 622
673 738
673 887
673 926
673 994
674 76
674 84
674 267
674 812
674 856
674 872
674 885
674 890
674 914
674 915
675 63
675 173
675 243
675 503
675 614
675 770
675 798
675 908
675 931
675 947
676 266
676 322
676 471
676 561
676 694
676 701
676 737
676 773
676 889
676 936
677 111
677 612
677 636
677 743
677 803
677 850
677 873
677 881
677 946
677 976
678 90
678 177
678 638
678 786
678 924
678 944
678 964
678 987
678 993
678 997
679 134
679 475
679 586
679 651
679 667
679 831
679 917
679 962
679 967
679 986
680 262
680 457
680 497
680 513
680 832
680 843
680 940
680 991
680 992
680 999
681 221
681 621
681 706
681 821
681 832
681 956
681 970
681 991
681 992
681 999
682 232
682 353
682 356
682 456
682 790
682 807
682 935
682 962
682 969
682 983
683 304
683 547
683 702
683 715
683 883
683 888
683 936
683 967
683 974
683 995
684 464
684 595
684 714
684 804
684 900
684 929
684 942
684 949
684 956
684 963
685 69
685 117
685 263
685 355
685 493
685 549
685 786
685 879
685 967
685 994
686 334
686 562
686 593
686 617
686 706
686 721
686 750
686 846
686 895
686 987
687 296
687 329
687 502
687 774
687 819
687 847
687 913
687 925
687 936
687 942
687 946
688 145
688 189
688 196
688 290
688 571
688 881
688 887
688 924
688 929
688 949
688 951
689 503
689 581
689 650
689 715
689 717
689 729
689 759
689 888
689 936
689 967
689 995
690 14
690 353
690 490
690 512
690 632
690 742
690 757
690 849
690 871
690 935
690 979
691 160
691 200
691 208
691 368
691 385
691 564
691 696
691 752
691 820
691 973
691 985
692 1
692 268
692 277
692 385
692 765
692 810
692 820
692 832
692 969
692 984
692 985
693 660
693 725
693 731
693 928
693 945
693 950
693 955
693 959
693 978
693 982
693 987
694 4
694 510
694 591
694 632
694 676
694 792
694 829
694 922
694 979
694 980
694 984
695 38
695 75
695 248
695 500
695 643
695 783
695 837
695 848
695 908
695 967
695 997
696 9
696 20
696 341
696 548
696 592
696 691
696 768
696 852
696 911
696 923
696 951
697 708
697 720
697 724
697 733
697 797
697 808
697 836
697 948
697 966
697 988
697 991
698 213
698 236
698 243
698 419
698 603
698 776
698 849
698 858
698 870
698 892
698 997
699 111
699 305
699 435
699 714
699 724
699 771
699 836
699 882
699 920
699 947
699 989
700 369
700 737
700 824
700 877
700 885
700 933
700 944
700 970
700 981
700 983
700 998
701 431
701 483
701 507
701 596
701 599
701 638
701 676
701 709
701 900
701 968
701 976
702 301
702 426
702 501
702 618
702 640
702 683
702 807
702 818
702 892
702 969
702 985
703 5
703 138
703 423
703 669
703 772
703 794
703 866
703 886
703 937
703 972
703 989
704 100
704 325
704 441
704 542
704 633
704 895
704 930
704 955
704 958
704 968
704 999
705 215
705 462
705 480
705 558
705 578
705 730
705 921
705 938
705 939
705 957
705 998
706 28
706 526
706 570
706 681
706 686
706 832
706 872
706 880
706 940
706 991
706 999
707 256
707 331
707 542
707 568
707 734
707 819
707 854
707 902
707 912
707 918
707 925
708 56
708 86
708 311
708 391
708 436
708 637
708 697
708 744
708 848
708 882
708 908
709 72
709 184
709 589
709 701
709 728
709 787
709 789
709 841
709 926
709 951
709 954
710 97
710 419
710 460
710 490
710 544
710 595
710 892
710 910
710 926
710 965
710 979
711 49
711 405
711 454
711 497
711 857
711 898
711 908
711 909
711 961
711 967
711 987
712 92
712 188
712 193
712 250
712 558
712 822
712 858
712 860
712 917
712 919
712 939
713 493
713 663
713 899
713 922
713 924
713 941
713 964
713 965
713 968
713 971
713 993
714 42
714 85
714 188
714 574
714 684
714 699
714 860
714 866
714 906
714 919
714 978
715 209
715 270
715 368
715 554
715 670
715 683
715 689
715 936
715 964
715 967
715 995
716 53
716 726
716 765
716 798
716 834
716 933
716 964
716 965
716 980
716 990
716 993
717 342
717 371
717 382
717 689
717 794
717 819
717 897
717 962
717 986
717 989
717 990
718 67
718 437
718 545
718 731
718 913
718 928
718 940
718 945
718 955
718 978
718 982
719 873
719 881
719 926
719 928
719 945
719 955
719 961
719 978
719 982
719 987
720 136
720 550
720 584
720 601
720 697
720 754
720 822
720 876
720 916
720 917
720 996
721 145
721 556
721 617
721 623
721 634
721 686
721 769
721 917
721 918
721 927
721 950
722 56
722 261
722 374
722 393
722 641
722 668
722 747
722 874
722 939
722 957
722 996
723 310
723 496
723 654
723 739
723 834
723 839
723 853
723 902
723 920
723 930
723 960
724 71
724 150
724 479
724 650
724 697
724 699
724 733
724 786
724 793
724 948
724 966
725 317
725 693
725 736
725 795
725 824
725 829
725 878
725 922
725 948
725 980
725 984
726 73
726 243
726 284
726 716
726 798
726 834
726 910
726 928
726 952
726 965
726 993
727 23
727 546
727 550
727 649
727 671
727 813
727 827
727 862
727 950
727 981
727 995
728 13
728 517
728 620
728 649
728 669
728 709
728 887
728 904
728 926
728 949
728 974
729 285
729 334
729 400
729 521
729 557
729 689
729 901
729 929
729 936
729 964
729 995
730 59
730 211
730 280
730 473
730 705
730 746
730 749
730 753
730 808
730 851
730 903
730 959
731 168
731 179
731 229
731 693
731 718
731 890
731 916
731 928
731 945
731 955
731 978
731 982
732 286
732 455
732 817
732 826
732 885
732 933
732 970
732 979
732 981
732 983
732 990
732 998
733 469
733 495
733 697
733 724
733 830
733 836
733 845
733 884
733 948
733 966
733 975
733 998
734 80
734 244
734 280
734 481
734 519
734 604
734 707
734 854
734 902
734 913
734 925
734 989
735 24
735 388
735 406
735 622
735 653
735 659
735 758
735 816
735 887
735 926
735 951
735 988
736 492
736 496
736 640
736 658
736 725
736 776
736 815
736 829
736 922
736 960
736 980
736 984
737 567
737 590
737 676
737 700
737 768
737 842
737 869
737 891
737 911
737 953
737 966
737 994
738 491
738 596
738 624
738 628
738 673
738 780
738 880
738 898
738 901
738 909
738 961
738 987
739 19
739 377
739 586
739 723
739 800
739 817
739 835
739 912
739 934
739 958
739 968
739 973
740 248
740 276
740 278
740 506
740 588
740 601
740 671
740 813
740 862
740 944
740 950
740 954
741 10
741 66
741 307
741 346
741 522
741 563
741 653
741 772
741 917
741 947
741 992
741 996
742 50
742 396
742 539
742 585
742 690
742 756
742 868
742 929
742 935
742 937
742 943
742 963
743 217
743 306
743 600
743 677
743 804
743 805
743 868
743 929
743 942
743 955
743 963
743 979
744 493
744 662
744 668
744 670
744 708
744 846
744 877
744 932
744 955
744 973
744 977
744 994
745 41
745 441
745 476
745 516
745 647
745 784
745 817
745 828
745 904
745 905
745 947
745 958
746 297
746 379
746 429
746 545
746 642
746 730
746 762
746 765
746 856
746 895
746 935
746 985
747 480
747 620
747 641
747 647
747 722
747 764
747 867
747 946
747 974
747 975
747 981
748 135
748 147
748 257
748 568
748 855
748 861
748 873
748 881
748 925
748 934
748 957
748 976
749 182
749 449
749 623
749 730
749 894
749 921
749 941
749 947
749 960
749 973
749 989
749 990
750 27
750 178
750 545
750 645
750 686
750 877
750 884
750 918
750 927
750 946
750 977
750 980
751 77
751 536
751 649
751 659
751 787
751 789
751 835
751 887
751 909
751 926
751 949
751 951
752 297
752 317
752 367
752 429
752 564
752 568
752 612
752 691
752 881
752 970
752 977
752 985
753 83
753 105
753 420
753 730
753 758
753 791
753 808
753 822
753 847
753 856
753 865
753 959
754 44
754 606
754 626
754 720
754 767
754 775
754 804
754 857
754 916
754 917
754 992
754 996
755 110
755 440
755 456
755 494
755 527
755 823
755 839
755 891
755 898
755 912
755 935
755 960
756 361
756 453
756 543
756 742
756 805
756 838
756 868
756 882
756 929
756 932
756 950
756 963
757 108
757 113
757 459
757 625
757 690
757 814
757 879
757 880
757 923
757 953
757 990
757 994
758 156
758 186
758 615
758 735
758 753
758 851
758 856
758 865
758 884
758 932
758 955
758 959
759 318
759 442
759 509
759 541
759 554
759 597
759 689
759 936
759 967
759 977
759 995
759 996
759 999
760 285
760 510
760 798
760 874
760 905
760 910
760 924
760 935
760 940
760 952
760 953
760 964
760 993
761 95
761 231
761 274
761 489
761 526
761 577
761 650
761 821
761 832
761 904
761 909
761 991
761 999
762 236
762 239
762 242
762 366
762 469
762 512
762 545
762 564
762 746
762 765
762 807
762 810
762 985
763 93
763 433
763 766
763 812
763 872
763 889
763 890
763 898
763 905
763 914
763 915
763 945
763 956
764 314
764 490
764 620
764 624
764 632
764 647
764 747
764 887
764 904
764 946
764 974
764 975
765 47
765 267
765 446
765 516
765 692
765 716
765 746
765 762
765 771
765 810
765 820
765 889
765 985
766 128
766 219
766 527
766 665
766 763
766 768
766 821
766 829
766 872
766 905
766 914
766 915
766 956
767 119
767 247
767 358
767 540
767 754
767 791
767 916
767 917
767 920
767 940
767 986
767 992
767 996
768 468
768 516
768 535
768 672
768 696
768 737
768 766
768 879
768 911
768 923
768 930
768 943
768 967
769 365
769 489
769 546
769 648
769 721
769 788
769 874
769 928
769 944
769 952
769 964
769 971
769 993
770 102
770 135
770 401
770 417
770 435
770 597
770 614
770 669
770 675
770 771
770 799
770 931
770 947
771 16
771 63
771 447
771 599
771 663
771 699
771 765
771 770
771 854
771 882
771 897
771 931
771 947
772 23
772 35
772 54
772 139
772 213
772 224
772 703
772 741
772 811
772 878
772 883
772 912
772 937
773 218
773 266
773 407
773 411
773 427
773 446
773 482
773 676
773 775
773 849
773 889
773 895
773 991
774 52
774 312
774 461
774 463
774 687
774 782
774 815
774 819
774 828
774 847
774 854
774 860
774 925
775 48
775 151
775 239
775 308
775 352
775 411
775 421
775 431
775 498
775 754
775 773
775 838
775 889
776 243
776 391
776 572
776 603
776 698
776 736
776 849
776 871
776 914
776 926
776 967
776 968
776 979
777 218
777 585
777 631
777 645
777 846
777 853
777 877
777 918
777 927
777 932
777 951
777 974
777 988
778 41
778 295
778 316
778 348
778 542
778 566
778 625
778 784
778 867
778 958
778 968
778 976
778 983
779 85
779 177
779 215
779 372
779 790
779 806
779 812
779 867
779 896
779 965
779 989
779 990
779 997
780 170
780 278
780 523
780 626
780 738
780 833
780 875
780 880
780 888
780 898
780 909
780 961
780 987
781 9
781 262
781 592
781 638
781 672
781 798
781 879
781 923
781 930
781 943
781 951
781 953
781 994
782 199
782 359
782 469
782 575
782 774
782 797
782 823
782 830
782 896
782 948
782 966
782 982
782 987
783 65
783 171
783 172
783 228
783 643
783 660
783 695
783 797
783 799
783 837
783 848
783 908
783 956
784 136
784 139
784 316
784 484
784 569
784 745
784 778
784 828
784 835
784 843
784 863
784 958
784 968
785 113
785 275
785 461
785 479
785 565
785 788
785 814
785 843
785 911
785 923
785 943
785 946
785 953
786 575
786 623
786 661
786 678
786 685
786 724
786 797
786 823
786 830
786 899
786 948
786 966
786 988
787 72
787 136
787 513
787 649
787 659
787 709
787 751
787 832
787 843
787 887
787 949
787 951
787 972
787 993
788 183
788 245
788 322
788 352
788 411
788 594
788 602
788 644
788 769
788 785
788 838
788 926
788 937
788 999
789 202
789 316
789 573
789 661
789 709
789 751
789 843
789 869
789 900
789 921
789 938
789 941
789 989
789 997
790 324
790 347
790 426
790 437
790 682
790 779
790 807
790 849
790 858
790 871
790 896
790 935
790 979
790 988
791 239
791 286
791 538
791 658
791 753
791 767
791 808
791 851
791 856
791 865
791 903
791 911
791 959
791 969
792 252
792 277
792 591
792 593
792 658
792 694
792 795
792 829
792 840
792 854
792 922
792 927
792 980
792 984
793 68
793 114
793 220
793 440
793 534
793 632
793 724
793 797
793 830
793 836
793 870
793 910
793 948
793 973
794 62
794 379
794 392
794 486
794 703
794 717
794 836
794 886
794 900
794 912
794 930
794 937
794 963
794 972
795 152
795 225
795 376
795 422
795 492
795 507
795 605
795 725
795 792
795 829
795 866
795 922
795 972
795 980
796 21
796 162
796 341
796 347
796 449
796 554
796 577
796 669
796 864
796 866
796 940
796 966
796 989
796 999
797 112
797 310
797 697
797 782
797 783
797 786
797 793
797 823
797 830
797 886
797 915
797 948
797 966
797 997
798 43
798 305
798 357
798 663
798 675
798 716
798 726
798 760
798 781
798 806
798 899
798 944
798 965
798 978
799 61
799 255
799 279
799 339
799 406
799 530
799 588
799 643
799 770
799 783
799 837
799 848
799 908
799 983
800 133
800 178
800 181
800 271
800 363
800 458
800 739
800 828
800 835
800 904
800 931
800 968
800 969
800 993
801 70
801 378
801 395
801 505
801 536
801 818
801 825
801 833
801 870
801 875
801 878
801 954
801 969
801 980
802 106
802 224
802 238
802 459
802 824
802 848
802 874
802 899
802 944
802 952
802 954
802 965
802 971
802 993
803 91
803 375
803 425
803 610
803 654
803 677
803 834
803 837
803 850
803 855
803 870
803 873
803 934
803 976
804 220
804 443
804 581
804 600
804 684
804 743
804 754
804 805
804 868
804 929
804 937
804 942
804 961
804 963
804 972
805 321
805 539
805 652
805 743
805 756
805 804
805 847
805 862
805 868
805 929
805 942
805 963
805 988
805 989
805 999
806 779
806 798
806 825
806 867
806 869
806 870
806 871
806 885
806 895
806 896
806 938
806 973
806 989
806 990
806 997
807 226
807 388
807 472
807 560
807 608
807 656
807 682
807 702
807 762
807 790
807 849
807 892
807 935
807 976
807 979
808 280
808 418
808 439
808 697
808 730
808 753
808 791
808 851
808 903
808 932
808 939
808 959
808 963
808 983
808 994
809 59
809 278
809 368
809 379
809 504
809 544
809 839
809 883
809 900
809 912
809 930
809 937
809 953
809 970
809 972
810 50
810 236
810 302
810 367
810 433
810 485
810 564
810 568
810 589
810 692
810 762
810 765
810 920
810 979
810 985
811 64
811 176
811 212
811 326
811 448
811 596
811 607
811 651
811 667
811 772
811 831
811 884
811 962
811 977
811 986
812 228
812 493
812 674
812 763
812 779
812 872
812 890
812 905
812 914
812 915
812 919
812 935
812 956
812 957
812 999
813 291
813 383
813 390
813 529
813 727
813 740
813 815
813 827
813 846
813 862
813 890
813 901
813 940
813 950
813 995
814 237
814 493
814 535
814 565
814 590
814 757
814 785
814 836
814 861
814 926
814 943
814 953
814 987
814 993
814 994
815 342
815 434
815 475
815 521
815 618
815 667
815 736
815 774
815 813
815 831
815 884
815 897
815 948
815 986
815 994
816 490
816 668
816 735
816 832
816 844
816 876
816 899
816 910
816 934
816 944
816 952
816 964
816 965
816 971
816 993
817 157
817 235
817 315
817 377
817 539
817 586
817 732
817 739
817 745
817 828
817 852
817 904
817 918
817 968
817 994
818 94
818 167
818 259
818 318
818 532
818 640
818 702
818 801
818 858
818 862
818 871
818 892
818 914
818 935
818 979
819 80
819 296
819 331
819 466
819 593
819 608
819 687
819 707
819 717
819 774
819 824
819 902
819 913
819 922
819 947
820 32
820 208
820 231
820 267
820 277
820 389
820 428
820 598
820 691
820 692
820 765
820 864
820 870
820 911
820 957
820 985
821 274
821 457
821 499
821 523
821 601
821 615
821 636
821 681
821 761
821 766
821 864
821 932
821 940
821 956
821 991
821 999
822 504
822 566
822 574
822 616
822 647
822 712
822 720
822 753
822 840
822 860
822 866
822 906
822 919
822 957
822 958
822 964
823 232
823 290
823 359
823 428
823 632
823 755
823 782
823 786
823 797
823 830
823 836
823 888
823 897
823 948
823 963
823 966
824 6
824 508
824 576
824 700
824 725
824 802
824 819
824 826
824 845
824 885
824 933
824 970
824 976
824 981
824 983
824 998
825 2
825 138
825 282
825 664
825 667
825 801
825 806
825 844
825 861
825 863
825 870
825 875
825 888
825 954
825 962
825 969
826 589
826 636
826 732
826 824
826 845
826 866
826 885
826 888
826 933
826 939
826 948
826 970
826 981
826 983
826 990
826 998
827 5
827 353
827 383
827 390
827 446
827 506
827 529
827 546
827 550
827 727
827 813
827 862
827 934
827 950
827 962
827 988
828 316
828 392
828 458
828 482
828 596
828 633
828 745
828 774
828 784
828 800
828 817
828 835
828 866
828 931
828 948
828 951
829 92
829 286
829 420
829 492
829 694
829 725
829 736
829 766
829 792
829 795
829 873
829 922
829 980
829 984
829 991
829 999
830 364
830 444
830 619
830 648
830 733
830 782
830 786
830 793
830 797
830 823
830 836
830 916
830 921
830 948
830 952
830 966
831 43
831 223
831 246
831 378
831 382
831 679
831 811
831 815
831 833
831 884
831 897
831 913
831 962
831 986
831 988
831 995
832 478
832 650
832 680
832 681
832 692
832 706
832 761
832 787
832 816
832 858
832 920
832 940
832 960
832 990
832 991
832 999
833 107
833 138
833 491
833 502
833 551
833 552
833 780
833 801
833 831
833 861
833 870
833 875
833 878
833 954
833 969
833 974
834 298
834 402
834 405
834 494
834 541
834 576
834 716
834 723
834 726
834 803
834 840
834 853
834 891
834 920
834 955
834 960
834 992
835 36
835 235
835 372
835 416
835 542
835 572
835 633
835 659
835 739
835 751
835 784
835 800
835 828
835 916
835 958
835 968
835 977
836 479
836 487
836 575
836 632
836 697
836 699
836 733
836 793
836 794
836 814
836 823
836 830
836 848
836 855
836 939
836 948
836 966
837 131
837 311
837 406
837 436
837 457
837 519
837 528
837 695
837 783
837 799
837 803
837 848
837 908
837 953
837 958
837 982
837 992
838 26
838 266
838 319
838 322
838 328
838 427
838 561
838 644
838 664
838 756
838 775
838 788
838 845
838 964
838 970
838 980
838 981
839 354
839 513
839 619
839 655
839 723
839 755
839 809
839 840
839 866
839 891
839 908
839 920
839 933
839 958
839 960
839 963
839 976
840 36
840 298
840 366
840 488
840 513
840 548
840 576
840 619
840 648
840 792
840 822
840 834
840 839
840 853
840 891
840 920
840 960
841 44
841 147
841 155
841 159
841 269
841 485
841 499
841 565
841 594
841 709
841 850
841 855
841 881
841 934
841 977
841 994
841 996
842 95
842 372
842 373
842 389
842 425
842 535
842 564
842 565
842 737
842 852
842 911
842 923
842 943
842 959
842 970
842 979
842 994
843 300
843 389
843 404
843 452
843 565
843 680
843 784
843 785
843 787
843 789
843 852
843 911
843 916
843 923
843 953
843 994
843 999
844 203
844 284
844 531
844 641
844 816
844 825
844 893
844 899
844 910
844 924
844 944
844 951
844 964
844 965
844 971
844 985
844 993
845 214
845 635
845 733
845 824
845 826
845 838
845 857
845 869
845 885
845 932
845 933
845 962
845 970
845 981
845 983
845 998
845 999
846 10
846 163
846 394
846 435
846 668
846 670
846 686
846 744
846 777
846 813
846 852
846 853
846 877
846 901
846 927
846 968
846 988
847 288
847 366
847 370
847 421
847 531
847 575
847 603
847 608
847 687
847 753
847 774
847 805
847 902
847 913
847 925
847 931
847 932
848 155
848 171
848 248
848 500
848 528
848 547
848 695
848 708
848 783
848 799
848 802
848 836
848 837
848 908
848 941
848 980
848 991
849 185
849 413
849 514
849 560
849 667
849 690
849 698
849 773
849 776
849 790
849 807
849 859
849 871
849 892
849 964
849 976
849 986
850 15
850 39
850 123
850 155
850 494
850 551
850 631
850 677
850 803
850 841
850 855
850 876
850 888
850 933
850 934
850 976
850 981
851 82
851 211
851 300
851 430
851 622
851 625
851 730
851 758
851 791
851 808
851 856
851 865
851 903
851 909
851 959
851 975
851 976
852 300
852 341
852 397
852 434
852 696
852 817
852 842
852 843
852 846
852 859
852 879
852 923
852 943
852 953
852 959
852 967
852 994
852 998
853 209
853 312
853 354
853 397
853 456
853 494
853 576
853 619
853 723
853 777
853 834
853 840
853 846
853 875
853 919
853 920
853 954
853 960
854 230
854 254
854 314
854 329
854 389
854 531
854 604
854 608
854 668
854 707
854 734
854 771
854 774
854 792
854 913
854 918
854 925
854 969
855 101
855 174
855 205
855 339
855 358
855 518
855 600
855 748
855 803
855 836
855 841
855 850
855 881
855 903
855 907
855 931
855 934
855 976
856 106
856 418
856 439
856 477
856 615
856 625
856 674
856 746
856 753
856 758
856 791
856 851
856 865
856 878
856 903
856 958
856 959
856 984
857 62
857 91
857 368
857 376
857 537
857 639
857 669
857 711
857 754
857 845
857 883
857 895
857 900
857 901
857 912
857 921
857 937
857 972
858 38
858 129
858 157
858 195
858 245
858 356
858 383
858 622
858 634
858 645
858 698
858 712
858 790
858 818
858 832
858 871
858 885
858 935
859 14
859 36
859 51
859 144
859 226
859 259
859 354
859 419
859 460
859 572
859 621
859 626
859 849
859 852
859 887
859 892
859 909
859 935
860 85
860 221
860 253
860 331
860 424
860 542
860 562
860 566
860 577
860 583
860 712
860 714
860 774
860 822
860 866
860 906
860 919
860 943
861 40
861 154
861 274
861 351
861 395
861 613
861 629
861 662
861 748
861 814
861 825
861 833
861 863
861 870
861 875
861 954
861 969
861 979
862 51
862 77
862 99
862 390
862 461
862 546
862 550
862 556
862 727
862 740
862 805
862 813
862 818
862 827
862 878
862 931
862 939
862 950
863 199
863 284
863 464
863 502
863 538
863 571
863 587
863 629
863 784
863 825
863 861
863 870
863 875
863 892
863 912
863 954
863 964
863 969
864 126
864 449
864 477
864 478
864 501
864 543
864 637
864 650
864 796
864 820
864 821
864 933
864 983
864 990
864 991
864 995
864 996
864 999
865 280
865 430
865 462
865 532
865 615
865 753
865 758
865 791
865 851
865 856
865 876
865 903
865 918
865 944
865 945
865 955
865 959
865 965
866 20
866 164
866 253
866 534
866 583
866 616
866 703
866 714
866 795
866 796
866 822
866 826
866 828
866 839
866 860
866 906
866 919
866 992
867 130
867 425
867 495
867 578
867 747
867 778
867 779
867 806
867 869
867 892
867 896
867 938
867 941
867 952
867 957
867 989
867 990
867 997
868 133
868 361
868 369
868 383
868 386
868 432
868 585
868 639
868 652
868 742
868 743
868 756
868 804
868 805
868 929
868 942
868 979
868 986
869 34
869 125
869 304
869 326
869 380
869 483
869 567
869 737
869 789
869 806
869 845
869 867
869 894
869 911
869 938
869 954
869 973
869 989
869 990
870 151
870 282
870 538
870 553
870 698
870 793
870 801
870 803
870 806
870 820
870 825
870 833
870 861
870 863
870 875
870 878
870 954
870 969
870 994
871 37
871 124
871 312
871 338
871 356
871 419
871 482
871 490
871 690
871 776
871 790
871 806
871 818
871 849
871 858
871 931
871 935
871 979
871 986
872 33
872 272
872 321
872 674
872 706
872 763
872 766
872 812
872 888
872 890
872 897
872 905
872 914
872 915
872 923
872 956
872 978
872 985
872 997
873 126
873 147
873 212
873 219
873 511
873 551
873 677
873 719
873 748
873 803
873 829
873 881
873 896
873 907
873 934
873 940
873 972
873 973
873 976
874 168
874 291
874 296
874 305
874 626
874 648
874 663
874 722
874 760
874 769
874 802
874 893
874 946
874 952
874 964
874 965
874 970
874 971
874 998
875 199
875 214
875 306
875 404
875 489
875 587
875 780
875 801
875 825
875 833
875 853
875 861
875 863
875 870
875 921
875 927
875 954
875 969
875 984
876 3
876 217
876 233
876 402
876 404
876 422
876 486
876 522
876 627
876 720
876 816
876 850
876 865
876 916
876 917
876 951
876 972
876 992
876 996
877 57
877 451
877 562
877 589
877 631
877 662
877 700
877 744
877 750
877 777
877 846
877 883
877 927
877 928
877 932
877 944
877 968
877 974
877 988
878 117
878 201
878 306
878 394
878 538
878 552
878 561
878 581
878 629
878 725
878 772
878 801
878 833
878 856
878 862
878 870
878 954
878 969
878 983
879 197
879 329
879 397
879 400
879 409
879 414
879 441
879 567
879 579
879 665
879 685
879 757
879 768
879 781
879 852
879 893
879 903
879 911
879 953
879 994
880 0
880 180
880 228
880 323
880 365
880 380
880 512
880 537
880 624
880 656
880 706
880 738
880 757
880 780
880 898
880 922
880 952
880 961
880 987
880 990
881 95
881 145
881 425
881 463
881 499
881 511
881 527
881 563
881 677
881 688
881 719
881 748
881 752
881 841
881 855
881 873
881 934
881 936
881 976
881 985
882 25
882 376
882 387
882 401
882 435
882 447
882 503
882 509
882 530
882 597
882 614
882 699
882 708
882 756
882 771
882 931
882 947
882 957
882 976
882 979
883 92
883 283
883 343
883 349
883 410
883 503
883 647
883 669
883 683
883 772
883 809
883 857
883 877
883 886
883 900
883 930
883 937
883 956
883 972
883 979
884 240
884 303
884 378
884 434
884 521
884 651
884 667
884 733
884 750
884 758
884 811
884 815
884 831
884 887
884 897
884 934
884 959
884 962
884 971
884 986
885 292
885 310
885 422
885 484
885 657
885 674
885 700
885 732
885 806
885 824
885 826
885 845
885 858
885 933
885 944
885 970
885 981
885 983
885 994
885 998
886 92
886 102
886 307
886 325
886 417
886 445
886 498
886 530
886 703
886 794
886 797
886 883
886 894
886 895
886 900
886 910
886 930
886 959
886 972
886 975
887 205
887 229
887 290
887 430
887 468
887 571
887 673
887 688
887 728
887 735
887 751
887 764
887 787
887 859
887 884
887 914
887 926
887 940
887 949
887 951
887 980
888 46
888 283
888 400
888 442
888 468
888 509
888 541
888 683
888 689
888 780
888 823
888 825
888 826
888 850
888 872
888 901
888 904
888 936
888 953
888 967
888 995
889 26
889 192
889 218
889 245
889 265
889 473
889 483
889 540
889 579
889 599
889 602
889 676
889 763
889 765
889 773
889 775
889 893
889 964
889 971
889 979
889 986
890 30
890 84
890 322
890 438
890 481
890 491
890 590
890 627
890 665
890 674
890 731
890 763
890 812
890 813
890 872
890 905
890 914
890 915
890 956
890 969
890 977
891 29
891 233
891 242
891 440
891 456
891 576
891 598
891 619
891 654
891 655
891 737
891 755
891 834
891 839
891 840
891 920
891 928
891 929
891 960
891 981
891 995
892 144
892 209
892 259
892 261
892 360
892 490
892 526
892 582
892 666
892 698
892 702
892 710
892 807
892 818
892 849
892 859
892 863
892 867
892 935
892 954
892 979
893 84
893 284
893 327
893 560
893 648
893 663
893 664
893 844
893 874
893 879
893 889
893 899
893 908
893 939
893 944
893 946
893 952
893 964
893 965
893 971
893 993
894 372
894 466
894 467
894 538
894 570
894 618
894 666
894 749
894 869
894 886
894 896
894 938
894 941
894 971
894 972
894 973
894 974
894 989
894 990
894 991
894 997
895 54
895 123
895 328
895 362
895 379
895 410
895 498
895 530
895 686
895 704
895 746
895 773
895 806
895 857
895 886
895 900
895 912
895 930
895 932
895 937
895 948
896 141
896 190
896 297
896 414
896 573
896 585
896 630
896 656
896 779
896 782
896 790
896 806
896 867
896 873
896 894
896 921
896 938
896 973
896 989
896 990
896 997
897 11
897 64
897 107
897 238
897 335
897 371
897 378
897 439
897 474
897 475
897 496
897 717
897 771
897 815
897 823
897 831
897 872
897 884
897 908
897 962
897 986
898 78
898 104
898 105
898 290
898 365
898 408
898 454
898 512
898 564
898 573
898 711
898 738
898 755
898 763
898 780
898 880
898 909
898 961
898 984
898 987
898 991
899 12
899 18
899 127
899 143
899 352
899 443
899 713
899 786
899 798
899 802
899 816
899 844
899 893
899 904
899 910
899 925
899 957
899 961
899 965
899 971
899 991
899 993
900 8
900 66
900 158
900 191
900 417
900 580
900 651
900 684
900 701
900 789
900 794
900 809
900 857
900 883
900 886
900 895
900 912
900 920
900 930
900 946
900 972
900 989
901 76
901 89
901 170
901 283
901 345
901 396
901 470
901 547
901 554
901 630
901 729
901 738
901 813
901 846
901 857
901 888
901 936
901 943
901 954
901 967
901 994
901 995
902 150
902 288
902 296
902 331
902 366
902 380
902 421
902 447
902 514
902 531
902 581
902 604
902 707
902 723
902 734
902 819
902 847
902 913
902 925
902 953
902 983
902 998
903 71
903 146
903 158
903 286
903 309
903 326
903 355
903 418
903 430
903 439
903 532
903 730
903 791
903 808
903 851
903 855
903 856
903 865
903 879
903 949
903 959
903 982
904 27
904 41
904 57
904 197
904 235
904 325
904 381
904 441
904 458
904 569
904 728
904 745
904 761
904 764
904 800
904 817
904 888
904 899
904 949
904 958
904 968
904 991
905 19
905 166
905 200
905 244
905 261
905 299
905 361
905 491
905 565
905 636
905 665
905 745
905 760
905 763
905 766
905 812
905 872
905 890
905 914
905 915
905 936
905 956
906 6
906 130
906 193
906 210
906 214
906 221
906 279
906 447
906 504
906 534
906 566
906 574
906 583
906 616
906 714
906 822
906 860
906 866
906 982
906 986
906 992
906 996
907 110
907 152
907 219
907 246
907 337
907 346
907 358
907 360
907 369
907 485
907 518
907 612
907 855
907 873
907 918
907 923
907 928
907 934
907 952
907 972
907 976
907 995
908 149
908 172
908 255
908 384
908 436
908 472
908 480
908 637
908 643
908 675
908 695
908 708
908 711
908 783
908 799
908 837
908 839
908 848
908 893
908 897
908 974
908 986
909 170
909 278
909 338
909 365
909 450
909 465
909 497
909 578
909 656
909 711
909 738
909 751
909 761
909 780
909 851
909 859
909 898
909 959
909 960
909 961
909 980
909 987
910 44
910 324
910 412
910 565
910 593
910 648
910 710
910 726
910 760
910 793
910 816
910 844
910 886
910 899
910 924
910 928
910 941
910 949
910 952
910 964
910 965
910 993
911 88
911 220
911 397
911 516
911 536
911 592
911 614
911 617
911 696
911 737
911 768
911 785
911 791
911 820
911 842
911 843
911 869
911 879
911 923
911 934
911 953
911 964
911 994
912 8
912 68
912 91
912 191
912 213
912 368
912 506
912 610
912 707
912 739
912 755
912 772
912 794
912 809
912 857
912 863
912 895
912 900
912 913
912 930
912 937
912 972
912 983
913 15
913 120
913 234
913 329
913 421
913 448
913 463
913 531
913 562
913 572
913 604
913 608
913 687
913 718
913 734
913 819
913 831
913 847
913 854
913 902
913 912
913 925
913 983
914 25
914 128
914 201
914 244
914 253
914 438
914 491
914 546
914 658
914 665
914 674
914 763
914 766
914 776
914 812
914 818
914 872
914 887
914 890
914 905
914 915
914 941
914 956
914 996
915 33
915 140
915 196
915 228
915 272
915 299
915 351
915 359
915 491
915 583
915 586
915 665
915 674
915 763
915 766
915 797
915 812
915 872
915 890
915 905
915 914
915 937
915 956
915 977
916 241
916 332
916 388
916 404
916 424
916 563
916 584
916 606
916 637
916 720
916 731
916 754
916 767
916 830
916 835
916 843
916 876
916 917
916 949
916 962
916 965
916 992
916 996
916 999
917 66
917 101
917 112
917 217
917 332
917 422
917 488
917 584
917 627
917 679
917 712
917 720
917 721
917 741
917 754
917 767
917 876
917 916
917 934
917 942
917 945
917 981
917 992
917 996
918 7
918 27
918 103
918 127
918 313
918 393
918 575
918 628
918 645
918 662
918 668
918 707
918 721
918 750
918 777
918 817
918 854
918 865
918 907
918 927
918 932
918 964
918 977
918 988
919 20
919 85
919 164
919 184
919 188
919 227
919 233
919 236
919 250
919 253
919 270
919 504
919 534
919 583
919 584
919 712
919 714
919 812
919 822
919 853
919 860
919 866
919 945
919 980
920 209
920 216
920 310
920 375
920 405
920 440
920 467
920 576
920 642
920 655
920 699
920 723
920 767
920 810
920 832
920 834
920 839
920 840
920 853
920 891
920 900
920 960
920 975
920 987
921 34
921 105
921 113
921 304
921 360
921 443
921 450
921 515
921 576
921 666
921 705
921 749
921 789
921 830
921 857
921 875
921 896
921 938
921 941
921 956
921 961
921 973
921 982
921 990
921 997
922 82
922 121
922 152
922 222
922 298
922 441
922 559
922 591
922 653
922 658
922 694
922 713
922 725
922 736
922 792
922 795
922 819
922 829
922 880
922 971
922 975
922 976
922 980
922 984
922 996
923 17
923 30
923 61
923 83
923 260
923 373
923 397
923 435
923 493
923 515
923 605
923 625
923 636
923 696
923 757
923 768
923 781
923 785
923 842
923 843
923 852
923 872
923 907
923 911
923 957
924 28
924 55
924 135
924 334
924 375
924 409
924 412
924 443
924 489
924 506
924 678
924 688
924 713
924 760
924 844
924 910
924 928
924 944
924 952
924 961
924 965
924 971
924 980
924 986
924 993
925 65
925 120
925 253
925 254
925 288
925 319
925 380
925 421
925 463
925 531
925 532
925 608
925 687
925 707
925 734
925 748
925 774
925 847
925 854
925 899
925 902
925 913
925 969
925 980
925 998
926 165
926 174
926 229
926 248
926 277
926 399
926 517
926 536
926 571
926 573
926 617
926 622
926 653
926 673
926 709
926 710
926 719
926 728
926 735
926 751
926 776
926 788
926 814
926 887
926 949
926 972
927 281
927 287
927 313
927 333
927 476
927 543
927 593
927 617
927 623
927 631
927 668
927 721
927 750
927 777
927 792
927 846
927 875
927 877
927 918
927 941
927 942
927 948
927 956
927 974
927 977
927 988
928 118
928 471
928 474
928 487
928 607
928 660
928 693
928 718
928 719
928 726
928 731
928 769
928 877
928 891
928 907
928 910
928 924
928 930
928 943
928 945
928 950
928 955
928 978
928 980
928 982
929 26
929 37
929 75
929 241
929 257
929 284
929 504
929 555
929 581
929 595
929 600
929 652
929 684
929 688
929 729
929 742
929 743
929 756
929 804
929 805
929 868
929 891
929 946
929 960
929 963
929 985
930 54
930 158
930 191
930 411
930 470
930 498
930 530
930 639
930 669
930 704
930 723
930 768
930 781
930 794
930 809
930 883
930 886
930 895
930 900
930 912
930 928
930 972
930 981
930 988
930 993
930 995
931 25
931 79
931 111
931 232
931 305
931 349
931 376
931 381
931 401
931 447
931 503
931 597
931 614
931 616
931 675
931 770
931 771
931 800
931 828
931 847
931 855
931 862
931 871
931 882
931 937
931 947
932 27
932 154
932 210
932 387
932 465
932 557
932 593
932 623
932 628
932 631
932 632
932 662
932 668
932 744
932 756
932 758
932 777
932 808
932 821
932 845
932 847
932 877
932 895
932 918
932 988
932 997
933 81
933 309
933 357
933 610
933 611
933 635
933 653
933 657
933 700
933 716
933 732
933 824
933 826
933 839
933 845
933 850
933 864
933 885
933 965
933 970
933 973
933 977
933 981
933 983
933 985
933 997
933 998
934 15
934 98
934 206
934 369
934 375
934 429
934 455
934 499
934 518
934 639
934 656
934 739
934 748
934 803
934 816
934 827
934 841
934 850
934 855
934 873
934 881
934 884
934 907
934 911
934 917
934 952
934 976
935 12
935 157
935 274
935 544
935 572
935 582
935 603
935 615
935 620
935 634
935 640
935 682
935 690
935 742
935 746
935 755
935 760
935 790
935 807
935 812
935 818
935 858
935 859
935 871
935 892
935 944
935 979
936 194
936 204
936 252
936 319
936 334
936 470
936 509
936 541
936 544
936 548
936 639
936 663
936 676
936 683
936 687
936 689
936 715
936 729
936 759
936 881
936 888
936 901
936 905
936 967
936 993
936 995
936 997
937 17
937 59
937 91
937 307
937 328
937 349
937 354
937 385
937 410
937 417
937 672
937 703
937 742
937 772
937 788
937 794
937 804
937 809
937 857
937 883
937 895
937 912
937 915
937 931
937 942
937 969
937 972
938 5
938 80
938 335
938 414
938 415
938 418
938 433
938 569
938 570
938 648
938 666
938 705
938 789
938 806
938 867
938 869
938 894
938 896
938 921
938 941
938 950
938 959
938 968
938 971
938 973
938 989
938 997
939 22
939 55
939 109
939 116
939 137
939 225
939 269
939 281
939 393
939 448
939 462
939 480
939 484
939 558
939 578
939 580
939 641
939 705
939 712
939 722
939 808
939 826
939 836
939 862
939 893
939 957
939 992
939 997
940 54
940 162
940 179
940 198
940 219
940 255
940 415
940 478
940 523
940 543
940 577
940 601
940 642
940 650
940 680
940 706
940 718
940 760
940 767
940 796
940 813
940 821
940 832
940 873
940 887
940 952
940 991
940 999
941 88
941 113
941 215
941 273
941 318
941 362
941 377
941 466
941 495
941 570
941 587
941 620
941 713
941 749
941 789
941 848
941 867
941 894
941 910
941 914
941 921
941 927
941 938
941 964
941 973
941 989
941 991
941 999
942 75
942 115
942 146
942 161
942 241
942 275
942 350
942 361
942 432
942 453
942 485
942 496
942 581
942 585
942 652
942 684
942 687
942 743
942 804
942 805
942 868
942 917
942 927
942 937
942 954
942 958
942 963
942 997
942 998
943 12
943 42
943 139
943 197
943 373
943 452
943 516
943 549
943 559
943 567
943 592
943 638
943 665
943 742
943 768
943 781
943 785
943 814
943 842
943 852
943 860
943 901
943 928
943 944
943 949
943 953
943 973
943 992
943 994
944 43
944 69
944 208
944 340
944 510
944 525
944 627
944 648
944 678
944 700
944 740
944 769
944 798
944 802
944 816
944 844
944 865
944 877
944 885
944 893
944 924
944 935
944 943
944 952
944 964
944 965
944 971
944 990
944 993
945 122
945 311
945 332
945 471
945 474
945 487
945 488
945 520
945 533
945 570
945 607
945 609
945 613
945 659
945 660
945 662
945 693
945 718
945 719
945 731
945 763
945 865
945 917
945 919
945 928
945 955
945 978
945 982
945 984
946 22
946 73
946 96
946 132
946 251
946 263
946 268
946 314
946 339
946 344
946 362
946 444
946 617
946 620
946 647
946 677
946 687
946 747
946 750
946 764
946 785
946 874
946 893
946 900
946 929
946 974
946 975
947 16
947 25
947 111
947 171
947 190
947 305
947 376
947 401
947 435
947 447
947 451
947 503
947 597
947 614
947 675
947 699
947 741
947 745
947 749
947 770
947 771
947 819
947 882
947 931
947 953
947 975
947 982
947 991
947 998
947 999
948 57
948 114
948 116
948 202
948 328
948 343
948 364
948 469
948 479
948 575
948 632
948 652
948 697
948 724
948 725
948 733
948 782
948 786
948 793
948 797
948 815
948 823
948 826
948 828
948 830
948 836
948 895
948 927
948 966
948 994
949 13
949 102
949 153
949 234
949 386
949 399
949 461
949 486
949 536
949 551
949 579
949 622
949 649
949 653
949 684
949 688
949 728
949 751
949 787
949 887
949 903
949 904
949 910
949 916
949 926
949 943
949 951
949 961
949 969
949 986
950 32
950 51
950 77
950 99
950 276
950 291
950 293
950 294
950 330
950 370
950 383
950 390
950 425
950 436
950 444
950 506
950 546
950 588
950 635
950 671
950 693
950 721
950 727
950 740
950 756
950 813
950 827
950 862
950 928
950 938
950 996
951 18
951 24
951 102
951 153
951 167
951 196
951 229
951 234
951 249
951 340
951 386
951 461
951 517
951 524
951 534
951 599
951 640
951 688
951 696
951 709
951 735
951 751
951 777
951 781
951 787
951 828
951 844
951 876
951 887
951 949
951 982
952 43
952 53
952 204
952 373
952 458
952 489
952 515
952 566
952 626
952 659
952 726
952 760
952 769
952 802
952 816
952 830
952 867
952 874
952 880
952 893
952 907
952 910
952 924
952 934
952 940
952 944
952 964
952 965
952 971
952 993
952 999
953 30
953 108
953 263
953 389
953 431
953 516
953 547
953 567
953 579
953 625
953 638
953 657
953 737
953 757
953 760
953 781
953 785
953 809
953 814
953 837
953 843
953 852
953 879
953 888
953 902
953 911
953 943
953 947
953 968
953 979
953 982
953 994
954 138
954 199
954 215
954 237
954 292
954 306
954 395
954 415
954 434
954 502
954 505
954 587
954 613
954 630
954 709
954 740
954 801
954 802
954 825
954 833
954 853
954 861
954 863
954 869
954 870
954 875
954 878
954 892
954 901
954 942
954 969
954 978
955 100
955 156
955 187
955 313
955 351
955 403
955 471
955 487
955 488
955 520
955 533
955 607
955 609
955 614
955 624
955 634
955 660
955 693
955 704
955 718
955 719
955 731
955 743
955 744
955 758
955 834
955 865
955 928
955 945
955 978
955 982
955 997
956 19
956 24
956 33
956 84
956 128
956 207
956 228
956 244
956 272
956 299
956 323
956 438
956 491
956 511
956 602
956 665
956 681
956 684
956 763
956 766
956 783
956 812
956 821
956 872
956 883
956 890
956 905
956 914
956 915
956 921
956 927
956 993
957 55
957 67
957 109
957 137
957 264
957 269
957 271
957 281
957 374
957 393
957 448
957 462
957 480
957 544
957 558
957 578
957 580
957 641
957 671
957 705
957 722
957 748
957 812
957 820
957 822
957 867
957 882
957 899
957 923
957 939
957 959
957 960
958 65
958 178
958 216
958 295
958 307
958 315
958 325
958 348
958 361
958 363
958 381
958 392
958 424
958 542
958 563
958 569
958 664
958 704
958 739
958 745
958 778
958 784
958 822
958 835
958 837
958 839
958 856
958 904
958 942
958 968
958 990
958 992
959 71
959 119
959 146
959 186
959 211
959 286
959 324
959 418
959 430
959 439
959 511
959 528
959 532
959 571
959 615
959 693
959 730
959 753
959 758
959 791
959 808
959 842
959 851
959 852
959 856
959 865
959 884
959 886
959 903
959 909
959 938
959 957
960 64
960 134
960 143
960 216
960 233
960 399
960 402
960 405
960 421
960 440
960 456
960 513
960 619
960 654
960 655
960 659
960 666
960 723
960 736
960 749
960 755
960 832
960 834
960 839
960 840
960 853
960 891
960 909
960 920
960 929
960 957
960 965
960 981
961 70
961 93
961 122
961 180
961 258
961 278
961 323
961 338
961 413
961 465
961 476
961 497
961 508
961 537
961 558
961 598
961 656
961 711
961 719
961 738
961 780
961 804
961 880
961 898
961 899
961 909
961 921
961 924
961 949
961 963
961 965
961 984
961 987
961 989
962 7
962 58
962 176
962 223
962 303
962 326
962 335
962 337
962 342
962 346
962 352
962 371
962 382
962 434
962 475
962 484
962 510
962 521
962 651
962 667
962 679
962 682
962 717
962 811
962 825
962 827
962 831
962 845
962 884
962 897
962 916
962 974
962 981
962 986
963 3
963 29
963 37
963 115
963 142
963 161
963 207
963 279
963 304
963 361
963 464
963 496
963 512
963 535
963 581
963 595
963 600
963 608
963 652
963 684
963 742
963 743
963 756
963 794
963 804
963 805
963 808
963 823
963 839
963 929
963 942
963 961
963 970
963 996
964 3
964 90
964 131
964 134
964 230
964 238
964 324
964 525
964 615
964 626
964 678
964 713
964 715
964 716
964 729
964 760
964 769
964 816
964 822
964 838
964 844
964 849
964 863
964 874
964 889
964 893
964 910
964 911
964 918
964 941
964 944
964 952
964 965
964 993
965 49
965 77
965 118
965 165
965 168
965 177
965 443
965 525
965 626
965 710
965 713
965 716
965 726
965 779
965 798
965 802
965 816
965 844
965 865
965 874
965 893
965 899
965 910
965 916
965 924
965 933
965 944
965 952
965 960
965 961
965 964
965 974
965 993
965 995
966 68
966 112
966 114
966 202
966 272
966 342
966 347
966 359
966 364
966 398
966 414
966 445
966 469
966 479
966 514
966 575
966 632
966 665
966 668
966 697
966 724
966 733
966 737
966 782
966 786
966 796
966 797
966 823
966 830
966 836
966 948
966 978
966 985
966 993
967 76
967 89
967 160
967 189
967 252
967 270
967 396
967 442
967 470
967 475
967 511
967 547
967 548
967 554
967 630
967 679
967 683
967 685
967 689
967 695
967 711
967 715
967 759
967 768
967 776
967 852
967 888
967 901
967 936
967 971
967 986
967 993
967 994
967 995
968 57
968 240
968 359
968 363
968 377
968 381
968 392
968 416
968 429
968 458
968 482
968 569
968 583
968 586
968 633
968 664
968 701
968 704
968 713
968 739
968 776
968 778
968 784
968 800
968 817
968 835
968 846
968 877
968 904
968 938
968 953
968 958
968 978
968 996
969 154
969 237
969 282
969 394
969 415
969 479
969 502
969 505
969 518
969 538
969 552
969 555
969 587
969 613
969 624
969 629
969 682
969 692
969 702
969 791
969 800
969 801
969 825
969 833
969 854
969 861
969 863
969 870
969 875
969 878
969 890
969 925
969 937
969 949
969 954
970 149
970 161
970 169
970 172
970 214
970 445
970 467
970 475
970 482
970 495
970 508
970 610
970 611
970 635
970 636
970 640
970 657
970 681
970 700
970 732
970 752
970 809
970 824
970 826
970 838
970 842
970 845
970 874
970 885
970 933
970 963
970 981
970 983
970 989
970 998
971 28
971 74
971 90
971 135
971 238
971 288
971 327
971 407
971 412
971 426
971 510
971 520
971 525
971 629
971 713
971 769
971 802
971 816
971 844
971 874
971 884
971 889
971 893
971 894
971 899
971 922
971 924
971 938
971 944
971 952
971 967
971 973
971 977
971 982
971 993
972 8
972 62
972 123
972 185
972 213
972 222
972 224
972 307
972 328
972 332
972 395
972 509
972 530
972 592
972 619
972 639
972 669
972 703
972 787
972 794
972 795
972 804
972 809
972 857
972 873
972 876
972 883
972 886
972 894
972 900
972 907
972 912
972 926
972 930
972 937
973 53
973 63
973 140
973 258
973 273
973 289
973 318
973 433
973 450
973 474
973 495
973 515
973 573
973 612
973 622
973 661
973 666
973 691
973 739
973 744
973 749
973 793
973 806
973 869
973 873
973 894
973 896
973 921
973 933
973 938
973 941
973 943
973 971
973 989
973 990
973 997
974 11
974 22
974 73
974 132
974 141
974 148
974 156
974 201
974 251
974 263
974 268
974 314
974 333
974 344
974 362
974 367
974 444
974 620
974 647
974 658
974 683
974 728
974 747
974 764
974 777
974 833
974 877
974 894
974 908
974 927
974 946
974 962
974 965
974 975
974 976
974 978
975 11
975 22
975 73
975 132
975 141
975 148
975 156
975 201
975 251
975 263
975 268
975 314
975 344
975 362
975 444
975 572
975 574
975 592
975 613
975 620
975 625
975 647
975 651
975 733
975 747
975 764
975 851
975 886
975 920
975 922
975 946
975 947
975 974
975 989
975 998
975 999
976 2
976 159
976 246
976 257
976 337
976 341
976 358
976 360
976 455
976 460
976 499
976 511
976 518
976 551
976 594
976 609
976 655
976 677
976 701
976 748
976 778
976 803
976 807
976 824
976 839
976 849
976 850
976 851
976 855
976 873
976 881
976 882
976 907
976 922
976 934
976 974
976 977
977 60
977 103
977 127
977 210
977 227
977 287
977 333
977 377
977 394
977 470
977 481
977 525
977 553
977 556
977 557
977 562
977 589
977 605
977 628
977 646
977 662
977 668
977 670
977 744
977 750
977 752
977 759
977 811
977 835
977 841
977 890
977 915
977 918
977 927
977 933
977 971
977 976
977 988
978 18
978 46
978 48
978 118
978 187
978 190
978 292
978 351
978 403
978 454
978 456
978 471
978 474
978 480
978 487
978 488
978 492
978 520
978 533
978 607
978 609
978 616
978 660
978 693
978 714
978 718
978 719
978 731
978 798
978 872
978 928
978 945
978 954
978 955
978 966
978 968
978 974
978 982
978 997
979 14
979 125
979 129
979 232
979 264
979 321
979 343
979 353
979 396
979 426
979 460
979 544
979 582
979 586
979 603
979 618
979 643
979 666
979 672
979 690
979 694
979 710
979 732
979 743
979 776
979 790
979 807
979 810
979 818
979 842
979 861
979 868
979 871
979 882
979 883
979 889
979 892
979 935
979 953
980 0
980 4
980 38
980 47
980 82
980 90
980 96
980 121
980 133
980 194
980 222
980 225
980 317
980 420
980 492
980 559
980 591
980 592
980 658
980 694
980 716
980 725
980 736
980 750
980 792
980 795
980 801
980 829
980 838
980 848
980 887
980 909
980 919
980 922
980 924
980 925
980 928
980 984
980 988
981 29
981 31
981 86
981 169
981 272
981 350
981 357
981 388
981 445
981 453
981 464
981 467
981 484
981 568
981 610
981 611
981 635
981 636
981 657
981 700
981 727
981 732
981 747
981 824
981 826
981 838
981 845
981 850
981 885
981 891
981 917
981 930
981 933
981 960
981 962
981 970
981 983
981 990
981 998
982 18
982 46
982 48
982 118
982 124
982 221
982 223
982 257
982 351
982 403
982 471
982 474
982 487
982 488
982 520
982 533
982 602
982 607
982 609
982 660
982 693
982 718
982 719
982 731
982 782
982 837
982 903
982 906
982 921
982 928
982 945
982 947
982 951
982 953
982 955
982 971
982 978
982 986
982 992
983 86
983 97
983 309
983 350
983 357
983 445
983 455
983 467
983 469
983 484
983 508
983 513
983 523
983 574
983 610
983 611
983 635
983 636
983 657
983 671
983 682
983 700
983 732
983 778
983 799
983 808
983 824
983 826
983 845
983 864
983 878
983 885
983 902
983 912
983 913
983 933
983 970
983 981
983 998
984 0
984 4
984 16
984 38
984 41
984 82
984 93
984 96
984 121
984 133
984 152
984 194
984 222
984 225
984 259
984 317
984 390
984 420
984 492
984 500
984 503
984 559
984 591
984 658
984 692
984 694
984 725
984 736
984 792
984 829
984 856
984 875
984 898
984 922
984 945
984 961
984 980
984 988
984 999
985 39
985 74
985 87
985 98
985 103
985 175
985 186
985 231
985 234
985 236
985 267
985 277
985 297
985 367
985 393
985 398
985 428
985 429
985 463
985 564
985 568
985 602
985 642
985 691
985 692
985 702
985 746
985 752
985 762
985 765
985 810
985 820
985 844
985 872
985 881
985 929
985 933
985 966
985 992
986 7
986 42
986 47
986 64
986 107
986 176
986 223
986 303
986 326
986 335
986 371
986 378
986 382
986 434
986 475
986 521
986 643
986 651
986 661
986 667
986 679
986 717
986 767
986 811
986 815
986 831
986 849
986 868
986 871
986 884
986 889
986 897
986 906
986 908
986 924
986 949
986 962
986 967
986 982
986 988
987 7
987 35
987 49
987 78
987 83
987 93
987 104
987 114
987 122
987 180
987 195
987 338
987 397
987 413
987 454
987 465
987 476
987 512
987 520
987 537
987 598
987 624
987 656
987 678
987 686
987 693
987 711
987 719
987 738
987 780
987 782
987 814
987 880
987 898
987 909
987 920
987 961
987 992
987 997
987 998
988 10
988 60
988 127
988 163
988 191
988 210
988 387
988 451
988 459
988 481
988 556
988 557
988 562
988 569
988 589
988 593
988 606
988 617
988 623
988 645
988 646
988 670
988 697
988 735
988 777
988 786
988 790
988 805
988 827
988 831
988 846
988 877
988 918
988 927
988 930
988 932
988 977
988 980
988 984
988 986
988 995
989 120
989 181
989 258
989 273
989 301
989 318
989 340
989 364
989 380
989 381
989 495
989 515
989 573
989 604
989 660
989 661
989 666
989 699
989 703
989 717
989 734
989 749
989 779
989 789
989 796
989 805
989 806
989 867
989 869
989 894
989 896
989 900
989 938
989 941
989 961
989 970
989 973
989 975
989 990
989 992
989 997
989 999
990 5
990 130
990 203
990 211
990 226
990 289
990 301
990 340
990 387
990 411
990 414
990 433
990 450
990 466
990 495
990 515
990 570
990 604
990 661
990 666
990 716
990 717
990 732
990 749
990 757
990 779
990 806
990 826
990 832
990 864
990 867
990 869
990 880
990 894
990 896
990 921
990 944
990 958
990 973
990 981
990 989
990 994
991 19
991 21
991 40
991 179
991 198
991 213
991 262
991 320
991 345
991 409
991 412
991 449
991 477
991 501
991 508
991 523
991 540
991 543
991 577
991 601
991 621
991 633
991 650
991 680
991 681
991 697
991 706
991 761
991 773
991 821
991 829
991 832
991 848
991 864
991 894
991 898
991 899
991 904
991 940
991 941
991 947
991 994
991 999
992 8
992 44
992 81
992 87
992 101
992 164
992 200
992 230
992 247
992 249
992 332
992 346
992 388
992 404
992 422
992 424
992 486
992 522
992 563
992 584
992 606
992 627
992 644
992 680
992 681
992 741
992 754
992 767
992 834
992 837
992 866
992 876
992 906
992 916
992 917
992 939
992 943
992 958
992 982
992 985
992 987
992 989
992 996
993 20
993 62
993 71
993 106
993 131
993 143
993 193
993 203
993 250
993 324
993 407
993 478
993 489
993 510
993 528
993 626
993 628
993 657
993 663
993 678
993 713
993 716
993 726
993 760
993 769
993 787
993 800
993 802
993 814
993 816
993 844
993 893
993 899
993 910
993 924
993 930
993 936
993 944
993 952
993 956
993 964
993 965
993 966
993 967
993 971
994 9
994 69
994 153
994 166
994 220
994 258
994 260
994 275
994 302
994 331
994 336
994 341
994 355
994 389
994 477
994 516
994 549
994 559
994 579
994 592
994 625
994 673
994 685
994 737
994 744
994 757
994 781
994 808
994 814
994 815
994 817
994 841
994 842
994 843
994 852
994 870
994 879
994 885
994 901
994 911
994 943
994 948
994 953
994 967
994 990
994 991
995 75
995 76
995 89
995 122
995 160
995 189
995 204
995 252
995 283
995 285
995 334
995 396
995 400
995 432
995 438
995 442
995 453
995 468
995 470
995 509
995 547
995 548
995 554
995 560
995 591
995 630
995 638
995 683
995 689
995 715
995 727
995 729
995 759
995 813
995 831
995 864
995 888
995 891
995 901
995 907
995 930
995 936
995 965
995 967
995 988
995 996
996 3
996 81
996 87
996 101
996 117
996 119
996 128
996 136
996 157
996 200
996 217
996 230
996 247
996 313
996 346
996 388
996 403
996 404
996 422
996 424
996 486
996 522
996 563
996 578
996 584
996 587
996 606
996 661
996 720
996 722
996 741
996 754
996 759
996 767
996 841
996 864
996 876
996 906
996 914
996 916
996 917
996 922
996 950
996 963
996 968
996 992
996 995
996 998
997 94
997 105
997 130
997 131
997 140
997 181
997 203
997 215
997 258
997 289
997 301
997 304
997 340
997 344
997 356
997 372
997 380
997 414
997 433
997 449
997 450
997 466
997 549
997 570
997 623
997 661
997 678
997 695
997 698
997 779
997 789
997 797
997 806
997 867
997 872
997 894
997 896
997 921
997 932
997 933
997 936
997 938
997 939
997 942
997 955
997 973
997 978
997 987
997 989
998 24
998 28
998 29
998 31
998 40
998 86
998 97
998 149
998 169
998 214
998 255
998 309
998 335
998 350
998 357
998 445
998 467
998 478
998 484
998 508
998 519
998 580
998 610
998 611
998 635
998 636
998 657
998 660
998 700
998 705
998 732
998 733
998 824
998 826
998 845
998 852
998 874
998 885
998 902
998 925
998 933
998 942
998 947
998 970
998 975
998 981
998 983
998 987
998 996
999 21
999 58
999 126
999 154
999 178
999 198
999 262
999 274
999 320
999 345
999 347
999 449
999 457
999 477
999 478
999 487
999 501
999 523
999 526
999 539
999 543
999 574
999 601
999 621
999 650
999 680
999 681
999 704
999 706
999 759
999 761
999 788
999 796
999 805
999 812
999 821
999 829
999 832
999 843
999 845
999 864
999 916
999 940
999 941
999 947
999 952
999 975
999 984
999 989
999 991
