0 727
0 904
0 912
0 945
1 660
1 733
1 746
1 934
2 783
2 832
2 847
2 971
3 327
3 745
3 780
3 906
4 432
4 570
4 801
4 941
5 431
5 526
5 938
5 939
6 708
6 809
6 875
6 973
7 401
7 916
7 982
7 993
8 229
8 903
8 972
8 984
9 102
9 403
9 566
9 767
10 760
10 810
10 944
10 951
11 820
11 845
11 941
11 943
12 476
12 510
12 722
12 857
13 53
13 713
13 794
13 911
14 479
14 598
14 716
14 991
15 689
15 847
15 921
15 981
16 846
16 920
16 961
16 980
17 701
17 895
17 918
17 977
18 397
18 708
18 748
18 998
19 779
19 822
19 891
19 981
20 125
20 325
20 386
20 982
21 492
21 590
21 899
21 925
22 656
22 695
22 890
22 982
23 529
23 700
23 952
23 998
24 724
24 777
24 927
24 992
25 167
25 332
25 581
25 824
26 315
26 731
26 793
26 977
27 623
27 728
27 810
27 980
28 557
28 807
28 944
28 971
29 901
29 973
29 975
29 986
30 755
30 790
30 935
30 947
31 90
31 365
31 597
31 759
32 628
32 748
32 867
32 895
33 198
33 428
33 759
33 935
34 369
34 750
34 846
34 988
35 383
35 454
35 498
35 946
36 102
36 153
36 863
36 992
37 60
37 690
37 813
37 848
38 210
38 520
38 526
38 894
39 569
39 645
39 701
39 913
40 463
40 819
40 929
40 999
41 426
41 610
41 762
41 900
42 732
42 957
42 987
42 994
43 628
43 760
43 954
43 957
44 242
44 329
44 914
44 950
45 610
45 767
45 928
45 995
46 895
46 903
46 931
46 984
47 560
47 654
47 913
47 957
48 736
48 783
48 923
48 966
49 603
49 637
49 950
49 996
50 571
50 732
50 881
50 995
51 635
51 862
51 969
51 974
52 454
52 527
52 669
52 899
53 13
53 252
53 696
53 764
54 502
54 973
54 992
54 997
55 693
55 771
55 969
55 981
56 916
56 931
56 937
56 966
57 220
57 914
57 949
57 990
58 297
58 519
58 567
58 769
59 654
59 723
59 898
59 927
60 37
60 764
60 872
60 959
61 83
61 422
61 941
61 980
62 422
62 799
62 908
62 958
63 326
63 876
63 914
63 986
64 385
64 467
64 631
64 715
65 157
65 303
65 818
65 897
66 594
66 732
66 836
66 945
67 682
67 698
67 929
67 975
68 311
68 730
68 921
68 970
69 676
69 940
69 944
69 989
70 307
70 550
70 873
70 991
71 634
71 905
71 936
71 948
72 281
72 808
72 889
72 891
73 549
73 552
73 599
73 908
74 834
74 914
74 925
74 997
75 563
75 850
75 966
75 977
76 660
76 762
76 858
76 935
77 286
77 615
77 887
77 965
78 344
78 786
78 830
78 928
79 590
79 861
79 935
79 969
80 331
80 630
80 764
80 967
81 525
81 557
81 684
81 894
82 136
82 440
82 541
82 927
83 61
83 89
83 496
83 573
84 596
84 964
84 967
84 996
85 199
85 676
85 962
85 980
86 439
86 607
86 838
86 999
87 437
87 444
87 915
87 983
88 557
88 629
88 966
88 977
89 83
89 757
89 808
89 912
90 31
90 315
90 611
90 939
91 692
91 791
91 931
91 993
92 283
92 509
92 729
92 924
93 450
93 794
93 921
93 971
94 170
94 634
94 937
94 960
95 742
95 918
95 937
95 963
96 239
96 416
96 772
96 785
97 347
97 444
97 801
97 804
98 263
98 768
98 957
98 998
99 503
99 865
99 972
99 975
100 346
100 392
100 580
100 657
101 377
101 956
101 981
101 988
102 9
102 36
102 269
102 931
103 679
103 826
103 984
103 986
104 787
104 951
104 965
104 977
105 211
105 294
105 536
105 850
106 150
106 385
106 691
106 846
107 849
107 941
107 972
107 984
108 180
108 640
108 706
108 882
109 543
109 921
109 959
109 983
110 754
110 911
110 933
110 984
111 726
111 747
111 826
111 947
112 273
112 954
112 978
112 990
113 520
113 666
113 862
113 923
114 664
114 670
114 834
114 961
115 883
115 917
115 925
115 963
116 618
116 780
116 817
116 865
117 315
117 657
117 922
117 933
118 720
118 816
118 837
118 998
119 878
119 902
119 908
119 925
120 683
120 817
120 867
120 979
121 612
121 753
121 983
121 992
122 310
122 405
122 821
122 895
123 274
123 516
123 773
123 972
124 245
124 296
124 844
124 987
125 20
125 601
125 902
125 905
126 143
126 421
126 731
126 736
127 664
127 772
127 925
127 968
128 562
128 819
128 974
128 994
129 490
129 577
129 786
129 841
130 265
130 435
130 844
130 952
131 159
131 524
131 950
131 965
132 617
132 794
132 829
132 915
133 623
133 872
133 942
133 974
134 531
134 550
134 919
134 966
135 411
135 657
135 896
135 974
136 82
136 748
136 771
136 776
137 326
137 737
137 953
137 983
138 682
138 713
138 929
138 973
139 905
139 926
139 933
139 964
140 339
140 481
140 626
140 706
141 308
141 494
141 685
141 997
142 456
142 879
142 965
142 989
143 126
143 732
143 973
143 987
144 584
144 784
144 982
144 999
145 214
145 895
145 923
145 984
146 652
146 715
146 946
146 950
147 593
147 774
147 828
147 980
148 199
148 626
148 908
148 959
149 436
149 877
149 897
149 967
150 106
150 424
150 447
150 780
151 697
151 714
151 831
151 995
152 390
152 859
152 901
152 918
153 36
153 196
153 497
153 755
154 482
154 634
154 786
154 813
155 262
155 761
155 842
155 991
156 280
156 317
156 384
156 851
157 65
157 690
157 816
157 860
158 433
158 853
158 973
158 999
159 131
159 326
159 722
159 905
160 279
160 928
160 973
160 984
161 346
161 686
161 957
161 971
162 483
162 723
162 841
162 974
163 663
163 799
163 955
163 970
164 750
164 842
164 850
164 998
165 646
165 684
165 753
165 983
166 597
166 786
166 831
166 991
167 25
167 791
167 875
167 891
168 576
168 643
168 719
168 881
169 847
169 899
169 911
169 950
170 94
170 689
170 905
170 953
171 759
171 868
171 890
171 916
172 223
172 804
172 906
172 998
173 215
173 495
173 792
173 960
174 399
174 817
174 838
174 959
175 190
175 836
175 948
175 968
176 395
176 510
176 900
176 989
177 690
177 832
177 840
177 891
178 237
178 389
178 688
178 744
179 434
179 948
179 951
179 952
180 108
180 244
180 853
180 983
181 734
181 764
181 959
181 962
182 601
182 708
182 891
182 946
183 475
183 517
183 669
183 856
184 596
184 732
184 763
184 943
185 196
185 219
185 479
185 831
186 480
186 623
186 967
186 968
187 621
187 670
187 930
187 984
188 254
188 903
188 984
188 995
189 362
189 522
189 731
189 973
190 175
190 295
190 714
190 863
191 213
191 417
191 421
191 872
192 621
192 824
192 860
192 938
193 225
193 671
193 863
193 966
194 240
194 571
194 736
194 925
195 508
195 607
195 938
195 980
196 153
196 185
196 797
196 896
197 481
197 807
197 873
197 908
198 33
198 540
198 871
198 925
199 85
199 148
199 889
199 957
200 381
200 687
200 720
200 901
201 389
201 919
201 979
201 985
202 239
202 624
202 839
202 960
203 850
203 957
203 973
203 994
204 613
204 720
204 799
204 939
205 829
205 930
205 979
205 996
206 438
206 616
206 944
206 997
207 378
207 545
207 739
207 916
208 712
208 893
208 909
208 935
209 495
209 611
209 866
209 944
210 38
210 759
210 931
210 996
211 105
211 869
211 957
211 975
212 787
212 886
212 932
212 970
213 191
213 407
213 615
213 901
214 145
214 703
214 925
214 952
215 173
215 482
215 783
215 842
216 572
216 685
216 880
216 973
217 730
217 785
217 959
217 998
218 510
218 533
218 828
218 945
219 185
219 322
219 338
219 961
220 57
220 462
220 492
220 613
221 746
221 775
221 906
221 919
222 572
222 841
222 938
222 980
223 172
223 721
223 843
223 891
224 621
224 869
224 958
224 992
225 193
225 246
225 532
225 878
226 489
226 639
226 976
226 983
227 320
227 916
227 941
227 982
228 883
228 958
228 962
228 968
229 8
229 457
229 694
229 921
230 481
230 781
230 801
230 944
231 726
231 906
231 965
231 988
232 589
232 677
232 894
232 974
233 850
233 948
233 955
233 956
234 384
234 494
234 841
234 994
235 321
235 429
235 721
235 754
235 848
236 805
236 827
236 830
236 849
236 991
237 178
237 415
237 870
237 972
237 993
238 754
238 815
238 899
238 920
238 990
239 96
239 202
239 637
239 943
239 968
240 194
240 419
240 642
240 956
240 959
241 608
241 797
241 844
241 883
241 913
242 44
242 323
242 827
242 833
242 999
243 753
243 781
243 947
243 994
243 999
244 180
244 554
244 788
244 894
244 913
245 124
245 507
245 750
245 986
245 990
246 225
246 266
246 785
246 943
246 970
247 454
247 620
247 663
247 808
247 845
248 422
248 754
248 905
248 918
248 975
249 533
249 663
249 713
249 778
249 926
250 284
250 693
250 768
250 927
250 957
251 460
251 772
251 865
251 897
251 923
252 53
252 581
252 703
252 767
252 934
253 536
253 690
253 862
253 909
253 995
254 188
254 289
254 658
254 870
254 931
255 414
255 594
255 660
255 903
255 932
256 386
256 672
256 700
256 726
256 956
257 306
257 345
257 355
257 485
257 983
258 772
258 832
258 924
258 953
258 977
259 511
259 754
259 755
259 944
259 970
260 698
260 739
260 930
260 967
260 974
261 658
261 750
261 775
261 828
261 985
262 155
262 715
262 863
262 920
262 997
263 98
263 326
263 863
263 894
263 970
264 299
264 749
264 753
264 917
264 943
265 130
265 600
265 894
265 943
265 984
266 246
266 695
266 902
266 964
266 997
267 293
267 664
267 950
267 976
267 979
268 404
268 696
268 790
268 837
268 978
269 102
269 422
269 809
269 833
269 982
270 294
270 904
270 965
270 991
270 999
271 844
271 888
271 894
271 976
271 995
272 355
272 453
272 471
272 787
272 972
273 112
273 656
273 832
273 914
273 933
274 123
274 912
274 917
274 971
274 987
275 314
275 528
275 940
275 956
275 990
276 576
276 731
276 769
276 883
276 971
277 718
277 734
277 918
277 920
277 928
278 442
278 470
278 704
278 941
278 950
279 160
279 379
279 455
279 531
279 797
280 156
280 645
280 810
280 840
280 957
281 72
281 827
281 899
281 933
281 981
282 457
282 652
282 692
282 790
282 955
283 92
283 318
283 627
283 727
283 869
284 250
284 350
284 642
284 827
284 836
285 539
285 829
285 956
285 969
285 982
286 77
286 712
286 773
286 934
286 995
287 370
287 731
287 858
287 878
287 998
288 619
288 885
288 898
288 909
288 995
289 254
289 573
289 796
289 850
289 978
290 699
290 705
290 775
290 885
290 942
291 742
291 811
291 889
291 923
291 959
292 712
292 752
292 876
292 984
292 988
293 267
293 657
293 740
293 888
293 982
294 105
294 270
294 344
294 921
294 971
295 190
295 602
295 993
295 994
295 996
296 124
296 826
296 834
296 845
296 940
297 58
297 630
297 821
297 873
297 977
298 497
298 586
298 713
298 847
298 898
299 264
299 479
299 865
299 868
299 875
300 309
300 386
300 615
300 625
300 680
301 397
301 555
301 646
301 870
301 977
302 579
302 757
302 898
302 966
302 985
303 65
303 335
303 801
303 967
303 996
304 521
304 799
304 843
304 949
304 976
305 334
305 649
305 836
305 894
305 985
306 257
306 561
306 669
306 709
306 792
307 70
307 469
307 554
307 581
307 973
308 141
308 472
308 745
308 884
308 991
309 300
309 577
309 957
309 974
309 985
310 122
310 486
310 587
310 609
310 972
311 68
311 497
311 638
311 968
311 970
312 410
312 590
312 866
312 897
312 993
313 732
313 758
313 864
313 913
313 989
314 275
314 458
314 635
314 925
314 998
315 26
315 90
315 117
315 807
315 963
316 810
316 842
316 940
316 958
316 991
317 156
317 423
317 779
317 879
317 977
318 283
318 495
318 950
318 987
318 996
319 603
319 725
319 892
319 965
319 987
320 227
320 379
320 729
320 960
320 974
321 235
321 336
321 356
321 953
321 982
322 219
322 329
322 646
322 901
322 992
323 242
323 433
323 487
323 966
323 983
324 774
324 812
324 818
324 892
324 907
325 20
325 926
325 946
325 950
325 977
326 63
326 137
326 159
326 263
326 924
327 3
327 649
327 731
327 818
327 987
328 537
328 760
328 928
328 954
328 997
329 44
329 322
329 683
329 739
329 827
330 685
330 796
330 948
330 972
330 995
331 80
331 443
331 575
331 818
331 965
332 25
332 904
332 908
332 963
332 981
333 476
333 686
333 943
333 989
333 990
334 305
334 692
334 952
334 987
334 998
335 303
335 569
335 780
335 800
335 955
336 321
336 658
336 829
336 864
336 962
337 497
337 778
337 794
337 855
337 963
338 219
338 402
338 470
338 522
338 942
339 140
339 408
339 509
339 525
339 958
340 460
340 719
340 905
340 946
340 990
341 691
341 707
341 830
341 917
341 936
342 592
342 672
342 968
342 974
342 982
343 746
343 839
343 900
343 964
343 989
344 78
344 294
344 720
344 729
344 979
345 257
345 678
345 947
345 972
345 987
346 100
346 161
346 708
346 994
346 999
347 97
347 847
347 882
347 930
347 957
348 558
348 571
348 607
348 760
348 999
349 701
349 752
349 768
349 796
349 898
350 284
350 451
350 483
350 810
350 980
351 608
351 905
351 907
351 947
351 990
352 790
352 866
352 935
352 954
352 956
353 778
353 791
353 948
353 950
353 985
354 413
354 590
354 786
354 963
354 971
355 257
355 272
355 701
355 886
355 888
356 321
356 812
356 951
356 988
356 996
357 642
357 673
357 744
357 849
357 976
358 405
358 817
358 878
358 976
358 987
359 473
359 780
359 917
359 920
359 985
360 894
360 910
360 916
360 952
360 973
361 638
361 776
361 863
361 922
361 984
362 189
362 738
362 829
362 986
362 992
363 654
363 917
363 961
363 979
363 982
364 420
364 538
364 790
364 964
364 985
365 31
365 686
365 736
365 878
365 971
366 559
366 733
366 916
366 948
366 999
367 784
367 828
367 865
367 987
367 992
368 659
368 768
368 926
368 936
368 970
369 34
369 592
369 797
369 873
369 974
370 287
370 379
370 548
370 742
370 749
371 391
371 598
371 673
371 875
371 978
372 710
372 738
372 771
372 779
372 843
373 752
373 849
373 861
373 921
373 995
374 436
374 716
374 856
374 903
374 979
375 504
375 586
375 641
375 741
375 999
376 719
376 742
376 926
376 953
376 996
377 101
377 455
377 493
377 688
377 702
378 207
378 436
378 800
378 842
378 906
379 279
379 320
379 370
379 562
379 955
380 384
380 753
380 778
380 954
380 965
381 200
381 886
381 909
381 971
381 995
382 858
382 893
382 926
382 974
382 996
383 35
383 509
383 676
383 918
383 935
384 156
384 234
384 380
384 622
384 956
385 64
385 106
385 664
385 823
385 920
385 960
386 20
386 256
386 300
386 694
386 835
386 997
387 575
387 727
387 729
387 770
387 796
387 826
388 506
388 590
388 879
388 938
388 959
388 966
389 178
389 201
389 590
389 705
389 906
389 958
390 152
390 645
390 859
390 889
390 904
390 922
391 371
391 483
391 603
391 767
391 780
391 942
392 100
392 917
392 960
392 964
392 993
392 998
393 644
393 648
393 746
393 858
393 963
393 974
394 476
394 518
394 653
394 916
394 921
394 925
395 176
395 529
395 574
395 838
395 954
395 988
396 457
396 640
396 892
396 929
396 947
396 990
397 18
397 301
397 880
397 908
397 924
397 966
398 464
398 912
398 919
398 928
398 958
398 992
399 174
399 623
399 758
399 958
399 966
399 978
400 461
400 717
400 849
400 873
400 945
400 948
401 7
401 593
401 626
401 900
401 948
401 978
402 338
402 582
402 794
402 831
402 933
402 951
403 9
403 575
403 702
403 872
403 928
403 993
404 268
404 638
404 642
404 851
404 915
404 919
405 122
405 358
405 612
405 713
405 748
405 953
406 509
406 616
406 887
406 917
406 920
406 942
407 213
407 418
407 749
407 752
407 962
407 982
408 339
408 519
408 798
408 802
408 952
408 982
409 429
409 605
409 883
409 903
409 923
409 967
410 312
410 569
410 620
410 859
410 887
410 899
411 135
411 588
411 682
411 942
411 953
411 974
412 427
412 766
412 801
412 892
412 982
412 987
413 354
413 438
413 519
413 894
413 955
413 990
414 255
414 564
414 690
414 864
414 960
414 986
415 237
415 501
415 854
415 897
415 951
415 955
416 96
416 538
416 631
416 663
416 919
416 941
417 191
417 822
417 854
417 859
417 917
417 999
418 407
418 431
418 561
418 630
418 838
418 990
419 240
419 724
419 852
419 858
419 898
419 909
420 364
420 688
420 891
420 923
420 971
420 986
421 126
421 191
421 523
421 898
421 919
421 965
422 61
422 62
422 248
422 269
422 975
422 983
423 317
423 750
423 751
423 768
423 906
423 970
424 150
424 545
424 887
424 924
424 964
424 970
425 585
425 653
425 758
425 954
425 959
425 998
426 41
426 669
426 938
426 967
426 983
426 996
427 412
427 500
427 782
427 807
427 914
427 957
428 33
428 671
428 718
428 931
428 994
428 996
429 235
429 409
429 534
429 790
429 858
429 895
430 627
430 668
430 673
430 868
430 953
430 995
431 5
431 418
431 541
431 604
431 685
431 875
432 4
432 478
432 828
432 943
432 953
432 995
433 158
433 323
433 723
433 769
433 970
433 991
434 179
434 819
434 893
434 932
434 949
434 955
435 130
435 444
435 558
435 841
435 908
435 911
436 149
436 374
436 378
436 839
436 877
436 969
437 87
437 543
437 792
437 844
437 847
437 981
438 206
438 413
438 672
438 851
438 915
438 969
439 86
439 789
439 859
439 905
439 906
439 981
440 82
440 643
440 932
440 941
440 988
440 997
441 486
441 518
441 665
441 710
441 739
441 978
442 278
442 780
442 844
442 930
442 966
442 998
443 331
443 498
443 643
443 680
443 823
443 826
444 87
444 97
444 435
444 599
444 810
444 854
445 505
445 508
445 627
445 766
445 841
445 923
446 626
446 885
446 928
446 951
446 995
446 998
447 150
447 640
447 694
447 914
447 947
447 979
448 504
448 547
448 565
448 775
448 905
448 959
449 581
449 664
449 923
449 926
449 975
449 985
450 93
450 496
450 901
450 927
450 972
450 988
451 350
451 523
451 653
451 962
451 982
451 988
452 472
452 835
452 935
452 955
452 961
452 991
453 272
453 583
453 634
453 651
453 778
453 904
454 35
454 52
454 247
454 636
454 853
454 915
455 279
455 377
455 765
455 811
455 865
455 953
456 142
456 597
456 832
456 922
456 964
456 997
457 229
457 282
457 396
457 532
457 579
457 957
458 314
458 695
458 790
458 909
458 946
458 987
459 678
459 751
459 853
459 979
459 988
459 992
460 251
460 340
460 570
460 776
460 904
460 916
461 400
461 521
461 752
461 940
461 946
461 997
462 220
462 514
462 562
462 647
462 901
462 929
463 40
463 513
463 818
463 858
463 945
463 956
464 398
464 754
464 813
464 903
464 935
464 964
465 541
465 721
465 903
465 921
465 956
465 981
466 780
466 856
466 878
466 944
466 990
466 995
467 64
467 487
467 863
467 874
467 884
467 920
468 621
468 653
468 711
468 903
468 921
468 931
469 307
469 856
469 903
469 965
469 979
469 989
470 278
470 338
470 769
470 874
470 921
470 982
471 272
471 613
471 623
471 837
471 978
471 986
472 308
472 452
472 739
472 815
472 942
472 999
473 359
473 639
473 783
473 887
473 945
473 967
474 517
474 528
474 676
474 697
474 984
474 991
475 183
475 794
475 846
475 908
475 986
475 992
476 12
476 333
476 394
476 761
476 993
476 997
477 522
477 761
477 815
477 858
477 927
477 966
478 432
478 620
478 733
478 788
478 857
478 875
479 14
479 185
479 299
479 533
479 709
479 712
479 958
480 186
480 657
480 662
480 695
480 717
480 956
480 996
481 140
481 197
481 230
481 699
481 875
481 970
481 983
482 154
482 215
482 723
482 837
482 881
482 891
482 920
483 162
483 350
483 391
483 829
483 869
483 891
483 976
484 602
484 772
484 878
484 906
484 932
484 959
484 960
485 257
485 864
485 874
485 927
485 948
485 980
485 988
486 310
486 441
486 588
486 820
486 878
486 931
486 997
487 323
487 467
487 523
487 769
487 783
487 886
487 995
488 568
488 834
488 846
488 869
488 870
488 956
488 963
489 226
489 828
489 915
489 940
489 950
489 975
489 983
490 129
490 550
490 717
490 926
490 960
490 969
490 972
491 601
491 687
491 761
491 924
491 949
491 952
491 960
492 21
492 220
492 600
492 612
492 744
492 818
492 990
493 377
493 613
493 832
493 951
493 970
493 989
493 998
494 141
494 234
494 597
494 645
494 677
494 805
494 976
495 173
495 209
495 318
495 499
495 720
495 961
495 990
496 83
496 450
496 497
496 606
496 964
496 991
496 993
497 153
497 298
497 311
497 337
497 496
497 874
497 883
498 35
498 443
498 727
498 763
498 781
498 833
498 911
499 495
499 514
499 785
499 837
499 976
499 988
499 992
500 427
500 672
500 699
500 903
500 940
500 948
500 997
501 415
501 554
501 763
501 777
501 801
501 932
501 946
502 54
502 638
502 717
502 859
502 959
502 972
502 980
503 99
503 659
503 836
503 866
503 950
503 992
503 998
504 375
504 448
504 682
504 799
504 865
504 943
504 972
505 445
505 673
505 692
505 766
505 941
505 980
505 989
506 388
506 707
506 759
506 770
506 865
506 925
506 959
507 245
507 566
507 729
507 805
507 899
507 900
507 956
508 195
508 445
508 674
508 761
508 927
508 982
508 988
509 92
509 339
509 383
509 406
509 828
509 842
509 997
510 12
510 176
510 218
510 563
510 800
510 824
510 872
511 259
511 526
511 682
511 762
511 891
511 910
511 953
512 624
512 671
512 728
512 791
512 935
512 946
512 956
513 463
513 674
513 726
513 823
513 898
513 931
513 964
514 462
514 499
514 713
514 864
514 927
514 972
514 998
515 742
515 764
515 774
515 845
515 965
515 975
515 993
516 123
516 522
516 536
516 692
516 804
516 848
516 968
517 183
517 474
517 676
517 843
517 872
517 879
517 948
518 394
518 441
518 588
518 793
518 825
518 947
518 978
519 58
519 408
519 413
519 939
519 983
519 988
519 998
520 38
520 113
520 745
520 799
520 852
520 880
520 950
521 304
521 461
521 614
521 646
521 905
521 947
521 998
522 189
522 338
522 477
522 516
522 662
522 718
522 966
523 421
523 451
523 487
523 859
523 904
523 937
523 969
524 131
524 558
524 820
524 900
524 986
524 993
524 999
525 81
525 339
525 582
525 760
525 873
525 979
525 994
526 5
526 38
526 511
526 807
526 936
526 942
526 943
527 52
527 902
527 934
527 940
527 981
527 992
527 999
528 275
528 474
528 627
528 680
528 734
528 984
528 993
529 23
529 395
529 759
529 861
529 944
529 963
529 977
530 552
530 706
530 740
530 767
530 849
530 877
530 944
531 134
531 279
531 675
531 865
531 928
531 964
531 986
532 225
532 457
532 688
532 825
532 950
532 976
532 981
533 218
533 249
533 479
533 649
533 672
533 912
533 971
534 429
534 645
534 801
534 863
534 864
534 982
534 987
535 762
535 815
535 939
535 952
535 962
535 963
535 981
536 105
536 253
536 516
536 696
536 834
536 842
536 968
537 328
537 561
537 592
537 872
537 890
537 921
537 970
538 364
538 416
538 754
538 901
538 923
538 961
538 979
539 285
539 693
539 840
539 864
539 913
539 988
539 992
540 198
540 700
540 765
540 928
540 957
540 959
540 978
541 82
541 431
541 465
541 572
541 649
541 825
541 993
542 570
542 582
542 598
542 637
542 830
542 845
542 931
543 109
543 437
543 605
543 678
543 788
543 896
543 958
544 690
544 734
544 736
544 781
544 855
544 864
544 973
545 207
545 424
545 548
545 643
545 938
545 970
545 991
546 566
546 586
546 664
546 919
546 930
546 964
546 994
547 448
547 559
547 790
547 954
547 955
547 960
547 961
548 370
548 545
548 791
548 825
548 891
548 931
548 955
549 73
549 586
549 617
549 733
549 790
549 908
549 966
550 70
550 134
550 490
550 718
550 786
550 913
550 960
551 750
551 796
551 905
551 908
551 928
551 967
551 980
552 73
552 530
552 683
552 906
552 954
552 964
552 997
553 582
553 593
553 623
553 644
553 659
553 896
553 943
554 244
554 307
554 501
554 785
554 909
554 952
554 987
555 301
555 574
555 641
555 749
555 762
555 818
555 971
556 719
556 802
556 891
556 938
556 962
556 980
556 994
557 28
557 81
557 88
557 747
557 810
557 870
557 948
558 348
558 435
558 524
558 669
558 857
558 908
558 941
559 366
559 547
559 808
559 838
559 967
559 987
559 996
560 47
560 709
560 735
560 765
560 782
560 929
560 996
561 306
561 418
561 537
561 781
561 814
561 869
561 892
562 128
562 379
562 462
562 730
562 736
562 810
562 871
563 75
563 510
563 650
563 836
563 852
563 871
563 991
564 414
564 579
564 765
564 784
564 934
564 935
564 953
565 448
565 719
565 729
565 850
565 914
565 918
565 931
566 9
566 507
566 546
566 747
566 954
566 968
566 982
567 58
567 668
567 787
567 799
567 830
567 907
567 971
568 488
568 650
568 825
568 859
568 904
568 917
568 929
569 39
569 335
569 410
569 760
569 778
569 795
569 797
569 922
570 4
570 460
570 542
570 680
570 934
570 959
570 960
570 993
571 50
571 194
571 348
571 775
571 815
571 828
571 962
571 982
572 216
572 222
572 541
572 715
572 777
572 882
572 944
572 989
573 83
573 289
573 716
573 763
573 827
573 855
573 872
573 961
574 395
574 555
574 830
574 930
574 944
574 958
574 975
574 985
575 331
575 387
575 403
575 584
575 651
575 731
575 755
575 968
576 168
576 276
576 667
576 773
576 825
576 904
576 939
576 976
577 129
577 309
577 695
577 743
577 803
577 849
577 884
577 955
578 789
578 833
578 861
578 866
578 886
578 904
578 918
578 949
579 302
579 457
579 564
579 584
579 853
579 947
579 982
579 989
580 100
580 662
580 813
580 896
580 969
580 975
580 982
580 990
581 25
581 252
581 307
581 449
581 698
581 814
581 933
581 938
582 402
582 525
582 542
582 553
582 614
582 852
582 897
582 907
583 453
583 857
583 889
583 929
583 963
583 976
583 993
583 997
584 144
584 575
584 579
584 659
584 713
584 914
584 916
584 999
585 425
585 642
585 706
585 783
585 840
585 869
585 941
585 988
586 298
586 375
586 546
586 549
586 729
586 898
586 972
586 995
587 310
587 755
587 809
587 855
587 878
587 884
587 925
587 999
588 411
588 486
588 518
588 872
588 882
588 961
588 970
588 977
589 232
589 655
589 678
589 680
589 876
589 984
589 985
589 998
590 21
590 79
590 312
590 354
590 388
590 389
590 827
590 916
591 722
591 765
591 822
591 847
591 886
591 934
591 988
591 991
592 342
592 369
592 537
592 625
592 741
592 811
592 902
592 989
593 147
593 401
593 553
593 787
593 906
593 915
593 917
593 966
594 66
594 255
594 677
594 913
594 944
594 962
594 980
594 993
595 637
595 696
595 745
595 759
595 958
595 962
595 967
595 999
596 84
596 184
596 636
596 795
596 916
596 976
596 979
596 993
597 31
597 166
597 456
597 494
597 760
597 787
597 924
597 977
598 14
598 371
598 542
598 652
598 726
598 762
598 776
598 939
599 73
599 444
599 743
599 760
599 811
599 936
599 983
599 999
600 265
600 492
600 612
600 620
600 867
600 871
600 947
600 979
601 125
601 182
601 491
601 652
601 662
601 781
601 978
601 982
602 295
602 484
602 761
602 766
602 835
602 881
602 906
602 998
603 49
603 319
603 391
603 907
603 927
603 936
603 945
603 960
604 431
604 841
604 845
604 869
604 876
604 877
604 940
604 971
605 409
605 543
605 644
605 657
605 773
605 793
605 941
605 976
606 496
606 839
606 863
606 910
606 919
606 947
606 983
606 993
607 86
607 195
607 348
607 639
607 924
607 954
607 956
607 987
608 241
608 351
608 714
608 721
608 787
608 819
608 879
608 915
609 310
609 793
609 838
609 846
609 854
609 933
609 955
609 995
610 41
610 45
610 679
610 812
610 841
610 901
610 957
610 976
611 90
611 209
611 632
611 714
611 806
611 879
611 881
611 959
612 121
612 405
612 492
612 600
612 685
612 719
612 823
612 827
612 846
613 204
613 220
613 471
613 493
613 690
613 835
613 879
613 896
613 978
614 521
614 582
614 667
614 673
614 677
614 684
614 711
614 916
614 919
615 77
615 213
615 300
615 670
615 745
615 855
615 952
615 962
615 979
616 206
616 406
616 695
616 839
616 840
616 913
616 968
616 978
616 996
617 132
617 549
617 708
617 769
617 818
617 879
617 890
617 922
617 950
618 116
618 633
618 739
618 749
618 888
618 916
618 938
618 964
618 985
619 288
619 636
619 662
619 799
619 808
619 817
619 856
619 972
619 983
620 247
620 410
620 478
620 600
620 629
620 809
620 953
620 955
620 997
621 187
621 192
621 224
621 468
621 722
621 779
621 828
621 985
621 987
622 384
622 650
622 744
622 842
622 865
622 899
622 910
622 972
622 975
623 27
623 133
623 186
623 399
623 471
623 553
623 951
623 976
623 991
624 202
624 512
624 772
624 910
624 917
624 947
624 954
624 986
624 994
625 300
625 592
625 638
625 861
625 923
625 947
625 954
625 964
625 998
626 140
626 148
626 401
626 446
626 660
626 756
626 880
626 909
626 998
627 283
627 430
627 445
627 528
627 637
627 661
627 875
627 922
627 996
628 32
628 43
628 726
628 856
628 871
628 901
628 914
628 970
628 978
629 88
629 620
629 634
629 724
629 809
629 879
629 917
629 970
629 974
630 80
630 297
630 418
630 843
630 874
630 879
630 883
630 978
630 993
631 64
631 416
631 849
631 859
631 868
631 896
631 909
631 914
631 981
632 611
632 764
632 813
632 886
632 888
632 935
632 945
632 958
632 971
633 618
633 664
633 797
633 802
633 847
633 924
633 956
633 986
633 994
634 71
634 94
634 154
634 453
634 629
634 772
634 835
634 915
634 987
635 51
635 314
635 765
635 896
635 916
635 923
635 983
635 988
635 992
636 454
636 596
636 619
636 765
636 786
636 911
636 965
636 974
636 975
637 49
637 239
637 542
637 595
637 627
637 795
637 828
637 937
637 995
638 311
638 361
638 404
638 502
638 625
638 751
638 945
638 952
638 959
639 226
639 473
639 607
639 723
639 744
639 828
639 939
639 969
639 991
640 108
640 396
640 447
640 641
640 838
640 897
640 971
640 985
640 996
641 375
641 555
641 640
641 729
641 798
641 828
641 877
641 947
641 985
642 240
642 284
642 357
642 404
642 585
642 879
642 924
642 932
642 937
643 168
643 440
643 443
643 545
643 748
643 900
643 903
643 924
643 994
644 393
644 553
644 605
644 649
644 706
644 786
644 889
644 896
644 918
645 39
645 280
645 390
645 494
645 534
645 693
645 910
645 950
645 981
646 165
646 301
646 322
646 521
646 738
646 803
646 930
646 939
646 998
647 462
647 740
647 809
647 829
647 877
647 942
647 949
647 962
647 979
647 985
648 393
648 787
648 852
648 885
648 910
648 915
648 953
648 954
648 961
648 998
649 305
649 327
649 533
649 541
649 644
649 692
649 851
649 922
649 951
649 984
650 563
650 568
650 622
650 679
650 692
650 833
650 845
650 918
650 957
650 960
651 453
651 575
651 671
651 761
651 832
651 833
651 904
651 936
651 949
651 984
652 146
652 282
652 598
652 601
652 722
652 785
652 788
652 794
652 860
652 981
653 394
653 425
653 451
653 468
653 799
653 876
653 897
653 913
653 951
653 996
654 47
654 59
654 363
654 704
654 711
654 796
654 836
654 895
654 906
654 981
655 589
655 665
655 716
655 748
655 763
655 821
655 937
655 947
655 976
655 978
656 22
656 273
656 776
656 848
656 879
656 895
656 960
656 970
656 989
656 994
657 100
657 117
657 135
657 293
657 480
657 605
657 710
657 963
657 976
657 996
658 254
658 261
658 336
658 786
658 915
658 932
658 946
658 947
658 976
658 979
659 368
659 503
659 553
659 584
659 871
659 887
659 945
659 949
659 952
659 984
660 1
660 76
660 255
660 626
660 821
660 858
660 921
660 932
660 954
660 962
661 627
661 724
661 731
661 740
661 779
661 826
661 857
661 952
661 974
661 990
662 480
662 522
662 580
662 601
662 619
662 668
662 728
662 778
662 916
662 980
663 163
663 247
663 249
663 416
663 745
663 866
663 909
663 934
663 957
663 987
664 114
664 127
664 267
664 385
664 449
664 546
664 633
664 922
664 941
664 986
665 441
665 655
665 691
665 743
665 831
665 861
665 901
665 940
665 973
665 999
666 113
666 714
666 737
666 800
666 825
666 836
666 898
666 909
666 945
666 946
667 576
667 614
667 747
667 764
667 795
667 829
667 892
667 961
667 982
667 990
668 430
668 567
668 662
668 735
668 743
668 831
668 870
668 979
668 990
668 995
669 52
669 183
669 306
669 426
669 558
669 771
669 845
669 882
669 913
669 968
670 114
670 187
670 615
670 864
670 906
670 917
670 938
670 962
670 982
670 995
671 193
671 428
671 512
671 651
671 700
671 742
671 779
671 789
671 948
671 949
672 256
672 342
672 438
672 500
672 533
672 697
672 880
672 909
672 948
672 967
673 357
673 371
673 430
673 505
673 614
673 697
673 791
673 866
673 911
673 987
674 508
674 513
674 752
674 777
674 873
674 911
674 917
674 929
674 949
674 969
675 531
675 811
675 842
675 873
675 962
675 969
675 973
675 977
675 993
675 997
676 69
676 85
676 383
676 474
676 517
676 952
676 962
676 964
676 977
676 993
677 232
677 494
677 594
677 614
677 821
677 839
677 872
677 952
677 954
677 962
678 345
678 459
678 543
678 589
678 796
678 814
678 820
678 930
678 971
678 994
679 103
679 610
679 650
679 817
679 860
679 963
679 972
679 983
679 988
679 992
680 300
680 443
680 528
680 570
680 589
680 724
680 737
680 851
680 957
680 995
681 703
681 816
681 828
681 837
681 848
681 927
681 954
681 973
681 978
681 994
682 67
682 138
682 411
682 504
682 511
682 723
682 796
682 858
682 894
682 999
683 120
683 329
683 552
683 721
683 813
683 829
683 840
683 939
683 946
683 993
684 81
684 165
684 614
684 861
684 908
684 961
684 963
684 986
684 988
684 992
685 141
685 216
685 330
685 431
685 612
685 811
685 893
685 910
685 927
685 990
686 161
686 333
686 365
686 691
686 808
686 963
686 968
686 969
686 972
686 982
687 200
687 491
687 837
687 845
687 862
687 884
687 889
687 897
687 954
687 967
688 178
688 377
688 420
688 532
688 718
688 910
688 975
688 978
688 981
688 998
689 15
689 170
689 709
689 717
689 757
689 872
689 893
689 959
689 994
689 998
690 37
690 157
690 177
690 253
690 414
690 544
690 613
690 711
690 973
690 982
691 106
691 341
691 665
691 686
691 707
691 766
691 803
691 867
691 939
691 977
691 983
692 91
692 282
692 334
692 505
692 516
692 649
692 650
692 704
692 744
692 881
692 946
693 55
693 250
693 539
693 645
693 743
693 819
693 855
693 961
693 966
693 970
693 972
694 229
694 386
694 447
694 699
694 798
694 816
694 917
694 931
694 949
694 977
694 978
695 22
695 266
695 458
695 480
695 577
695 616
695 797
695 798
695 852
695 889
695 912
696 53
696 268
696 536
696 595
696 703
696 727
696 852
696 875
696 904
696 939
696 999
697 151
697 474
697 672
697 673
697 707
697 844
697 847
697 880
697 921
697 948
697 987
698 67
698 260
698 581
698 701
698 705
698 770
698 860
698 940
698 965
698 973
698 989
699 290
699 481
699 500
699 694
699 794
699 814
699 874
699 877
699 959
699 971
699 981
700 23
700 256
700 540
700 671
700 785
700 795
700 798
700 953
700 972
700 992
700 994
701 17
701 39
701 349
701 355
701 698
701 863
701 912
701 921
701 937
701 985
701 987
702 377
702 403
702 808
702 822
702 860
702 871
702 890
702 912
702 933
702 935
702 981
703 214
703 252
703 681
703 696
703 824
703 867
703 874
703 889
703 910
703 952
703 980
704 278
704 654
704 692
704 781
704 803
704 844
704 858
704 873
704 886
704 967
704 996
705 290
705 389
705 698
705 725
705 763
705 922
705 958
705 960
705 980
705 985
705 991
706 108
706 140
706 530
706 585
706 644
706 756
706 896
706 916
706 945
706 959
706 961
707 341
707 506
707 691
707 697
707 832
707 881
707 889
707 928
707 950
707 960
707 961
708 6
708 18
708 182
708 346
708 617
708 710
708 721
708 729
708 734
708 928
708 944
709 306
709 479
709 560
709 689
709 924
709 931
709 938
709 956
709 958
709 959
709 995
710 372
710 441
710 657
710 708
710 829
710 867
710 919
710 928
710 932
710 959
710 994
711 468
711 614
711 654
711 690
711 732
711 750
711 773
711 789
711 861
711 973
711 980
712 208
712 286
712 292
712 479
712 724
712 756
712 862
712 924
712 928
712 934
712 960
713 13
713 138
713 249
713 298
713 405
713 514
713 584
713 887
713 972
713 979
713 993
714 151
714 190
714 608
714 611
714 666
714 737
714 792
714 842
714 938
714 945
714 992
715 64
715 146
715 262
715 572
715 785
715 856
715 957
715 963
715 970
715 986
715 994
716 14
716 374
716 573
716 655
716 721
716 722
716 822
716 825
716 949
716 976
716 991
717 400
717 480
717 490
717 502
717 689
717 791
717 822
717 870
717 907
717 950
717 976
718 277
718 428
718 522
718 550
718 688
718 835
718 869
718 913
718 919
718 942
718 965
718 989
719 168
719 340
719 376
719 556
719 565
719 612
719 823
719 841
719 953
719 987
719 991
719 996
720 118
720 200
720 204
720 344
720 495
720 734
720 735
720 815
720 853
720 892
720 900
720 962
721 223
721 235
721 465
721 608
721 683
721 708
721 716
721 773
721 866
721 950
721 973
721 988
722 12
722 159
722 591
722 621
722 652
722 716
722 808
722 852
722 893
722 899
722 913
722 961
723 59
723 162
723 433
723 482
723 639
723 682
723 801
723 802
723 935
723 964
723 985
723 993
724 24
724 419
724 629
724 661
724 680
724 712
724 838
724 854
724 921
724 928
724 929
724 957
725 319
725 705
725 789
725 810
725 854
725 868
725 907
725 931
725 934
725 969
725 990
725 991
726 111
726 231
726 256
726 513
726 598
726 628
726 803
726 891
726 929
726 937
726 961
726 972
727 0
727 283
727 387
727 498
727 696
727 743
727 822
727 853
727 918
727 961
727 979
727 999
728 27
728 512
728 662
728 813
728 832
728 859
728 870
728 885
728 892
728 921
728 953
728 981
729 92
729 320
729 344
729 387
729 507
729 565
729 586
729 641
729 708
729 761
729 838
729 850
730 68
730 217
730 562
730 752
730 815
730 850
730 927
730 931
730 933
730 934
730 937
730 963
731 26
731 126
731 189
731 276
731 287
731 327
731 575
731 661
731 741
731 853
731 858
731 901
732 42
732 50
732 66
732 143
732 184
732 313
732 711
732 760
732 827
732 951
732 988
732 997
733 1
733 366
733 478
733 549
733 766
733 802
733 849
733 870
733 927
733 942
733 996
733 999
734 181
734 277
734 528
734 544
734 708
734 720
734 779
734 884
734 892
734 904
734 905
734 990
735 560
735 668
735 720
735 830
735 843
735 885
735 886
735 909
735 936
735 958
735 963
735 973
736 48
736 126
736 194
736 365
736 544
736 562
736 824
736 884
736 946
736 947
736 957
736 986
737 137
737 666
737 680
737 714
737 742
737 764
737 777
737 852
737 894
737 961
737 968
737 997
738 362
738 372
738 646
738 824
738 876
738 898
738 920
738 924
738 932
738 957
738 973
738 999
739 207
739 260
739 329
739 441
739 472
739 618
739 841
739 885
739 886
739 909
739 956
739 971
740 293
740 530
740 647
740 661
740 766
740 813
740 867
740 886
740 910
740 933
740 968
740 969
741 375
741 592
741 731
741 771
741 798
741 824
741 830
741 844
741 872
741 915
741 992
741 998
742 95
742 291
742 370
742 376
742 515
742 671
742 737
742 743
742 766
742 806
742 834
742 969
743 577
743 599
743 665
743 668
743 693
743 727
743 742
743 809
743 890
743 925
743 945
743 967
744 178
744 357
744 492
744 622
744 639
744 692
744 776
744 833
744 849
744 881
744 904
744 986
745 3
745 308
745 520
745 595
745 615
745 663
745 795
745 854
745 913
745 934
745 958
745 995
746 1
746 221
746 343
746 393
746 852
746 874
746 877
746 898
746 914
746 915
746 919
746 965
747 111
747 557
747 566
747 667
747 843
747 880
747 900
747 905
747 931
747 971
747 983
747 990
748 18
748 32
748 136
748 405
748 643
748 655
748 779
748 787
748 856
748 930
748 955
748 987
748 994
749 264
749 370
749 407
749 555
749 618
749 799
749 803
749 887
749 888
749 912
749 948
749 949
749 994
750 34
750 164
750 245
750 261
750 423
750 551
750 711
750 837
750 895
750 900
750 955
750 968
750 970
751 423
751 459
751 638
751 782
751 911
751 922
751 942
751 955
751 964
751 966
751 968
751 996
751 997
752 292
752 349
752 373
752 407
752 461
752 674
752 730
752 781
752 930
752 960
752 975
752 983
752 986
753 121
753 165
753 243
753 264
753 380
753 789
753 819
753 903
753 930
753 931
753 988
753 994
753 996
754 110
754 235
754 238
754 248
754 259
754 464
754 538
754 762
754 792
754 856
754 897
754 935
754 994
755 30
755 153
755 259
755 575
755 587
755 795
755 836
755 861
755 926
755 950
755 979
755 985
755 989
756 626
756 706
756 712
756 789
756 801
756 809
756 829
756 884
756 890
756 914
756 939
756 947
756 961
757 89
757 302
757 689
757 843
757 847
757 881
757 897
757 951
757 965
757 967
757 977
757 986
757 999
758 313
758 399
758 425
758 760
758 794
758 803
758 839
758 847
758 880
758 930
758 937
758 965
758 991
759 31
759 33
759 171
759 210
759 506
759 529
759 595
759 855
759 861
759 904
759 927
759 953
759 970
760 10
760 43
760 328
760 348
760 525
760 569
760 597
760 599
760 732
760 758
760 815
760 819
760 926
761 155
761 476
761 477
761 491
761 508
761 602
761 651
761 729
761 877
761 884
761 896
761 983
761 992
762 41
762 76
762 511
762 535
762 555
762 598
762 754
762 766
762 877
762 913
762 940
762 965
762 989
763 184
763 498
763 501
763 573
763 655
763 705
763 796
763 814
763 858
763 874
763 925
763 976
763 990
764 53
764 60
764 80
764 181
764 515
764 632
764 667
764 737
764 913
764 917
764 925
764 932
764 980
765 455
765 540
765 560
765 564
765 591
765 635
765 636
765 774
765 819
765 914
765 943
765 955
765 979
766 412
766 445
766 505
766 602
766 691
766 733
766 740
766 742
766 762
766 826
766 946
766 974
766 979
767 9
767 45
767 252
767 391
767 530
767 841
767 845
767 876
767 929
767 934
767 935
767 956
767 995
768 98
768 250
768 349
768 368
768 423
768 775
768 866
768 867
768 891
768 913
768 940
768 987
768 989
769 58
769 276
769 433
769 470
769 487
769 617
769 884
769 892
769 941
769 943
769 964
769 968
769 996
770 387
770 506
770 698
770 771
770 796
770 821
770 845
770 872
770 885
770 898
770 914
770 945
770 952
771 55
771 136
771 372
771 669
771 741
771 770
771 790
771 802
771 926
771 929
771 963
771 974
771 985
772 96
772 127
772 251
772 258
772 484
772 624
772 634
772 820
772 826
772 879
772 882
772 936
772 966
773 123
773 286
773 576
773 605
773 711
773 721
773 814
773 842
773 881
773 906
773 933
773 976
773 997
774 147
774 324
774 515
774 765
774 817
774 827
774 926
774 932
774 988
774 989
774 991
774 993
774 999
775 221
775 261
775 290
775 448
775 571
775 768
775 856
775 898
775 910
775 913
775 959
775 966
775 995
776 136
776 361
776 460
776 598
776 656
776 744
776 796
776 845
776 854
776 868
776 926
776 943
776 949
777 24
777 501
777 572
777 674
777 737
777 786
777 793
777 816
777 885
777 897
777 951
777 967
777 969
777 996
778 249
778 337
778 353
778 380
778 453
778 569
778 662
778 791
778 838
778 873
778 906
778 931
778 948
778 972
779 19
779 317
779 372
779 621
779 661
779 671
779 734
779 748
779 823
779 880
779 921
779 965
779 987
779 991
780 3
780 116
780 150
780 335
780 359
780 391
780 442
780 466
780 800
780 822
780 955
780 961
780 979
780 985
781 230
781 243
781 498
781 544
781 561
781 601
781 704
781 752
781 792
781 857
781 894
781 939
781 990
781 997
782 427
782 560
782 751
782 836
782 860
782 867
782 875
782 936
782 940
782 949
782 952
782 961
782 965
782 989
783 2
783 48
783 215
783 473
783 487
783 585
783 864
783 916
783 922
783 926
783 933
783 954
783 956
783 962
784 144
784 367
784 564
784 789
784 802
784 852
784 907
784 920
784 952
784 956
784 963
784 984
784 989
784 999
785 96
785 217
785 246
785 499
785 554
785 652
785 700
785 715
785 794
785 806
785 910
785 933
785 943
785 953
786 78
786 129
786 154
786 166
786 354
786 550
786 636
786 644
786 658
786 777
786 827
786 916
786 975
786 991
787 104
787 212
787 272
787 567
787 593
787 597
787 608
787 648
787 748
787 893
787 894
787 928
787 955
787 994
788 244
788 478
788 543
788 652
788 825
788 833
788 862
788 927
788 929
788 960
788 963
788 992
788 998
788 999
789 439
789 578
789 671
789 711
789 725
789 753
789 756
789 784
789 818
789 906
789 911
789 964
789 985
789 988
790 30
790 268
790 282
790 352
790 364
790 429
790 458
790 547
790 549
790 771
790 844
790 846
790 967
790 991
791 91
791 167
791 353
791 512
791 548
791 673
791 717
791 778
791 808
791 834
791 899
791 943
791 966
791 972
792 173
792 306
792 437
792 714
792 754
792 781
792 801
792 804
792 826
792 857
792 882
792 918
792 945
792 995
793 26
793 518
793 605
793 609
793 777
793 795
793 841
793 858
793 951
793 961
793 967
793 986
793 994
793 996
794 13
794 93
794 132
794 337
794 402
794 475
794 652
794 699
794 758
794 785
794 830
794 853
794 882
794 883
795 569
795 596
795 637
795 667
795 700
795 745
795 755
795 793
795 804
795 863
795 865
795 911
795 974
795 991
796 289
796 330
796 349
796 387
796 551
796 654
796 678
796 682
796 763
796 770
796 776
796 887
796 953
796 972
797 196
797 241
797 279
797 369
797 569
797 633
797 695
797 798
797 852
797 906
797 948
797 980
797 983
797 997
798 408
798 641
798 694
798 695
798 700
798 741
798 797
798 820
798 860
798 918
798 936
798 976
798 980
798 995
799 62
799 163
799 204
799 304
799 504
799 520
799 567
799 619
799 653
799 749
799 807
799 959
799 974
799 998
800 335
800 378
800 510
800 666
800 780
800 863
800 884
800 896
800 965
800 980
800 983
800 988
800 989
800 992
801 4
801 97
801 230
801 303
801 412
801 501
801 534
801 723
801 756
801 792
801 862
801 871
801 893
801 902
801 975
802 408
802 556
802 633
802 723
802 733
802 771
802 784
802 807
802 848
802 851
802 874
802 887
802 903
802 907
802 982
803 577
803 646
803 691
803 704
803 726
803 749
803 758
803 812
803 823
803 829
803 903
803 937
803 949
803 973
803 985
804 97
804 172
804 516
804 792
804 795
804 817
804 856
804 882
804 921
804 957
804 967
804 975
804 978
804 987
804 996
805 236
805 494
805 507
805 807
805 843
805 860
805 878
805 889
805 911
805 943
805 947
805 956
805 964
805 993
805 997
806 611
806 742
806 785
806 820
806 832
806 873
806 908
806 934
806 939
806 942
806 958
806 971
806 985
806 991
806 993
807 28
807 197
807 315
807 427
807 526
807 799
807 802
807 805
807 824
807 831
807 924
807 926
807 963
807 977
807 998
808 72
808 89
808 247
808 559
808 619
808 686
808 702
808 722
808 791
808 849
808 887
808 906
808 944
808 981
808 982
809 6
809 269
809 587
809 620
809 629
809 647
809 743
809 756
809 955
809 961
809 966
809 979
809 980
809 992
809 993
810 10
810 27
810 280
810 316
810 350
810 444
810 557
810 562
810 725
810 843
810 850
810 930
810 938
810 973
810 980
811 291
811 455
811 592
811 599
811 675
811 685
811 844
811 851
811 907
811 930
811 934
811 945
811 966
811 987
811 998
812 324
812 356
812 610
812 803
812 838
812 843
812 929
812 935
812 948
812 952
812 953
812 962
812 964
812 993
812 999
813 37
813 154
813 464
813 580
813 632
813 683
813 728
813 740
813 822
813 823
813 923
813 940
813 941
813 969
813 999
814 561
814 581
814 678
814 699
814 763
814 773
814 824
814 886
814 888
814 922
814 940
814 941
814 942
814 944
814 956
815 238
815 472
815 477
815 535
815 571
815 720
815 730
815 760
815 852
815 853
815 897
815 946
815 958
815 975
815 981
816 118
816 157
816 681
816 694
816 777
816 824
816 857
816 901
816 937
816 942
816 950
816 973
816 974
816 978
816 996
817 116
817 120
817 174
817 358
817 619
817 679
817 774
817 804
817 926
817 929
817 951
817 960
817 974
817 980
817 988
818 65
818 324
818 327
818 331
818 463
818 492
818 555
818 617
818 789
818 869
818 901
818 958
818 978
818 984
818 995
819 40
819 128
819 434
819 608
819 693
819 753
819 760
819 765
819 839
819 840
819 854
819 855
819 924
819 955
819 979
820 11
820 486
820 524
820 678
820 772
820 798
820 806
820 840
820 893
820 914
820 922
820 954
820 963
820 973
820 986
821 122
821 297
821 655
821 660
821 677
821 770
821 823
821 878
821 909
821 914
821 919
821 923
821 943
821 955
821 995
822 19
822 417
822 591
822 702
822 716
822 717
822 727
822 780
822 813
822 853
822 963
822 972
822 976
822 994
822 995
823 385
823 443
823 513
823 612
823 719
823 779
823 803
823 813
823 821
823 826
823 872
823 873
823 900
823 919
823 920
824 25
824 192
824 510
824 703
824 736
824 738
824 741
824 807
824 814
824 816
824 863
824 876
824 917
824 941
824 961
824 999
825 518
825 532
825 541
825 548
825 568
825 576
825 666
825 716
825 788
825 855
825 856
825 881
825 918
825 950
825 955
825 976
826 103
826 111
826 296
826 387
826 443
826 661
826 766
826 772
826 792
826 823
826 851
826 869
826 918
826 954
826 957
826 973
827 236
827 242
827 281
827 284
827 329
827 573
827 590
827 612
827 732
827 774
827 786
827 881
827 887
827 900
827 954
827 977
828 147
828 218
828 261
828 367
828 432
828 489
828 509
828 571
828 621
828 637
828 639
828 641
828 681
828 949
828 995
828 997
829 132
829 205
829 285
829 336
829 362
829 483
829 647
829 667
829 683
829 710
829 756
829 803
829 943
829 947
829 973
829 974
830 78
830 236
830 341
830 542
830 567
830 574
830 735
830 741
830 794
830 861
830 874
830 895
830 901
830 924
830 933
830 977
831 151
831 166
831 185
831 402
831 665
831 668
831 807
831 853
831 866
831 867
831 868
831 880
831 897
831 939
831 981
831 987
832 2
832 177
832 258
832 273
832 456
832 493
832 651
832 707
832 728
832 806
832 877
832 936
832 970
832 985
832 988
832 989
833 242
833 269
833 498
833 578
833 650
833 651
833 744
833 788
833 866
833 881
833 904
833 915
833 961
833 976
833 983
833 998
834 74
834 114
834 296
834 488
834 536
834 742
834 791
834 838
834 850
834 872
834 873
834 893
834 900
834 925
834 936
834 949
835 386
835 452
835 602
835 613
835 634
835 718
835 856
835 920
835 925
835 929
835 958
835 960
835 961
835 974
835 989
835 997
836 66
836 175
836 284
836 305
836 503
836 563
836 654
836 666
836 755
836 782
836 888
836 907
836 912
836 954
836 968
836 991
837 118
837 268
837 471
837 482
837 499
837 681
837 687
837 750
837 882
837 889
837 890
837 938
837 943
837 949
837 951
837 953
837 987
838 86
838 174
838 395
838 418
838 559
838 609
838 640
838 724
838 729
838 778
838 812
838 834
838 873
838 911
838 912
838 964
838 997
839 202
839 343
839 436
839 606
839 616
839 677
839 758
839 819
839 845
839 859
839 909
839 930
839 941
839 942
839 965
839 968
839 970
840 177
840 280
840 539
840 585
840 616
840 683
840 819
840 820
840 844
840 908
840 910
840 941
840 969
840 971
840 976
840 981
840 982
841 129
841 162
841 222
841 234
841 435
841 445
841 604
841 610
841 719
841 739
841 767
841 793
841 850
841 878
841 882
841 956
841 975
842 155
842 164
842 215
842 316
842 378
842 509
842 536
842 622
842 675
842 714
842 773
842 877
842 878
842 925
842 957
842 970
842 975
843 223
843 304
843 372
843 517
843 630
843 735
843 747
843 757
843 805
843 810
843 812
843 857
843 911
843 961
843 978
843 981
843 997
844 124
844 130
844 241
844 271
844 437
844 442
844 697
844 704
844 741
844 790
844 811
844 840
844 876
844 879
844 943
844 950
844 987
845 11
845 247
845 296
845 515
845 542
845 604
845 650
845 669
845 687
845 767
845 770
845 776
845 839
845 934
845 953
845 959
845 985
846 16
846 34
846 106
846 475
846 488
846 609
846 612
846 790
846 870
846 875
846 902
846 910
846 931
846 950
846 969
846 977
846 980
847 2
847 15
847 169
847 298
847 347
847 437
847 591
847 633
847 697
847 757
847 758
847 886
847 919
847 967
847 983
847 987
847 993
848 37
848 235
848 516
848 656
848 681
848 802
848 892
848 899
848 930
848 940
848 946
848 970
848 978
848 984
848 990
848 994
848 996
849 107
849 236
849 357
849 373
849 400
849 530
849 577
849 631
849 733
849 744
849 808
849 863
849 892
849 902
849 922
849 929
849 933
849 981
850 75
850 105
850 164
850 203
850 233
850 289
850 565
850 729
850 730
850 810
850 834
850 841
850 853
850 874
850 897
850 953
850 965
850 998
851 156
851 404
851 438
851 649
851 680
851 802
851 811
851 826
851 878
851 898
851 904
851 928
851 937
851 945
851 946
851 958
851 967
851 987
852 419
852 520
852 563
852 582
852 648
852 695
852 696
852 722
852 737
852 746
852 784
852 797
852 815
852 874
852 939
852 949
852 958
852 999
853 158
853 180
853 454
853 459
853 579
853 720
853 727
853 731
853 794
853 815
853 822
853 831
853 850
853 868
853 934
853 974
853 975
853 981
854 415
854 417
854 444
854 609
854 724
854 725
854 745
854 776
854 819
854 880
854 908
854 911
854 928
854 947
854 980
854 985
854 994
854 995
855 337
855 544
855 573
855 587
855 615
855 693
855 759
855 819
855 825
855 856
855 890
855 955
855 961
855 971
855 972
855 978
855 982
855 997
856 183
856 374
856 466
856 469
856 619
856 628
856 715
856 748
856 754
856 775
856 804
856 825
856 835
856 855
856 875
856 930
856 970
856 994
857 12
857 478
857 558
857 583
857 661
857 781
857 792
857 816
857 843
857 864
857 892
857 893
857 912
857 932
857 948
857 949
857 967
857 985
858 76
858 287
858 382
858 393
858 419
858 429
858 463
858 477
858 660
858 682
858 704
858 731
858 763
858 793
858 883
858 919
858 966
858 970
859 152
859 390
859 410
859 417
859 439
859 502
859 523
859 568
859 631
859 728
859 839
859 876
859 885
859 910
859 943
859 953
859 967
859 992
860 157
860 192
860 652
860 679
860 698
860 702
860 782
860 798
860 805
860 870
860 913
860 947
860 964
860 965
860 973
860 978
860 989
860 999
861 79
861 373
861 529
861 578
861 625
861 665
861 684
861 711
861 755
861 759
861 830
861 878
861 888
861 900
861 965
861 973
861 990
861 991
862 51
862 113
862 253
862 687
862 712
862 788
862 801
862 868
862 870
862 871
862 890
862 899
862 935
862 941
862 945
862 965
862 975
862 981
862 991
863 36
863 190
863 193
863 262
863 263
863 361
863 467
863 534
863 606
863 701
863 795
863 800
863 824
863 849
863 876
863 881
863 896
863 905
863 984
864 313
864 336
864 414
864 485
864 514
864 534
864 539
864 544
864 670
864 783
864 857
864 882
864 922
864 950
864 954
864 956
864 964
864 984
864 986
865 99
865 116
865 251
865 299
865 367
865 455
865 504
865 506
865 531
865 622
865 795
865 870
865 875
865 888
865 894
865 907
865 951
865 968
865 994
866 209
866 312
866 352
866 503
866 578
866 663
866 673
866 721
866 768
866 831
866 833
866 937
866 944
866 950
866 952
866 969
866 976
866 991
866 992
867 32
867 120
867 600
867 691
867 703
867 710
867 740
867 768
867 782
867 831
867 874
867 907
867 923
867 946
867 961
867 971
867 974
867 987
867 999
868 171
868 299
868 430
868 631
868 725
868 776
868 831
868 853
868 862
868 887
868 910
868 927
868 933
868 945
868 956
868 958
868 975
868 980
868 989
869 211
869 224
869 283
869 483
869 488
869 561
869 585
869 604
869 718
869 818
869 826
869 880
869 897
869 908
869 945
869 948
869 961
869 986
869 997
870 237
870 254
870 301
870 488
870 557
870 668
870 717
870 728
870 733
870 846
870 860
870 862
870 865
870 902
870 931
870 936
870 948
870 964
870 980
871 198
871 562
871 563
871 600
871 628
871 659
871 702
871 801
871 862
871 901
871 902
871 932
871 936
871 939
871 953
871 962
871 975
871 980
871 987
871 995
872 60
872 133
872 191
872 403
872 510
872 517
872 537
872 573
872 588
872 677
872 689
872 741
872 770
872 823
872 834
872 881
872 896
872 900
872 905
872 981
873 70
873 197
873 297
873 369
873 400
873 525
873 674
873 675
873 704
873 778
873 806
873 823
873 834
873 838
873 890
873 906
873 933
873 967
873 993
873 997
874 467
874 470
874 485
874 497
874 630
874 699
874 703
874 746
874 763
874 802
874 830
874 850
874 852
874 867
874 907
874 932
874 936
874 962
874 995
874 999
875 6
875 167
875 299
875 371
875 431
875 478
875 481
875 627
875 696
875 782
875 846
875 856
875 865
875 884
875 897
875 903
875 933
875 983
875 988
875 992
876 63
876 292
876 589
876 604
876 653
876 738
876 767
876 824
876 844
876 859
876 863
876 898
876 920
876 942
876 958
876 971
876 975
876 984
876 992
876 998
877 149
877 436
877 530
877 604
877 641
877 647
877 699
877 746
877 761
877 762
877 832
877 842
877 888
877 902
877 942
877 956
877 968
877 973
877 996
877 998
878 119
878 225
878 287
878 358
878 365
878 466
878 484
878 486
878 587
878 805
878 821
878 841
878 842
878 851
878 861
878 889
878 950
878 984
878 989
878 999
879 142
879 317
879 388
879 517
879 608
879 611
879 613
879 617
879 629
879 630
879 642
879 656
879 772
879 844
879 905
879 921
879 925
879 969
879 976
879 998
880 216
880 397
880 520
880 626
880 672
880 697
880 747
880 758
880 779
880 831
880 854
880 869
880 883
880 899
880 959
880 979
880 980
880 992
880 996
880 998
881 50
881 168
881 482
881 602
881 611
881 692
881 707
881 744
881 757
881 773
881 825
881 827
881 833
881 863
881 872
881 888
881 908
881 935
881 995
881 997
882 108
882 347
882 572
882 588
882 669
882 772
882 792
882 794
882 804
882 837
882 841
882 864
882 889
882 892
882 907
882 918
882 937
882 940
882 949
882 956
883 115
883 228
883 241
883 276
883 409
883 497
883 630
883 794
883 858
883 880
883 884
883 893
883 896
883 902
883 907
883 925
883 934
883 938
883 958
883 986
884 308
884 467
884 577
884 587
884 687
884 734
884 736
884 756
884 761
884 769
884 800
884 875
884 883
884 903
884 934
884 939
884 966
884 983
884 988
884 992
885 288
885 290
885 446
885 648
885 728
885 735
885 739
885 770
885 777
885 859
885 902
885 909
885 923
885 927
885 930
885 943
885 945
885 953
885 971
885 999
886 212
886 355
886 381
886 487
886 578
886 591
886 632
886 704
886 735
886 739
886 740
886 814
886 847
886 917
886 929
886 957
886 961
886 969
886 971
886 984
886 985
887 77
887 406
887 410
887 424
887 473
887 659
887 713
887 749
887 796
887 802
887 808
887 827
887 868
887 938
887 945
887 946
887 960
887 962
887 963
887 976
887 994
888 271
888 293
888 355
888 618
888 632
888 749
888 814
888 836
888 861
888 865
888 877
888 881
888 907
888 923
888 952
888 971
888 977
888 979
888 987
888 992
888 999
889 72
889 199
889 291
889 390
889 583
889 644
889 687
889 695
889 703
889 707
889 805
889 837
889 878
889 882
889 901
889 903
889 912
889 946
889 975
889 977
889 978
890 22
890 171
890 537
890 617
890 702
890 743
890 756
890 837
890 855
890 862
890 873
890 899
890 902
890 910
890 925
890 932
890 939
890 947
890 961
890 962
890 983
891 19
891 72
891 167
891 177
891 182
891 223
891 420
891 482
891 483
891 511
891 548
891 556
891 726
891 768
891 894
891 908
891 934
891 979
891 986
891 993
891 995
892 319
892 324
892 396
892 412
892 561
892 667
892 720
892 728
892 734
892 769
892 848
892 849
892 857
892 882
892 905
892 944
892 957
892 970
892 985
892 990
892 992
893 208
893 382
893 434
893 685
893 689
893 722
893 787
893 801
893 820
893 834
893 857
893 883
893 896
893 901
893 953
893 959
893 965
893 989
893 990
893 992
893 998
894 38
894 81
894 232
894 244
894 263
894 265
894 271
894 305
894 360
894 413
894 682
894 737
894 781
894 787
894 865
894 891
894 909
894 914
894 956
894 977
894 984
895 17
895 32
895 46
895 122
895 145
895 429
895 654
895 656
895 750
895 830
895 924
895 932
895 933
895 951
895 956
895 958
895 965
895 966
895 969
895 976
895 977
895 982
896 135
896 196
896 543
896 553
896 580
896 613
896 631
896 635
896 644
896 706
896 761
896 800
896 863
896 872
896 883
896 893
896 920
896 932
896 951
896 959
896 985
896 988
897 65
897 149
897 251
897 312
897 415
897 582
897 640
897 653
897 687
897 754
897 757
897 777
897 815
897 831
897 850
897 869
897 875
897 944
897 951
897 979
897 996
897 998
898 59
898 288
898 298
898 302
898 349
898 419
898 421
898 513
898 586
898 666
898 738
898 746
898 770
898 775
898 851
898 876
898 910
898 937
898 945
898 977
898 984
898 990
899 21
899 52
899 169
899 238
899 281
899 410
899 507
899 622
899 722
899 791
899 848
899 862
899 880
899 890
899 912
899 940
899 972
899 975
899 984
899 986
899 989
899 993
900 41
900 176
900 343
900 401
900 507
900 524
900 643
900 720
900 747
900 750
900 823
900 827
900 834
900 861
900 872
900 922
900 949
900 962
900 966
900 989
900 994
900 998
901 29
901 152
901 200
901 213
901 322
901 450
901 462
901 538
901 610
901 628
901 665
901 731
901 816
901 818
901 830
901 871
901 889
901 893
901 912
901 914
901 918
901 972
902 119
902 125
902 266
902 527
902 592
902 801
902 846
902 849
902 870
902 871
902 877
902 883
902 885
902 890
902 926
902 933
902 937
902 957
902 963
902 969
902 975
902 981
903 8
903 46
903 188
903 255
903 374
903 409
903 464
903 465
903 468
903 469
903 500
903 643
903 753
903 802
903 803
903 875
903 884
903 889
903 949
903 966
903 977
903 978
904 0
904 270
904 332
904 390
904 453
904 460
904 523
904 568
904 576
904 578
904 651
904 696
904 734
904 744
904 759
904 833
904 851
904 915
904 918
904 928
904 980
904 990
905 71
905 125
905 139
905 159
905 170
905 248
905 340
905 351
905 439
905 448
905 521
905 551
905 734
905 747
905 863
905 872
905 879
905 892
905 915
905 925
905 948
905 972
905 990
906 3
906 172
906 221
906 231
906 378
906 389
906 423
906 439
906 484
906 552
906 593
906 602
906 654
906 670
906 773
906 778
906 789
906 797
906 808
906 873
906 927
906 954
906 962
907 324
907 351
907 567
907 582
907 603
907 717
907 725
907 784
907 802
907 811
907 836
907 865
907 867
907 874
907 882
907 883
907 888
907 932
907 935
907 953
907 984
907 990
907 999
908 62
908 73
908 119
908 148
908 197
908 332
908 397
908 435
908 475
908 549
908 551
908 558
908 684
908 806
908 840
908 854
908 869
908 881
908 891
908 935
908 955
908 967
908 995
909 208
909 253
909 288
909 381
909 419
909 458
909 554
909 626
909 631
909 663
909 666
909 672
909 735
909 739
909 821
909 839
909 885
909 894
909 919
909 944
909 974
909 977
909 991
910 360
910 511
910 606
910 622
910 624
910 645
910 648
910 685
910 688
910 703
910 740
910 775
910 785
910 840
910 846
910 859
910 868
910 890
910 898
910 917
910 947
910 951
910 953
911 13
911 110
911 169
911 435
911 498
911 636
911 673
911 674
911 751
911 789
911 795
911 805
911 838
911 843
911 854
911 926
911 935
911 949
911 952
911 970
911 973
911 993
911 997
912 0
912 89
912 274
912 398
912 533
912 695
912 701
912 702
912 749
912 836
912 838
912 857
912 889
912 899
912 901
912 914
912 918
912 919
912 937
912 949
912 954
912 978
912 981
912 996
913 39
913 47
913 241
913 244
913 313
913 539
913 550
913 594
913 616
913 653
913 669
913 718
913 722
913 745
913 762
913 764
913 768
913 775
913 860
913 936
913 940
913 942
913 989
913 999
914 44
914 57
914 63
914 74
914 273
914 427
914 447
914 565
914 584
914 628
914 631
914 746
914 756
914 765
914 770
914 820
914 821
914 894
914 901
914 912
914 919
914 940
914 963
914 994
915 87
915 132
915 404
915 438
915 454
915 489
915 593
915 608
915 634
915 648
915 658
915 741
915 746
915 833
915 904
915 905
915 917
915 921
915 926
915 928
915 948
915 949
915 959
915 989
916 7
916 56
916 171
916 207
916 227
916 360
916 366
916 394
916 460
916 584
916 590
916 596
916 614
916 618
916 635
916 662
916 706
916 783
916 786
916 968
916 971
916 972
916 973
916 986
917 115
917 264
917 274
917 341
917 359
917 363
917 392
917 406
917 417
917 568
917 593
917 624
917 629
917 670
917 674
917 694
917 764
917 824
917 886
917 910
917 915
917 930
917 979
917 981
918 17
918 95
918 152
918 248
918 277
918 383
918 565
918 578
918 644
918 650
918 727
918 792
918 798
918 825
918 826
918 882
918 901
918 904
918 912
918 919
918 978
918 985
918 991
918 993
918 994
919 134
919 201
919 221
919 398
919 404
919 416
919 421
919 546
919 606
919 614
919 710
919 718
919 746
919 821
919 823
919 847
919 858
919 909
919 912
919 914
919 918
919 955
919 962
919 989
919 997
920 16
920 238
920 262
920 277
920 359
920 385
920 406
920 467
920 482
920 738
920 784
920 823
920 835
920 876
920 896
920 922
920 927
920 933
920 944
920 967
920 970
920 981
920 984
920 989
920 996
921 15
921 68
921 93
921 109
921 229
921 294
921 373
921 394
921 465
921 468
921 470
921 537
921 660
921 697
921 701
921 724
921 728
921 779
921 804
921 879
921 915
921 969
921 976
921 987
921 996
922 117
922 361
922 390
922 456
922 569
922 617
922 627
922 649
922 664
922 705
922 751
922 783
922 814
922 820
922 849
922 864
922 900
922 920
922 923
922 930
922 944
922 954
922 976
922 986
922 995
923 48
923 113
923 145
923 251
923 291
923 409
923 420
923 445
923 449
923 538
923 625
923 635
923 813
923 821
923 867
923 885
923 888
923 922
923 944
923 956
923 979
923 986
923 990
923 996
923 997
924 92
924 258
924 326
924 397
924 424
924 491
924 597
924 607
924 633
924 642
924 643
924 709
924 712
924 738
924 807
924 819
924 830
924 895
924 939
924 954
924 966
924 972
924 977
924 982
924 991
924 998
925 21
925 74
925 115
925 119
925 127
925 194
925 198
925 214
925 314
925 394
925 506
925 587
925 743
925 763
925 764
925 834
925 835
925 842
925 879
925 883
925 890
925 905
925 946
925 950
925 959
925 986
926 139
926 249
926 325
926 368
926 376
926 382
926 449
926 490
926 755
926 760
926 771
926 774
926 776
926 783
926 807
926 817
926 902
926 911
926 915
926 936
926 960
926 963
926 968
926 974
926 990
926 993
927 24
927 59
927 82
927 250
927 450
927 477
927 485
927 508
927 514
927 603
927 681
927 685
927 730
927 733
927 759
927 788
927 868
927 885
927 906
927 920
927 936
927 960
927 963
927 969
927 974
927 976
928 45
928 78
928 160
928 277
928 328
928 398
928 403
928 446
928 531
928 540
928 551
928 707
928 708
928 710
928 712
928 724
928 787
928 851
928 854
928 904
928 915
928 952
928 957
928 973
928 974
928 993
929 40
929 67
929 138
929 396
929 462
929 560
929 568
929 583
929 674
929 724
929 726
929 767
929 771
929 788
929 812
929 817
929 835
929 849
929 886
929 936
929 940
929 945
929 963
929 968
929 970
929 974
930 187
930 205
930 260
930 347
930 442
930 546
930 574
930 646
930 678
930 748
930 752
930 753
930 758
930 810
930 811
930 839
930 848
930 856
930 885
930 917
930 922
930 932
930 963
930 970
930 975
930 994
931 46
931 56
931 91
931 102
931 210
931 254
931 428
931 468
931 486
931 513
931 542
931 548
931 565
931 694
931 709
931 725
931 730
931 747
931 753
931 778
931 846
931 870
931 935
931 941
931 958
931 964
931 995
932 212
932 255
932 434
932 440
932 484
932 501
932 642
932 658
932 660
932 710
932 738
932 764
932 774
932 857
932 871
932 874
932 890
932 895
932 896
932 907
932 930
932 937
932 941
932 958
932 974
932 984
932 990
933 110
933 117
933 139
933 273
933 281
933 402
933 581
933 609
933 702
933 730
933 740
933 773
933 783
933 785
933 830
933 849
933 868
933 873
933 875
933 895
933 902
933 920
933 946
933 952
933 960
933 981
933 986
934 1
934 252
934 286
934 527
934 564
934 570
934 591
934 663
934 712
934 725
934 730
934 745
934 767
934 806
934 811
934 845
934 853
934 883
934 884
934 891
934 952
934 958
934 962
934 984
934 989
934 991
934 997
935 30
935 33
935 76
935 79
935 208
935 352
935 383
935 452
935 464
935 512
935 564
935 632
935 702
935 723
935 754
935 767
935 812
935 862
935 881
935 907
935 908
935 911
935 931
935 967
935 973
935 979
935 992
936 71
936 341
936 368
936 526
936 599
936 603
936 651
936 735
936 772
936 782
936 798
936 832
936 834
936 870
936 871
936 874
936 913
936 926
936 927
936 929
936 942
936 951
936 955
936 960
936 963
936 969
936 974
937 56
937 94
937 95
937 523
937 637
937 642
937 655
937 701
937 726
937 730
937 758
937 803
937 816
937 851
937 866
937 882
937 898
937 902
937 912
937 932
937 941
937 946
937 963
937 966
937 968
937 978
937 988
937 992
938 5
938 192
938 195
938 222
938 388
938 426
938 545
938 556
938 581
938 618
938 670
938 709
938 714
938 810
938 837
938 883
938 887
938 943
938 944
938 945
938 951
938 952
938 953
938 962
938 967
938 977
938 991
938 994
939 5
939 90
939 204
939 519
939 535
939 576
939 598
939 639
939 646
939 683
939 691
939 696
939 756
939 781
939 806
939 831
939 852
939 871
939 884
939 890
939 924
939 946
939 947
939 973
939 975
939 981
939 994
939 996
940 69
940 275
940 296
940 316
940 461
940 489
940 500
940 527
940 604
940 665
940 698
940 762
940 768
940 782
940 813
940 814
940 848
940 882
940 899
940 913
940 914
940 929
940 965
940 971
940 978
940 984
940 989
940 994
941 4
941 11
941 61
941 107
941 227
941 278
941 416
941 440
941 505
941 558
941 585
941 605
941 664
941 769
941 813
941 814
941 824
941 839
941 840
941 862
941 931
941 932
941 937
941 968
941 969
941 978
941 982
941 984
942 133
942 290
942 338
942 391
942 406
942 411
942 472
942 526
942 647
942 718
942 733
942 751
942 806
942 814
942 816
942 839
942 876
942 877
942 913
942 936
942 951
942 971
942 978
942 985
942 989
942 990
942 993
942 994
943 11
943 184
943 239
943 246
943 264
943 265
943 333
943 432
943 504
943 526
943 553
943 765
943 769
943 776
943 785
943 791
943 805
943 821
943 829
943 837
943 844
943 859
943 885
943 938
943 953
943 960
943 972
943 999
944 10
944 28
944 69
944 206
944 209
944 230
944 259
944 466
944 529
944 530
944 572
944 574
944 594
944 708
944 808
944 814
944 866
944 892
944 897
944 909
944 920
944 922
944 923
944 938
944 954
944 958
944 964
944 986
944 995
945 0
945 66
945 218
945 400
945 463
945 473
945 603
945 632
945 638
945 659
945 666
945 706
945 714
945 743
945 770
945 792
945 811
945 851
945 862
945 868
945 869
945 885
945 887
945 898
945 929
945 938
945 952
945 975
945 997
946 35
946 146
946 182
946 325
946 340
946 458
946 461
946 501
946 512
946 658
946 666
946 683
946 692
946 736
946 766
946 815
946 848
946 851
946 867
946 887
946 889
946 925
946 933
946 937
946 939
946 958
946 991
946 992
946 996
946 998
947 30
947 111
947 243
947 345
947 351
947 396
947 447
947 518
947 521
947 579
947 600
947 606
947 624
947 625
947 641
947 655
947 658
947 736
947 756
947 805
947 829
947 854
947 860
947 890
947 910
947 939
947 950
947 957
947 965
947 975
948 71
948 175
948 179
948 233
948 330
948 353
948 366
948 400
948 401
948 485
948 500
948 517
948 557
948 671
948 672
948 697
948 749
948 778
948 797
948 812
948 857
948 869
948 870
948 905
948 915
948 956
948 971
948 980
948 983
948 992
949 57
949 304
949 434
949 491
949 578
949 647
949 651
949 659
949 671
949 674
949 694
949 716
949 749
949 776
949 782
949 803
949 828
949 834
949 837
949 852
949 857
949 882
949 900
949 903
949 911
949 912
949 915
949 957
949 976
949 987
949 989
950 44
950 49
950 131
950 146
950 169
950 267
950 278
950 318
950 325
950 353
950 489
950 503
950 520
950 532
950 617
950 645
950 707
950 717
950 721
950 755
950 816
950 825
950 844
950 846
950 864
950 866
950 878
950 925
950 947
950 955
950 957
951 10
951 104
951 179
951 356
951 402
951 415
951 446
951 493
951 623
951 649
951 653
951 732
951 757
951 777
951 793
951 817
951 837
951 865
951 895
951 896
951 897
951 910
951 936
951 938
951 942
951 967
951 968
951 972
951 983
951 984
951 991
951 996
952 23
952 130
952 179
952 214
952 334
952 360
952 408
952 491
952 535
952 554
952 615
952 638
952 659
952 661
952 676
952 677
952 703
952 770
952 782
952 784
952 812
952 866
952 888
952 911
952 928
952 933
952 934
952 938
952 945
952 962
952 980
952 995
953 137
953 170
953 258
953 321
953 376
953 405
953 411
953 430
953 432
953 455
953 511
953 564
953 620
953 648
953 700
953 719
953 728
953 759
953 785
953 796
953 812
953 837
953 845
953 850
953 859
953 871
953 885
953 893
953 907
953 910
953 938
953 943
953 964
953 975
954 43
954 112
954 328
954 352
954 380
954 395
954 425
954 547
954 552
954 566
954 607
954 624
954 625
954 648
954 660
954 677
954 681
954 687
954 783
954 820
954 826
954 827
954 836
954 864
954 906
954 912
954 922
954 924
954 944
954 956
954 967
954 977
954 986
954 994
954 998
955 163
955 233
955 282
955 335
955 379
955 413
955 415
955 434
955 452
955 547
955 548
955 577
955 609
955 620
955 748
955 750
955 751
955 765
955 780
955 787
955 809
955 819
955 821
955 825
955 855
955 908
955 919
955 936
955 950
955 961
955 972
955 973
955 976
955 978
955 979
956 101
956 233
956 240
956 256
956 275
956 285
956 352
956 384
956 463
956 465
956 480
956 488
956 507
956 512
956 607
956 633
956 709
956 739
956 767
956 783
956 784
956 805
956 814
956 841
956 864
956 868
956 877
956 882
956 894
956 895
956 923
956 948
956 954
956 981
956 986
957 42
957 43
957 47
957 98
957 161
957 199
957 203
957 211
957 250
957 280
957 309
957 347
957 427
957 457
957 540
957 610
957 650
957 663
957 680
957 715
957 724
957 736
957 738
957 804
957 826
957 842
957 886
957 892
957 902
957 928
957 947
957 949
957 950
957 965
957 992
958 62
958 224
958 228
958 316
958 339
958 389
958 398
958 399
958 479
958 543
958 574
958 595
958 632
958 705
958 709
958 735
958 745
958 806
958 815
958 818
958 835
958 851
958 852
958 868
958 876
958 883
958 895
958 931
958 932
958 934
958 944
958 946
958 977
958 979
958 995
959 60
959 109
959 148
959 174
959 181
959 217
959 240
959 291
959 388
959 425
959 448
959 484
959 502
959 506
959 540
959 570
959 611
959 638
959 689
959 699
959 706
959 709
959 710
959 775
959 799
959 845
959 880
959 893
959 896
959 915
959 925
959 976
959 988
959 994
959 995
959 999
960 94
960 173
960 202
960 320
960 385
960 392
960 414
960 484
960 490
960 491
960 547
960 550
960 570
960 603
960 650
960 656
960 705
960 707
960 712
960 752
960 788
960 817
960 835
960 887
960 926
960 927
960 933
960 936
960 943
960 962
960 963
960 967
960 974
960 977
960 983
960 993
961 16
961 114
961 219
961 363
961 452
961 495
961 538
961 547
961 573
961 588
961 648
961 667
961 684
961 693
961 706
961 707
961 722
961 726
961 727
961 737
961 756
961 780
961 782
961 793
961 809
961 824
961 833
961 835
961 843
961 855
961 867
961 869
961 886
961 890
961 955
961 979
962 85
962 181
962 228
962 336
962 407
962 451
962 535
962 556
962 571
962 594
962 595
962 615
962 647
962 660
962 670
962 675
962 676
962 677
962 720
962 783
962 812
962 871
962 874
962 887
962 890
962 900
962 906
962 919
962 934
962 938
962 952
962 960
962 966
962 968
962 986
962 995
962 996
963 95
963 115
963 315
963 332
963 337
963 354
963 393
963 488
963 529
963 535
963 583
963 657
963 679
963 684
963 686
963 715
963 730
963 735
963 771
963 784
963 788
963 807
963 820
963 822
963 887
963 902
963 914
963 926
963 927
963 929
963 930
963 936
963 937
963 960
963 974
963 988
963 993
964 84
964 139
964 266
964 343
964 364
964 392
964 424
964 456
964 464
964 496
964 513
964 531
964 546
964 552
964 618
964 625
964 676
964 723
964 751
964 769
964 789
964 805
964 812
964 838
964 860
964 864
964 870
964 931
964 944
964 953
964 967
964 979
964 982
964 986
964 990
964 993
964 997
965 77
965 104
965 131
965 142
965 231
965 270
965 319
965 331
965 380
965 421
965 469
965 515
965 636
965 698
965 718
965 746
965 757
965 758
965 762
965 779
965 782
965 800
965 839
965 850
965 860
965 861
965 862
965 893
965 895
965 940
965 947
965 957
965 971
965 983
965 986
965 988
965 989
966 48
966 56
966 75
966 88
966 134
966 193
966 302
966 323
966 388
966 397
966 399
966 442
966 477
966 522
966 549
966 593
966 693
966 751
966 772
966 775
966 791
966 809
966 811
966 858
966 884
966 895
966 900
966 903
966 924
966 937
966 962
966 971
966 977
966 980
966 983
966 996
966 997
967 80
967 84
967 149
967 186
967 260
967 303
967 409
967 426
967 473
967 551
967 559
967 595
967 672
967 687
967 704
967 743
967 757
967 777
967 790
967 793
967 804
967 847
967 851
967 857
967 859
967 873
967 908
967 920
967 935
967 938
967 951
967 954
967 960
967 964
967 971
967 988
967 996
968 127
968 175
968 186
968 228
968 239
968 311
968 342
968 516
968 536
968 566
968 575
968 616
968 669
968 686
968 737
968 740
968 750
968 751
968 769
968 836
968 839
968 865
968 877
968 916
968 926
968 929
968 937
968 941
968 951
968 962
968 969
968 975
968 976
968 982
968 990
968 991
968 992
968 998
969 51
969 55
969 79
969 285
969 436
969 438
969 490
969 523
969 580
969 639
969 674
969 675
969 686
969 725
969 740
969 742
969 777
969 813
969 840
969 846
969 866
969 879
969 886
969 895
969 902
969 921
969 927
969 936
969 941
969 968
969 971
969 974
969 981
969 982
969 987
969 992
969 994
969 996
970 68
970 163
970 212
970 246
970 259
970 263
970 311
970 368
970 423
970 424
970 433
970 481
970 493
970 537
970 545
970 588
970 628
970 629
970 656
970 693
970 715
970 750
970 759
970 832
970 839
970 842
970 848
970 856
970 858
970 892
970 911
970 920
970 929
970 930
970 984
970 991
970 994
970 997
971 2
971 28
971 93
971 161
971 274
971 276
971 294
971 354
971 365
971 381
971 420
971 533
971 555
971 567
971 604
971 632
971 640
971 678
971 699
971 739
971 747
971 806
971 840
971 855
971 867
971 876
971 885
971 886
971 888
971 916
971 940
971 942
971 948
971 965
971 966
971 967
971 969
971 985
971 999
972 8
972 99
972 107
972 123
972 237
972 272
972 310
972 330
972 345
972 450
972 490
972 502
972 504
972 514
972 586
972 619
972 622
972 679
972 686
972 693
972 700
972 713
972 726
972 778
972 791
972 796
972 822
972 855
972 899
972 901
972 905
972 916
972 924
972 943
972 951
972 955
972 980
972 983
972 988
973 6
973 29
973 54
973 138
973 143
973 158
973 160
973 189
973 203
973 216
973 307
973 360
973 544
973 665
973 675
973 681
973 690
973 698
973 711
973 721
973 735
973 738
973 803
973 810
973 816
973 820
973 826
973 829
973 860
973 861
973 877
973 911
973 916
973 928
973 935
973 939
973 955
973 990
973 993
974 51
974 128
974 133
974 135
974 162
974 232
974 260
974 309
974 320
974 342
974 369
974 382
974 393
974 411
974 629
974 636
974 661
974 766
974 771
974 795
974 799
974 816
974 817
974 829
974 835
974 853
974 867
974 909
974 926
974 927
974 928
974 929
974 932
974 936
974 960
974 963
974 969
974 980
974 988
974 989
975 29
975 67
975 99
975 211
975 248
975 422
975 449
975 489
975 515
975 574
975 580
975 622
975 636
975 688
975 752
975 786
975 801
975 804
975 815
975 841
975 842
975 853
975 862
975 868
975 871
975 876
975 889
975 899
975 902
975 930
975 939
975 945
975 947
975 953
975 968
975 977
975 981
975 988
975 989
975 993
976 226
976 267
976 271
976 304
976 357
976 358
976 483
976 494
976 499
976 532
976 576
976 583
976 596
976 605
976 610
976 623
976 655
976 657
976 658
976 716
976 717
976 763
976 773
976 798
976 822
976 825
976 833
976 840
976 866
976 879
976 887
976 895
976 921
976 922
976 927
976 949
976 955
976 959
976 968
976 986
977 17
977 26
977 75
977 88
977 104
977 258
977 297
977 301
977 317
977 325
977 529
977 588
977 597
977 675
977 676
977 691
977 694
977 757
977 807
977 827
977 830
977 846
977 888
977 889
977 894
977 895
977 898
977 903
977 909
977 924
977 938
977 954
977 958
977 960
977 966
977 975
977 978
977 984
977 985
977 998
978 112
978 268
978 289
978 371
978 399
978 401
978 441
978 471
978 518
978 540
978 601
978 613
978 616
978 628
978 630
978 655
978 681
978 688
978 694
978 804
978 816
978 818
978 843
978 848
978 855
978 860
978 889
978 903
978 912
978 918
978 937
978 940
978 941
978 942
978 955
978 977
978 983
978 984
978 987
978 998
979 120
979 201
979 205
979 267
979 344
979 363
979 374
979 447
979 459
979 469
979 525
979 538
979 596
979 600
979 615
979 647
979 658
979 668
979 713
979 727
979 755
979 765
979 766
979 780
979 809
979 819
979 880
979 888
979 891
979 897
979 917
979 923
979 935
979 955
979 958
979 961
979 964
979 985
979 997
979 998
980 16
980 27
980 61
980 85
980 147
980 195
980 222
980 350
980 485
980 502
980 505
980 551
980 556
980 594
980 662
980 703
980 705
980 711
980 764
980 797
980 798
980 800
980 809
980 810
980 817
980 846
980 854
980 868
980 870
980 871
980 880
980 904
980 948
980 952
980 966
980 972
980 974
980 985
980 991
980 995
981 15
981 19
981 55
981 101
981 281
981 332
981 437
981 439
981 465
981 527
981 532
981 535
981 631
981 645
981 652
981 654
981 688
981 699
981 702
981 728
981 808
981 815
981 831
981 840
981 843
981 849
981 853
981 862
981 872
981 902
981 912
981 917
981 920
981 933
981 939
981 956
981 969
981 975
981 984
981 999
982 7
982 20
982 22
982 144
982 227
982 269
982 285
982 293
982 321
982 342
982 363
982 407
982 408
982 412
982 451
982 470
982 508
982 534
982 566
982 571
982 579
982 580
982 601
982 667
982 670
982 686
982 690
982 802
982 808
982 840
982 855
982 895
982 924
982 941
982 964
982 968
982 969
982 983
982 985
982 996
982 998
983 87
983 109
983 121
983 137
983 165
983 180
983 226
983 257
983 323
983 422
983 426
983 481
983 489
983 519
983 599
983 606
983 619
983 635
983 679
983 691
983 747
983 752
983 761
983 797
983 800
983 833
983 847
983 875
983 884
983 890
983 948
983 951
983 960
983 965
983 966
983 972
983 978
983 982
983 988
983 991
983 992
984 8
984 46
984 103
984 107
984 110
984 145
984 160
984 187
984 188
984 265
984 292
984 361
984 474
984 528
984 589
984 649
984 651
984 659
984 784
984 818
984 848
984 863
984 864
984 876
984 878
984 886
984 894
984 898
984 899
984 907
984 920
984 932
984 934
984 940
984 941
984 951
984 970
984 977
984 978
984 981
984 989
985 201
985 261
985 302
985 305
985 309
985 353
985 359
985 364
985 449
985 574
985 589
985 618
985 621
985 640
985 641
985 647
985 701
985 705
985 723
985 755
985 771
985 780
985 789
985 803
985 806
985 832
985 845
985 854
985 857
985 886
985 892
985 896
985 918
985 942
985 971
985 977
985 979
985 980
985 982
985 992
985 996
985 997
986 29
986 63
986 103
986 245
986 362
986 414
986 420
986 471
986 475
986 524
986 531
986 624
986 633
986 664
986 684
986 715
986 736
986 744
986 752
986 757
986 793
986 820
986 864
986 869
986 883
986 891
986 899
986 916
986 922
986 923
986 925
986 933
986 944
986 954
986 956
986 962
986 964
986 965
986 976
986 988
986 990
986 999
987 42
987 124
987 143
987 274
987 318
987 319
987 327
987 334
987 345
987 358
987 367
987 412
987 458
987 534
987 554
987 559
987 607
987 621
987 634
987 663
987 673
987 697
987 701
987 719
987 748
987 768
987 779
987 804
987 811
987 831
987 837
987 844
987 847
987 851
987 867
987 871
987 888
987 921
987 949
987 969
987 978
987 990
987 992
988 34
988 101
988 231
988 292
988 356
988 395
988 440
988 450
988 451
988 459
988 485
988 499
988 508
988 519
988 539
988 585
988 591
988 635
988 679
988 684
988 721
988 732
988 753
988 774
988 789
988 800
988 817
988 832
988 875
988 884
988 896
988 937
988 959
988 963
988 965
988 967
988 972
988 974
988 975
988 983
988 986
988 992
988 994
988 997
988 999
989 69
989 142
989 176
989 313
989 333
989 343
989 469
989 493
989 505
989 572
989 579
989 592
989 656
989 698
989 718
989 755
989 762
989 768
989 774
989 782
989 784
989 800
989 832
989 835
989 860
989 868
989 878
989 893
989 899
989 900
989 913
989 915
989 919
989 920
989 934
989 940
989 942
989 949
989 965
989 974
989 975
989 984
989 990
989 995
989 999
990 57
990 112
990 238
990 245
990 275
990 333
990 340
990 351
990 396
990 413
990 418
990 466
990 492
990 495
990 580
990 661
990 667
990 668
990 685
990 725
990 734
990 747
990 763
990 781
990 848
990 861
990 892
990 893
990 898
990 904
990 905
990 907
990 923
990 926
990 932
990 942
990 964
990 968
990 973
990 986
990 987
990 989
990 991
990 992
990 997
991 14
991 70
991 155
991 166
991 236
991 270
991 308
991 316
991 433
991 452
991 474
991 496
991 545
991 563
991 591
991 623
991 639
991 705
991 716
991 719
991 725
991 758
991 774
991 779
991 786
991 790
991 795
991 806
991 836
991 861
991 862
991 866
991 909
991 918
991 924
991 934
991 938
991 946
991 951
991 968
991 970
991 980
991 983
991 990
991 993
991 997
992 24
992 36
992 54
992 121
992 224
992 322
992 362
992 367
992 398
992 459
992 475
992 499
992 503
992 527
992 539
992 635
992 679
992 684
992 700
992 714
992 741
992 761
992 788
992 800
992 809
992 859
992 866
992 875
992 876
992 880
992 884
992 888
992 892
992 893
992 935
992 937
992 946
992 948
992 957
992 968
992 969
992 983
992 985
992 987
992 988
992 990
993 7
993 91
993 237
993 295
993 312
993 392
993 403
993 476
993 496
993 515
993 524
993 528
993 541
993 570
993 583
993 594
993 596
993 606
993 630
993 675
993 676
993 683
993 713
993 723
993 774
993 805
993 806
993 809
993 812
993 847
993 873
993 891
993 899
993 911
993 918
993 926
993 928
993 942
993 960
993 963
993 964
993 973
993 975
993 991
993 995
993 997
994 42
994 128
994 203
994 234
994 243
994 295
994 346
994 428
994 525
994 546
994 556
994 624
994 633
994 643
994 656
994 678
994 681
994 689
994 700
994 710
994 715
994 748
994 749
994 753
994 754
994 787
994 793
994 822
994 848
994 854
994 856
994 865
994 887
994 900
994 914
994 918
994 930
994 938
994 939
994 940
994 942
994 954
994 959
994 969
994 970
994 988
995 45
995 50
995 151
995 188
995 253
995 271
995 286
995 288
995 330
995 373
995 381
995 430
995 432
995 446
995 466
995 487
995 586
995 609
995 637
995 668
995 670
995 680
995 709
995 745
995 767
995 775
995 792
995 798
995 818
995 821
995 822
995 828
995 854
995 871
995 874
995 881
995 891
995 908
995 922
995 931
995 944
995 952
995 958
995 959
995 962
995 980
995 989
995 993
996 49
996 84
996 205
996 210
996 295
996 303
996 318
996 356
996 376
996 382
996 426
996 428
996 480
996 559
996 560
996 616
996 627
996 640
996 653
996 657
996 704
996 719
996 733
996 751
996 753
996 769
996 777
996 793
996 804
996 816
996 848
996 877
996 880
996 897
996 912
996 920
996 921
996 923
996 939
996 946
996 951
996 962
996 966
996 967
996 969
996 982
996 985
996 997
996 999
997 54
997 74
997 141
997 206
997 262
997 266
997 328
997 386
997 440
997 456
997 461
997 476
997 486
997 500
997 509
997 552
997 583
997 620
997 675
997 732
997 737
997 751
997 773
997 781
997 797
997 805
997 828
997 835
997 838
997 843
997 855
997 869
997 873
997 881
997 911
997 919
997 923
997 934
997 945
997 964
997 966
997 970
997 979
997 985
997 988
997 990
997 991
997 993
997 996
998 18
998 23
998 98
998 118
998 164
998 172
998 217
998 287
998 314
998 334
998 392
998 425
998 442
998 446
998 493
998 503
998 514
998 519
998 521
998 589
998 602
998 625
998 626
998 646
998 648
998 688
998 689
998 741
998 788
998 799
998 807
998 811
998 833
998 850
998 876
998 877
998 879
998 880
998 893
998 897
998 900
998 924
998 946
998 954
998 968
998 977
998 978
998 979
998 982
999 40
999 86
999 144
999 158
999 242
999 243
999 270
999 346
999 348
999 366
999 375
999 417
999 472
999 524
999 527
999 584
999 587
999 595
999 599
999 665
999 682
999 696
999 727
999 733
999 738
999 757
999 774
999 784
999 788
999 812
999 813
999 824
999 852
999 860
999 867
999 874
999 878
999 885
999 888
999 907
999 913
999 943
999 959
999 971
999 981
999 986
999 988
999 989
999 996
