0 798
0 835
0 905
0 961
1 335
1 345
1 765
1 827
2 394
2 498
2 552
2 938
3 504
3 603
3 638
3 764
4 81
4 235
4 823
4 874
5 418
5 819
5 962
5 981
6 870
6 878
6 984
6 994
7 463
7 673
7 709
7 972
8 600
8 766
8 972
8 989
9 51
9 846
9 984
9 987
10 491
10 975
10 981
10 989
11 642
11 773
11 851
11 992
12 216
12 332
12 488
12 995
13 964
13 967
13 988
13 989
14 614
14 907
14 910
14 961
15 794
15 879
15 908
15 997
16 772
16 827
16 886
16 984
17 758
17 787
17 888
17 967
18 556
18 784
18 892
18 913
19 295
19 311
19 789
19 982
20 589
20 856
20 959
20 976
21 390
21 727
21 957
21 997
22 750
22 897
22 960
22 983
23 346
23 704
23 915
23 995
24 783
24 819
24 843
24 950
25 479
25 672
25 937
25 940
26 542
26 765
26 923
26 999
27 158
27 817
27 953
27 964
28 314
28 324
28 558
28 874
29 92
29 637
29 653
29 967
30 221
30 489
30 538
30 907
31 614
31 655
31 887
31 944
32 179
32 716
32 844
32 975
33 672
33 825
33 851
33 969
34 500
34 715
34 903
34 987
35 565
35 786
35 805
35 920
36 308
36 442
36 774
36 887
37 439
37 736
37 875
37 980
38 224
38 845
38 982
38 995
39 831
39 840
39 843
39 983
40 572
40 872
40 940
40 986
41 586
41 778
41 944
41 970
42 258
42 368
42 507
42 792
43 596
43 679
43 952
43 980
44 340
44 455
44 591
44 831
45 610
45 764
45 958
45 991
46 327
46 691
46 825
46 966
47 392
47 803
47 948
47 978
48 739
48 781
48 844
48 965
49 341
49 480
49 964
49 977
50 86
50 354
50 476
50 966
51 9
51 812
51 814
51 906
52 165
52 411
52 978
52 989
53 341
53 820
53 842
53 963
54 835
54 855
54 938
54 998
55 697
55 763
55 877
55 988
56 244
56 262
56 861
56 985
57 365
57 449
57 785
57 887
58 942
58 950
58 976
58 980
59 708
59 838
59 975
59 992
60 465
60 566
60 592
60 999
61 900
61 938
61 969
61 987
62 636
62 754
62 791
62 914
63 201
63 689
63 706
63 763
64 190
64 571
64 734
64 977
65 283
65 770
65 916
65 950
66 142
66 408
66 895
66 982
67 596
67 848
67 907
67 941
68 354
68 447
68 806
68 898
69 756
69 758
69 950
69 971
70 165
70 671
70 764
70 913
71 220
71 425
71 906
71 985
72 355
72 921
72 958
72 991
73 523
73 873
73 961
73 981
74 912
74 923
74 946
74 996
75 675
75 872
75 923
75 996
76 472
76 918
76 951
76 989
77 268
77 664
77 898
77 916
78 577
78 761
78 927
78 979
79 625
79 698
79 975
79 978
80 634
80 689
80 746
80 906
81 4
81 546
81 810
81 994
82 548
82 581
82 588
82 678
83 666
83 802
83 893
83 988
84 122
84 804
84 962
84 999
85 224
85 274
85 672
85 993
86 50
86 349
86 826
86 843
87 225
87 791
87 851
87 998
88 896
88 915
88 966
88 994
89 661
89 831
89 849
89 880
90 960
90 979
90 984
90 998
91 724
91 960
91 977
91 998
92 29
92 817
92 883
92 995
93 785
93 809
93 919
93 962
94 912
94 929
94 951
94 972
95 264
95 491
95 570
95 603
96 318
96 864
96 946
96 990
97 149
97 289
97 957
97 974
98 465
98 802
98 893
98 995
99 727
99 899
99 922
99 959
100 223
100 612
100 758
100 929
101 104
101 540
101 624
101 994
102 256
102 692
102 813
102 837
103 658
103 683
103 735
103 830
104 101
104 233
104 828
104 846
105 609
105 809
105 817
105 937
106 343
106 626
106 727
106 994
107 583
107 736
107 900
107 989
108 700
108 705
108 793
108 857
109 209
109 897
109 902
109 904
110 498
110 851
110 964
110 989
111 578
111 703
111 980
111 999
112 156
112 890
112 920
112 987
113 240
113 456
113 668
113 927
114 824
114 957
114 973
114 998
115 422
115 711
115 843
115 994
116 722
116 828
116 833
116 997
117 278
117 623
117 742
117 977
118 134
118 413
118 452
118 812
119 193
119 643
119 848
119 975
120 422
120 633
120 765
120 995
121 176
121 970
121 988
121 998
122 84
122 261
122 791
122 843
123 444
123 690
123 763
123 997
124 733
124 896
124 955
124 996
125 187
125 792
125 821
125 841
126 255
126 608
126 790
126 894
127 736
127 897
127 906
127 990
128 930
128 944
128 972
128 983
129 718
129 909
129 942
129 961
130 355
130 654
130 917
130 959
131 813
131 881
131 897
131 950
132 829
132 956
132 971
132 975
133 281
133 646
133 669
133 699
134 118
134 869
134 898
134 912
135 430
135 640
135 776
135 928
136 440
136 899
136 921
136 976
137 179
137 432
137 902
137 994
138 635
138 760
138 979
138 994
139 710
139 873
139 963
139 978
140 307
140 878
140 887
140 960
141 739
141 922
141 924
141 973
142 66
142 231
142 909
142 993
143 701
143 830
143 974
143 995
144 669
144 960
144 966
144 986
145 428
145 752
145 915
145 957
146 623
146 658
146 976
146 991
147 394
147 501
147 695
147 918
148 638
148 934
148 989
148 999
149 97
149 613
149 693
149 939
150 293
150 814
150 928
150 963
151 686
151 902
151 957
151 974
152 497
152 560
152 903
152 916
153 363
153 685
153 770
153 972
154 605
154 834
154 925
154 991
155 434
155 834
155 926
155 977
156 112
156 379
156 796
156 852
157 707
157 710
157 759
157 961
158 27
158 690
158 880
158 926
159 531
159 857
159 985
159 996
160 567
160 640
160 655
160 917
161 599
161 890
161 917
161 922
162 432
162 564
162 807
162 997
163 692
163 850
163 860
163 992
164 287
164 303
164 519
164 564
165 52
165 70
165 663
165 954
166 595
166 830
166 888
166 924
167 602
167 825
167 912
167 966
168 717
168 875
168 949
168 962
169 652
169 919
169 928
169 935
170 622
170 685
170 882
170 998
171 502
171 508
171 855
171 879
172 592
172 796
172 842
172 880
173 763
173 881
173 953
173 997
174 336
174 379
174 918
174 962
175 492
175 530
175 591
175 815
176 121
176 457
176 916
176 976
177 298
177 751
177 795
177 953
178 771
178 893
178 960
178 970
179 32
179 137
179 314
179 489
180 731
180 747
180 889
180 963
181 636
181 935
181 949
181 951
182 463
182 482
182 936
182 993
183 211
183 440
183 868
183 945
184 376
184 487
184 895
184 939
185 891
185 968
185 987
185 993
186 689
186 908
186 948
186 982
187 125
187 891
187 958
187 968
188 282
188 285
188 495
188 921
189 429
189 591
189 676
189 804
190 64
190 483
190 809
190 936
191 920
191 923
191 952
191 971
192 703
192 849
192 863
192 947
193 119
193 737
193 881
193 980
194 652
194 884
194 964
194 993
195 788
195 865
195 877
195 913
196 344
196 530
196 562
196 694
197 605
197 818
197 894
197 899
198 796
198 928
198 933
198 959
199 447
199 584
199 961
199 966
200 601
200 864
200 882
200 902
201 63
201 650
201 806
201 982
202 361
202 610
202 957
202 996
203 377
203 441
203 923
203 976
204 560
204 850
204 883
204 992
205 697
205 949
205 951
205 993
206 740
206 852
206 972
206 981
207 340
207 639
207 918
207 979
208 538
208 857
208 924
208 961
209 109
209 489
209 932
209 966
210 486
210 754
210 896
210 951
211 183
211 295
211 770
211 901
212 366
212 574
212 613
212 766
213 298
213 509
213 963
213 969
214 472
214 658
214 874
214 919
215 735
215 830
215 919
215 922
216 12
216 566
216 780
216 794
217 394
217 800
217 912
217 986
218 246
218 566
218 898
218 979
219 587
219 937
219 957
219 975
220 71
220 315
220 530
220 842
221 30
221 534
221 958
221 996
222 702
222 740
222 795
222 982
223 100
223 759
223 979
223 984
224 38
224 85
224 615
224 942
225 87
225 290
225 457
225 979
226 444
226 742
226 814
226 869
227 407
227 847
227 910
227 933
228 484
228 537
228 857
228 943
229 439
229 544
229 899
229 967
230 380
230 815
230 901
230 903
231 142
231 588
231 874
231 895
232 365
232 604
232 813
232 929
233 104
233 518
233 857
233 894
234 396
234 688
234 869
234 883
235 4
235 650
235 713
235 985
236 645
236 950
236 958
236 996
237 692
237 773
237 964
237 975
238 573
238 920
238 930
238 984
239 632
239 847
239 871
239 934
240 113
240 815
240 952
240 954
241 728
241 902
241 923
241 991
242 879
242 946
242 991
242 996
243 787
243 801
243 885
243 916
244 56
244 486
244 905
244 996
245 454
245 930
245 932
245 969
246 218
246 548
246 709
246 869
247 635
247 746
247 931
247 947
248 294
248 297
248 525
248 750
249 778
249 867
249 878
249 946
250 548
250 753
250 909
250 999
251 519
251 953
251 966
251 999
252 510
252 689
252 773
252 908
252 951
253 643
253 786
253 809
253 900
253 951
254 286
254 871
254 922
254 961
254 978
255 126
255 535
255 596
255 796
255 972
256 102
256 318
256 731
256 844
256 970
257 598
257 828
257 967
257 969
257 983
258 42
258 703
258 719
258 828
258 963
259 633
259 697
259 774
259 965
259 971
260 261
260 357
260 442
260 624
260 845
261 122
261 260
261 284
261 531
261 778
262 56
262 508
262 880
262 970
262 998
263 486
263 546
263 900
263 946
263 967
264 95
264 744
264 859
264 885
264 970
265 577
265 740
265 917
265 986
265 987
266 412
266 768
266 783
266 875
266 946
267 437
267 668
267 731
267 978
267 997
268 77
268 318
268 919
268 967
268 980
269 579
269 652
269 947
269 962
269 988
270 752
270 925
270 979
270 989
270 997
271 558
271 665
271 718
271 822
271 990
272 313
272 528
272 842
272 964
272 988
273 480
273 749
273 844
273 895
273 928
274 85
274 517
274 637
274 879
274 896
275 577
275 674
275 727
275 767
275 865
276 359
276 538
276 802
276 962
276 975
277 770
277 811
277 861
277 911
277 957
278 117
278 561
278 730
278 881
278 997
279 805
279 834
279 967
279 991
279 994
280 625
280 757
280 760
280 887
280 946
281 133
281 827
281 899
281 975
281 990
282 188
282 669
282 759
282 783
282 841
283 65
283 842
283 898
283 912
283 920
284 261
284 443
284 577
284 828
284 989
285 188
285 677
285 942
285 973
285 988
286 254
286 702
286 732
286 739
286 919
287 164
287 427
287 678
287 867
287 943
288 689
288 754
288 904
288 912
288 967
289 97
289 492
289 901
289 974
289 990
290 225
290 749
290 881
290 908
290 941
291 414
291 648
291 815
291 884
291 992
292 427
292 811
292 884
292 910
292 978
293 150
293 781
293 945
293 959
293 999
294 248
294 361
294 629
294 852
294 903
295 19
295 211
295 810
295 844
295 986
296 797
296 804
296 860
296 948
296 974
297 248
297 540
297 762
297 795
297 949
298 177
298 213
298 773
298 924
298 969
299 401
299 782
299 928
299 948
299 981
300 343
300 359
300 382
300 767
300 956
301 397
301 802
301 954
301 969
301 991
302 506
302 552
302 891
302 932
302 991
303 164
303 890
303 930
303 947
303 956
304 470
304 823
304 858
304 871
304 909
305 525
305 747
305 886
305 938
305 982
306 367
306 863
306 934
306 961
306 986
307 140
307 546
307 604
307 830
307 835
308 36
308 324
308 899
308 958
308 990
309 479
309 667
309 895
309 910
309 968
310 735
310 737
310 859
310 947
310 954
311 19
311 532
311 812
311 849
311 994
312 879
312 883
312 892
312 948
312 997
313 272
313 775
313 813
313 847
313 935
314 28
314 179
314 516
314 971
314 991
315 220
315 620
315 640
315 888
315 932
316 320
316 738
316 885
316 909
316 954
317 320
317 684
317 905
317 980
317 999
318 96
318 256
318 268
318 926
318 982
319 551
319 960
319 962
319 985
319 998
320 316
320 317
320 801
320 860
320 861
321 583
321 890
321 915
321 968
321 977
322 408
322 713
322 720
322 840
322 903
323 707
323 746
323 934
323 941
323 998
324 28
324 308
324 357
324 671
324 970
325 716
325 800
325 813
325 986
325 996
326 479
326 714
326 814
326 890
326 901
327 46
327 334
327 770
327 935
327 958
328 663
328 872
328 880
328 943
328 975
329 411
329 730
329 900
329 926
329 933
330 611
330 779
330 891
330 937
330 953
331 887
331 902
331 931
331 982
331 988
332 12
332 507
332 866
332 869
332 970
333 649
333 836
333 917
333 959
333 973
334 327
334 498
334 650
334 714
334 878
335 1
335 432
335 899
335 919
335 976
336 174
336 724
336 870
336 944
336 979
337 572
337 581
337 897
337 926
337 975
338 587
338 927
338 968
338 971
338 998
339 379
339 553
339 735
339 788
339 964
340 44
340 207
340 815
340 888
340 972
341 49
341 53
341 626
341 833
341 835
342 390
342 502
342 739
342 769
342 924
343 106
343 300
343 932
343 953
343 988
344 196
344 368
344 491
344 880
344 924
345 1
345 382
345 449
345 704
345 974
346 23
346 480
346 585
346 901
346 909
347 569
347 657
347 894
347 934
347 942
348 721
348 757
348 762
348 887
348 946
349 86
349 551
349 650
349 792
349 997
350 615
350 847
350 896
350 922
350 959
351 369
351 630
351 675
351 789
351 909
352 519
352 670
352 929
352 968
352 976
353 671
353 699
353 904
353 914
353 996
354 50
354 68
354 854
354 886
354 929
355 72
355 130
355 629
355 832
355 987
356 510
356 542
356 767
356 851
356 930
357 260
357 324
357 653
357 878
357 991
358 471
358 859
358 865
358 984
358 986
359 276
359 300
359 424
359 769
359 933
360 600
360 737
360 893
360 903
360 973
361 202
361 294
361 364
361 597
361 846
362 657
362 719
362 755
362 777
362 794
363 153
363 431
363 499
363 849
363 938
364 361
364 524
364 599
364 793
364 945
365 57
365 232
365 761
365 817
365 950
366 212
366 422
366 564
366 868
366 870
367 306
367 465
367 844
367 977
367 995
368 42
368 344
368 518
368 784
368 880
369 351
369 534
369 656
369 746
369 979
370 417
370 668
370 852
370 885
370 961
371 488
371 539
371 699
371 803
371 983
372 686
372 919
372 946
372 990
372 996
373 652
373 930
373 950
373 955
373 977
374 452
374 528
374 702
374 709
374 905
375 711
375 775
375 789
375 898
375 951
376 184
376 928
376 942
376 961
376 978
377 203
377 907
377 960
377 998
377 999
378 728
378 849
378 871
378 941
378 979
379 156
379 174
379 339
379 803
379 955
380 230
380 437
380 476
380 853
380 995
381 428
381 780
381 791
381 845
381 955
382 300
382 345
382 662
382 974
382 979
383 917
383 923
383 965
383 974
383 989
384 576
384 606
384 730
384 858
384 996
385 506
385 711
385 753
385 927
385 995
386 731
386 750
386 900
386 916
386 928
387 618
387 693
387 767
387 878
387 908
388 676
388 820
388 833
388 864
388 969
389 510
389 834
389 846
389 973
389 987
390 21
390 342
390 647
390 822
390 849
391 651
391 918
391 923
391 930
391 969
392 47
392 570
392 653
392 962
392 990
393 819
393 828
393 913
393 937
393 951
394 2
394 147
394 217
394 809
394 817
395 575
395 840
395 944
395 951
395 952
396 234
396 540
396 687
396 690
396 957
397 301
397 861
397 898
397 912
397 959
398 447
398 914
398 920
398 981
398 982
399 621
399 881
399 944
399 949
399 983
400 464
400 822
400 894
400 906
400 916
401 299
401 461
401 676
401 712
401 976
402 688
402 717
402 895
402 897
402 907
403 696
403 911
403 912
403 973
403 984
404 728
404 777
404 908
404 920
404 961
405 596
405 796
405 860
405 980
405 991
406 651
406 715
406 774
406 885
406 998
407 227
407 895
407 909
407 953
407 967
407 987
408 66
408 322
408 663
408 948
408 984
408 997
409 563
409 583
409 695
409 742
409 747
409 759
410 607
410 861
410 969
410 984
410 992
410 996
411 52
411 329
411 628
411 866
411 933
411 954
412 266
412 598
412 711
412 859
412 940
412 949
413 118
413 600
413 636
413 886
413 949
413 979
414 291
414 428
414 584
414 924
414 967
414 969
415 838
415 839
415 971
415 981
415 984
415 985
416 782
416 851
416 945
416 953
416 969
416 997
417 370
417 490
417 846
417 952
417 974
417 979
418 5
418 535
418 733
418 884
418 981
418 993
419 441
419 734
419 828
419 937
419 938
419 972
420 482
420 549
420 855
420 925
420 966
420 986
421 765
421 791
421 833
421 889
421 979
421 987
422 115
422 120
422 366
422 454
422 502
422 846
423 443
423 758
423 843
423 847
423 860
423 995
424 359
424 600
424 680
424 873
424 980
424 999
425 71
425 664
425 703
425 814
425 820
425 921
426 713
426 772
426 792
426 811
426 989
426 995
427 287
427 292
427 513
427 657
427 803
427 967
428 145
428 381
428 414
428 433
428 709
428 929
429 189
429 866
429 890
429 917
429 931
429 987
430 135
430 737
430 915
430 941
430 950
430 958
431 363
431 593
431 611
431 715
431 763
431 921
432 137
432 162
432 335
432 564
432 920
432 927
433 428
433 780
433 929
433 966
433 986
433 991
434 155
434 601
434 753
434 762
434 865
434 959
435 617
435 726
435 797
435 808
435 906
435 992
436 508
436 739
436 800
436 807
436 826
436 986
437 267
437 380
437 831
437 907
437 980
437 999
438 504
438 799
438 818
438 875
438 946
438 987
439 37
439 229
439 798
439 959
439 960
439 992
440 136
440 183
440 875
440 933
440 940
440 993
441 203
441 419
441 827
441 919
441 929
441 959
442 36
442 260
442 913
442 943
442 967
442 972
443 284
443 423
443 706
443 743
443 953
443 982
444 123
444 226
444 789
444 822
444 988
444 997
445 491
445 755
445 927
445 930
445 995
445 996
446 638
446 644
446 901
446 934
446 960
446 965
447 68
447 199
447 398
447 555
447 751
447 919
448 523
448 779
448 786
448 937
448 948
448 986
449 57
449 345
449 634
449 820
449 893
449 912
450 594
450 903
450 913
450 938
450 954
450 958
451 668
451 674
451 928
451 942
451 957
451 982
452 118
452 374
452 505
452 686
452 946
452 968
453 471
453 725
453 813
453 840
453 857
453 982
454 245
454 422
454 716
454 797
454 890
454 946
455 44
455 838
455 862
455 864
455 933
455 968
456 113
456 490
456 579
456 688
456 731
456 976
457 176
457 225
457 729
457 868
457 948
457 984
458 587
458 832
458 851
458 967
458 970
458 975
459 623
459 657
459 765
459 906
459 907
459 990
460 508
460 670
460 787
460 803
460 866
460 963
461 401
461 578
461 733
461 899
461 914
461 915
462 512
462 580
462 716
462 721
462 797
462 822
463 7
463 182
463 757
463 785
463 821
463 939
464 400
464 617
464 891
464 971
464 987
464 992
465 60
465 98
465 367
465 750
465 849
465 968
466 611
466 820
466 895
466 911
466 965
466 985
467 492
467 759
467 768
467 910
467 963
467 973
468 623
468 924
468 934
468 979
468 985
468 998
469 653
469 688
469 748
469 922
469 945
469 987
470 304
470 534
470 891
470 927
470 940
470 957
471 358
471 453
471 587
471 776
471 922
471 982
472 76
472 214
472 499
472 827
472 916
472 981
473 586
473 632
473 895
473 897
473 949
473 992
474 731
474 789
474 872
474 919
474 943
474 945
475 859
475 870
475 891
475 935
475 952
475 956
476 50
476 380
476 484
476 643
476 754
476 860
477 496
477 538
477 606
477 705
477 861
477 999
478 727
478 817
478 841
478 853
478 856
478 872
479 25
479 309
479 326
479 593
479 907
479 993
480 49
480 273
480 346
480 851
480 960
480 996
481 541
481 632
481 862
481 889
481 897
481 973
482 182
482 420
482 764
482 916
482 972
482 986
483 190
483 511
483 752
483 827
483 902
483 971
484 228
484 476
484 723
484 906
484 918
484 981
485 530
485 564
485 704
485 767
485 924
485 945
486 210
486 244
486 263
486 828
486 929
486 941
487 184
487 551
487 673
487 944
487 949
487 969
488 12
488 371
488 803
488 936
488 942
488 954
489 30
489 179
489 209
489 845
489 848
489 871
490 417
490 456
490 685
490 741
490 840
490 952
491 10
491 95
491 344
491 445
491 629
491 869
492 175
492 289
492 467
492 815
492 821
492 988
493 712
493 926
493 927
493 940
493 951
493 983
494 747
494 824
494 841
494 964
494 989
494 992
495 188
495 723
495 901
495 962
495 987
495 990
496 477
496 598
496 624
496 894
496 928
496 934
497 152
497 699
497 801
497 915
497 928
497 983
498 2
498 110
498 334
498 732
498 855
498 905
499 363
499 472
499 580
499 706
499 720
499 818
500 34
500 514
500 717
500 888
500 918
500 981
501 147
501 771
501 798
501 929
501 980
501 999
502 171
502 342
502 422
502 792
502 845
502 970
503 822
503 842
503 874
503 913
503 983
503 997
504 3
504 438
504 861
504 937
504 981
504 989
505 452
505 756
505 808
505 838
505 921
505 955
506 302
506 385
506 823
506 897
506 988
506 991
507 42
507 332
507 869
507 900
507 928
507 968
507 973
508 171
508 262
508 436
508 460
508 901
508 930
508 990
509 213
509 639
509 783
509 910
509 960
509 970
509 998
510 252
510 356
510 389
510 816
510 840
510 945
510 960
511 483
511 684
511 728
511 867
511 958
511 994
511 995
512 462
512 591
512 711
512 758
512 907
512 973
512 987
513 427
513 870
513 905
513 910
513 925
513 974
513 979
514 500
514 580
514 850
514 860
514 920
514 958
514 996
515 719
515 775
515 785
515 790
515 845
515 848
515 962
516 314
516 662
516 757
516 874
516 893
516 912
516 963
517 274
517 635
517 804
517 856
517 881
517 911
517 916
518 233
518 368
518 689
518 871
518 880
518 953
518 972
519 164
519 251
519 352
519 531
519 699
519 977
519 982
520 641
520 925
520 939
520 940
520 984
520 985
520 999
521 608
521 623
521 749
521 811
521 932
521 955
521 989
522 748
522 753
522 758
522 792
522 880
522 977
522 983
523 73
523 448
523 758
523 815
523 929
523 966
523 994
524 364
524 668
524 800
524 810
524 944
524 978
524 986
525 248
525 305
525 563
525 672
525 775
525 809
525 852
526 608
526 727
526 757
526 814
526 830
526 898
526 941
527 618
527 619
527 922
527 949
527 952
527 962
527 990
528 272
528 374
528 848
528 903
528 956
528 975
528 997
529 664
529 723
529 743
529 807
529 953
529 970
529 973
530 175
530 196
530 220
530 485
530 756
530 908
530 924
531 159
531 261
531 519
531 776
531 885
531 964
531 986
532 311
532 759
532 854
532 929
532 972
532 974
532 990
533 597
533 627
533 684
533 852
533 892
533 915
533 920
534 221
534 369
534 470
534 601
534 755
534 856
534 983
535 255
535 418
535 572
535 574
535 894
535 928
535 989
536 543
536 819
536 878
536 896
536 915
536 971
536 972
537 228
537 663
537 719
537 931
537 948
537 953
537 964
538 30
538 208
538 276
538 477
538 699
538 924
538 985
539 371
539 653
539 710
539 752
539 892
539 917
539 964
540 101
540 297
540 396
540 611
540 779
540 948
540 951
541 481
541 622
541 676
541 729
541 878
541 917
541 987
542 26
542 356
542 862
542 867
542 977
542 990
542 995
543 536
543 545
543 595
543 750
543 955
543 976
543 979
544 229
544 626
544 730
544 785
544 924
544 978
544 983
545 543
545 875
545 901
545 944
545 958
545 974
545 996
546 81
546 263
546 307
546 685
546 721
546 801
546 900
547 649
547 789
547 867
547 904
547 922
547 936
547 982
548 82
548 246
548 250
548 569
548 747
548 951
548 965
549 420
549 557
549 834
549 866
549 869
549 935
549 977
550 569
550 752
550 753
550 925
550 940
550 992
550 993
551 319
551 349
551 487
551 581
551 714
551 805
551 951
552 2
552 302
552 695
552 844
552 917
552 970
552 984
553 339
553 660
553 910
553 923
553 974
553 980
553 999
554 642
554 659
554 719
554 774
554 801
554 805
554 865
555 447
555 625
555 709
555 792
555 853
555 878
555 904
556 18
556 909
556 942
556 963
556 973
556 979
556 987
557 549
557 777
557 829
557 863
557 903
557 950
557 964
558 28
558 271
558 849
558 896
558 909
558 935
558 991
559 572
559 793
559 865
559 867
559 892
559 997
559 998
560 152
560 204
560 905
560 915
560 965
560 975
560 989
561 278
561 810
561 884
561 961
561 973
561 992
561 993
562 196
562 779
562 822
562 936
562 965
562 971
562 972
563 409
563 525
563 615
563 621
563 812
563 885
563 893
564 162
564 164
564 366
564 432
564 485
564 915
564 922
565 35
565 648
565 686
565 725
565 786
565 917
565 993
566 60
566 216
566 218
566 735
566 893
566 931
566 994
567 160
567 799
567 873
567 889
567 985
567 987
567 991
568 656
568 773
568 824
568 829
568 856
568 983
568 985
569 347
569 548
569 550
569 611
569 945
569 951
569 993
570 95
570 392
570 735
570 768
570 831
570 963
570 991
571 64
571 592
571 795
571 935
571 940
571 978
571 988
572 40
572 337
572 535
572 559
572 877
572 884
572 984
573 238
573 718
573 785
573 789
573 930
573 962
573 990
574 212
574 535
574 868
574 914
574 976
574 980
574 994
575 395
575 827
575 864
575 872
575 942
575 976
575 979
575 992
576 384
576 626
576 674
576 896
576 926
576 950
576 969
576 977
577 78
577 265
577 275
577 284
577 681
577 699
577 722
577 779
578 111
578 461
578 722
578 745
578 781
578 894
578 925
578 942
579 269
579 456
579 635
579 728
579 866
579 928
579 976
579 977
580 462
580 499
580 514
580 625
580 835
580 878
580 895
580 973
581 82
581 337
581 551
581 615
581 725
581 738
581 786
581 994
582 800
582 899
582 901
582 930
582 962
582 963
582 988
582 997
583 107
583 321
583 409
583 642
583 659
583 728
583 759
583 762
584 199
584 414
584 652
584 735
584 868
584 954
584 956
584 969
585 346
585 607
585 764
585 795
585 801
585 866
585 925
585 965
586 41
586 473
586 637
586 735
586 745
586 905
586 920
586 969
587 219
587 338
587 458
587 471
587 668
587 937
587 970
587 986
588 82
588 231
588 746
588 775
588 839
588 850
588 965
588 981
589 20
589 666
589 716
589 850
589 948
589 959
589 980
589 992
590 661
590 665
590 791
590 845
590 851
590 882
590 966
590 995
591 44
591 175
591 189
591 512
591 601
591 913
591 987
591 993
592 60
592 172
592 571
592 670
592 831
592 939
592 949
592 974
593 431
593 479
593 856
593 874
593 891
593 942
593 954
593 983
594 450
594 758
594 863
594 872
594 950
594 965
594 990
594 994
595 166
595 543
595 612
595 838
595 870
595 876
595 906
595 994
596 43
596 67
596 255
596 405
596 732
596 962
596 990
596 997
597 361
597 533
597 653
597 784
597 866
597 956
597 973
597 987
598 257
598 412
598 496
598 654
598 828
598 949
598 972
598 987
599 161
599 364
599 618
599 698
599 818
599 835
599 877
599 920
600 8
600 360
600 413
600 424
600 655
600 856
600 906
600 950
601 200
601 434
601 534
601 591
601 854
601 902
601 913
601 954
602 167
602 689
602 904
602 909
602 914
602 950
602 985
602 989
603 3
603 95
603 675
603 835
603 855
603 860
603 896
603 909
604 232
604 307
604 668
604 688
604 915
604 963
604 972
604 985
605 154
605 197
605 629
605 680
605 829
605 952
605 968
605 979
606 384
606 477
606 695
606 791
606 800
606 861
606 928
606 943
607 410
607 585
607 692
607 875
607 932
607 967
607 969
607 999
608 126
608 521
608 526
608 849
608 883
608 941
608 955
608 991
609 105
609 884
609 908
609 913
609 928
609 935
609 947
609 952
610 45
610 202
610 634
610 773
610 805
610 872
610 952
610 958
611 330
611 431
611 466
611 540
611 569
611 811
611 949
611 984
612 100
612 595
612 733
612 831
612 926
612 935
612 937
612 963
613 149
613 212
613 806
613 828
613 869
613 885
613 951
613 976
614 14
614 31
614 731
614 824
614 876
614 980
614 986
614 999
615 224
615 350
615 563
615 581
615 716
615 812
615 843
615 960
616 862
616 889
616 917
616 972
616 973
616 981
616 988
616 999
617 435
617 464
617 704
617 799
617 803
617 811
617 852
617 919
618 387
618 527
618 599
618 698
618 897
618 974
618 981
618 995
619 527
619 627
619 731
619 743
619 802
619 804
619 865
619 900
620 315
620 795
620 923
620 928
620 980
620 981
620 997
620 999
621 399
621 563
621 903
621 917
621 939
621 941
621 969
621 975
622 170
622 541
622 866
622 875
622 917
622 958
622 969
622 996
623 117
623 146
623 459
623 468
623 521
623 690
623 967
623 978
624 101
624 260
624 496
624 654
624 672
624 707
624 899
624 976
625 79
625 280
625 555
625 580
625 748
625 835
625 881
625 931
626 106
626 341
626 544
626 576
626 764
626 878
626 888
626 931
627 533
627 619
627 910
627 937
627 974
627 976
627 987
627 999
628 411
628 710
628 856
628 889
628 973
628 987
628 988
628 993
629 294
629 355
629 491
629 605
629 845
629 847
629 919
629 999
630 351
630 815
630 840
630 857
630 877
630 896
630 975
630 985
631 712
631 840
631 852
631 927
631 930
631 940
631 972
631 982
632 239
632 473
632 481
632 791
632 816
632 859
632 901
632 929
633 120
633 259
633 670
633 907
633 930
633 931
633 964
633 988
634 80
634 449
634 610
634 766
634 800
634 886
634 912
634 981
635 138
635 247
635 517
635 579
635 642
635 677
635 762
635 899
636 62
636 181
636 413
636 662
636 720
636 814
636 887
636 965
637 29
637 274
637 586
637 645
637 745
637 888
637 910
637 967
638 3
638 148
638 446
638 656
638 659
638 749
638 762
638 969
639 207
639 509
639 748
639 819
639 826
639 862
639 972
639 987
640 135
640 160
640 315
640 726
640 808
640 890
640 913
640 968
641 520
641 691
641 780
641 895
641 896
641 909
641 971
641 995
642 11
642 554
642 583
642 635
642 646
642 789
642 945
642 951
643 119
643 253
643 476
643 644
643 719
643 870
643 955
643 962
644 446
644 643
644 772
644 934
644 970
644 976
644 979
644 998
645 236
645 637
645 800
645 889
645 917
645 931
645 962
645 973
645 991
646 133
646 642
646 774
646 809
646 881
646 921
646 963
646 996
646 998
647 390
647 664
647 808
647 831
647 906
647 942
647 943
647 975
647 994
648 291
648 565
648 695
648 865
648 925
648 946
648 948
648 965
648 972
649 333
649 547
649 829
649 837
649 876
649 881
649 950
649 977
649 989
650 201
650 235
650 334
650 349
650 774
650 829
650 937
650 974
650 978
651 391
651 406
651 655
651 660
651 677
651 766
651 860
651 912
651 996
652 169
652 194
652 269
652 373
652 584
652 674
652 932
652 954
652 988
653 29
653 357
653 392
653 469
653 539
653 597
653 689
653 725
653 932
654 130
654 598
654 624
654 682
654 757
654 816
654 847
654 869
654 993
655 31
655 160
655 600
655 651
655 724
655 749
655 766
655 893
655 898
656 369
656 568
656 638
656 811
656 902
656 923
656 980
656 992
656 999
657 347
657 362
657 427
657 459
657 661
657 803
657 918
657 937
657 962
658 103
658 146
658 214
658 679
658 823
658 840
658 868
658 873
658 959
659 554
659 583
659 638
659 664
659 744
659 764
659 880
659 889
659 947
660 553
660 651
660 852
660 862
660 892
660 921
660 984
660 995
660 999
661 89
661 590
661 657
661 806
661 825
661 896
661 961
661 980
661 986
662 382
662 516
662 636
662 717
662 845
662 886
662 893
662 925
662 991
663 165
663 328
663 408
663 537
663 756
663 818
663 862
663 938
663 982
664 77
664 425
664 529
664 647
664 659
664 693
664 867
664 894
664 960
665 271
665 590
665 677
665 834
665 857
665 921
665 941
665 956
665 991
666 83
666 589
666 813
666 908
666 935
666 955
666 964
666 968
666 991
667 309
667 756
667 785
667 790
667 874
667 894
667 938
667 944
667 983
668 113
668 267
668 370
668 451
668 524
668 587
668 604
668 899
668 995
669 133
669 144
669 282
669 754
669 801
669 885
669 963
669 977
669 999
670 352
670 460
670 592
670 633
670 746
670 770
670 812
670 868
670 952
671 70
671 324
671 353
671 694
671 742
671 811
671 907
671 943
671 949
672 25
672 33
672 85
672 525
672 624
672 673
672 773
672 920
672 994
673 7
673 487
673 672
673 724
673 794
673 836
673 914
673 940
673 997
674 275
674 451
674 576
674 652
674 894
674 916
674 930
674 978
674 998
675 75
675 351
675 603
675 718
675 826
675 885
675 896
675 936
675 983
676 189
676 388
676 401
676 541
676 786
676 841
676 890
676 933
676 979
677 285
677 635
677 651
677 665
677 792
677 825
677 849
677 942
677 957
678 82
678 287
678 773
678 881
678 922
678 931
678 935
678 941
678 975
679 43
679 658
679 840
679 853
679 863
679 924
679 933
679 936
679 968
680 424
680 605
680 780
680 883
680 906
680 910
680 925
680 939
680 974
681 577
681 721
681 769
681 795
681 808
681 816
681 934
681 968
681 972
682 654
682 697
682 777
682 870
682 880
682 946
682 958
682 987
682 996
683 103
683 735
683 896
683 947
683 958
683 961
683 964
683 979
683 988
684 317
684 511
684 533
684 862
684 867
684 900
684 986
684 988
684 998
685 153
685 170
685 490
685 546
685 745
685 865
685 905
685 923
685 954
686 151
686 372
686 452
686 565
686 884
686 947
686 959
686 966
686 993
687 396
687 705
687 824
687 923
687 942
687 946
687 954
687 980
687 999
688 234
688 402
688 456
688 469
688 604
688 704
688 820
688 961
688 966
688 970
689 63
689 80
689 186
689 252
689 288
689 518
689 602
689 653
689 767
689 971
690 123
690 158
690 396
690 623
690 807
690 842
690 927
690 957
690 991
690 992
691 46
691 641
691 807
691 855
691 888
691 932
691 953
691 965
691 967
691 969
692 102
692 163
692 237
692 607
692 747
692 799
692 917
692 921
692 964
692 988
693 149
693 387
693 664
693 723
693 760
693 795
693 864
693 905
693 910
693 960
694 196
694 671
694 742
694 860
694 871
694 893
694 919
694 957
694 966
694 968
695 147
695 409
695 552
695 606
695 648
695 946
695 971
695 985
695 989
695 993
696 403
696 794
696 882
696 934
696 938
696 970
696 971
696 996
696 997
696 998
697 55
697 205
697 259
697 682
697 772
697 790
697 907
697 917
697 930
697 990
698 79
698 599
698 618
698 742
698 807
698 814
698 878
698 947
698 948
698 976
699 133
699 353
699 371
699 497
699 519
699 538
699 577
699 810
699 849
699 867
700 108
700 780
700 855
700 911
700 937
700 964
700 976
700 979
700 993
700 994
701 143
701 797
701 823
701 877
701 882
701 949
701 970
701 973
701 987
701 998
702 222
702 286
702 374
702 808
702 837
702 863
702 890
702 904
702 935
702 968
703 111
703 192
703 258
703 425
703 711
703 786
703 857
703 916
703 949
703 998
704 23
704 345
704 485
704 617
704 688
704 808
704 852
704 961
704 966
704 988
705 108
705 477
705 687
705 791
705 793
705 812
705 816
705 936
705 966
705 980
706 63
706 443
706 499
706 785
706 834
706 911
706 922
706 938
706 951
706 970
707 157
707 323
707 624
707 721
707 810
707 869
707 961
707 986
707 989
707 999
708 59
708 713
708 796
708 797
708 944
708 945
708 968
708 975
708 980
708 983
709 7
709 246
709 374
709 428
709 555
709 739
709 830
709 869
709 922
709 924
710 139
710 157
710 539
710 628
710 820
710 839
710 883
710 889
710 932
710 973
711 115
711 375
711 385
711 412
711 512
711 703
711 812
711 854
711 949
711 985
712 401
712 493
712 631
712 739
712 817
712 938
712 963
712 970
712 977
712 995
713 235
713 322
713 426
713 708
713 721
713 814
713 828
713 838
713 931
713 952
714 326
714 334
714 551
714 735
714 921
714 953
714 966
714 976
714 988
714 996
715 34
715 406
715 431
715 730
715 823
715 832
715 904
715 921
715 947
715 954
715 988
716 32
716 325
716 454
716 462
716 589
716 615
716 731
716 799
716 838
716 898
716 968
717 168
717 402
717 500
717 662
717 723
717 773
717 812
717 918
717 978
717 990
717 999
718 129
718 271
718 573
718 675
718 810
718 825
718 895
718 896
718 976
718 996
718 999
719 258
719 362
719 515
719 537
719 554
719 643
719 790
719 818
719 930
719 964
719 991
720 322
720 499
720 636
720 811
720 820
720 842
720 871
720 910
720 946
720 957
720 960
721 348
721 462
721 546
721 681
721 707
721 713
721 935
721 967
721 968
721 971
721 995
722 116
722 577
722 578
722 782
722 833
722 890
722 894
722 912
722 916
722 962
722 965
723 484
723 495
723 529
723 693
723 717
723 746
723 783
723 848
723 925
723 948
723 975
724 91
724 336
724 655
724 673
724 738
724 817
724 846
724 854
724 915
724 972
724 984
725 453
725 565
725 581
725 653
725 726
725 727
725 810
725 876
725 921
725 942
725 992
726 435
726 640
726 725
726 814
726 820
726 959
726 966
726 976
726 989
726 992
726 993
727 21
727 99
727 106
727 275
727 478
727 526
727 725
727 873
727 914
727 933
727 955
728 241
728 378
728 404
728 511
728 579
728 583
728 940
728 956
728 969
728 986
728 994
729 457
729 541
729 750
729 827
729 832
729 877
729 885
729 939
729 940
729 955
729 958
730 278
730 329
730 384
730 544
730 715
730 826
730 829
730 856
730 909
730 967
730 983
731 180
731 256
731 267
731 386
731 456
731 474
731 614
731 619
731 716
731 963
731 974
732 286
732 498
732 596
732 745
732 822
732 830
732 920
732 940
732 944
732 962
732 983
733 124
733 418
733 461
733 612
733 867
733 878
733 883
733 887
733 916
733 945
733 991
734 64
734 419
734 779
734 833
734 910
734 920
734 945
734 948
734 956
734 964
734 999
735 103
735 215
735 310
735 339
735 566
735 570
735 584
735 586
735 683
735 714
735 772
736 37
736 107
736 127
736 748
736 771
736 840
736 900
736 928
736 952
736 954
736 956
737 193
737 310
737 360
737 430
737 781
737 866
737 902
737 903
737 915
737 952
737 994
738 316
738 581
738 724
738 749
738 780
738 813
738 888
738 967
738 969
738 971
738 984
739 48
739 141
739 286
739 342
739 436
739 709
739 712
739 887
739 924
739 975
739 998
740 206
740 222
740 265
740 754
740 793
740 826
740 905
740 944
740 977
740 981
740 985
741 490
741 744
741 753
741 836
741 837
741 846
741 911
741 951
741 955
741 958
741 991
742 117
742 226
742 409
742 671
742 694
742 698
742 820
742 842
742 902
742 924
742 957
742 994
743 443
743 529
743 619
743 784
743 807
743 873
743 889
743 925
743 953
743 980
743 987
743 993
744 264
744 659
744 741
744 761
744 773
744 837
744 887
744 919
744 930
744 955
744 981
744 991
745 578
745 586
745 637
745 685
745 732
745 838
745 872
745 884
745 896
745 909
745 937
745 980
746 80
746 247
746 323
746 369
746 588
746 670
746 723
746 780
746 864
746 971
746 992
746 994
747 180
747 305
747 409
747 494
747 548
747 692
747 765
747 906
747 971
747 981
747 985
747 986
748 469
748 522
748 625
748 639
748 736
748 876
748 897
748 926
748 930
748 933
748 953
748 977
749 273
749 290
749 521
749 638
749 655
749 738
749 914
749 947
749 963
749 967
749 969
749 976
750 22
750 248
750 386
750 465
750 543
750 729
750 774
750 795
750 892
750 902
750 968
750 995
751 177
751 447
751 786
751 796
751 884
751 888
751 919
751 922
751 938
751 947
751 972
751 982
752 145
752 270
752 483
752 539
752 550
752 781
752 823
752 864
752 936
752 951
752 990
752 993
753 250
753 385
753 434
753 522
753 550
753 741
753 796
753 837
753 845
753 886
753 898
753 955
754 62
754 210
754 288
754 476
754 669
754 740
754 777
754 847
754 914
754 972
754 981
754 987
755 362
755 445
755 534
755 799
755 844
755 850
755 889
755 894
755 933
755 956
755 992
755 993
756 69
756 505
756 530
756 663
756 667
756 833
756 855
756 922
756 934
756 938
756 939
756 982
757 280
757 348
757 463
757 516
757 526
757 654
757 791
757 860
757 879
757 887
757 932
757 938
758 17
758 69
758 100
758 423
758 512
758 522
758 523
758 594
758 788
758 817
758 926
758 977
759 157
759 223
759 282
759 409
759 467
759 532
759 583
759 801
759 862
759 939
759 987
759 988
760 138
760 280
760 693
760 864
760 905
760 906
760 925
760 939
760 942
760 976
760 980
760 985
761 78
761 365
761 744
761 828
761 841
761 862
761 887
761 891
761 927
761 936
761 974
761 994
762 297
762 348
762 434
762 583
762 635
762 638
762 782
762 914
762 917
762 920
762 942
762 946
763 55
763 63
763 123
763 173
763 431
763 772
763 825
763 916
763 947
763 956
763 964
763 993
764 3
764 45
764 70
764 482
764 585
764 626
764 659
764 801
764 836
764 877
764 894
764 942
764 951
765 1
765 26
765 120
765 421
765 459
765 747
765 779
765 931
765 939
765 940
765 974
765 978
765 981
766 8
766 212
766 634
766 651
766 655
766 886
766 898
766 900
766 912
766 916
766 969
766 971
766 978
767 275
767 300
767 356
767 387
767 485
767 689
767 778
767 842
767 906
767 956
767 981
767 985
767 988
768 266
768 467
768 570
768 787
768 825
768 832
768 858
768 905
768 961
768 966
768 974
768 982
768 996
769 342
769 359
769 681
769 777
769 779
769 931
769 947
769 953
769 959
769 960
769 964
769 988
769 995
770 65
770 153
770 211
770 277
770 327
770 670
770 793
770 827
770 835
770 868
770 936
770 958
770 971
771 178
771 501
771 736
771 789
771 802
771 805
771 821
771 896
771 913
771 929
771 954
771 970
771 997
772 16
772 426
772 644
772 697
772 735
772 763
772 794
772 880
772 895
772 921
772 931
772 976
772 996
773 11
773 237
773 252
773 298
773 568
773 610
773 672
773 678
773 717
773 744
773 793
773 846
773 932
774 36
774 259
774 406
774 554
774 646
774 650
774 750
774 809
774 868
774 881
774 894
774 950
774 980
775 313
775 375
775 515
775 525
775 588
775 785
775 879
775 883
775 908
775 931
775 934
775 991
775 997
776 135
776 471
776 531
776 816
776 850
776 873
776 876
776 910
776 936
776 952
776 973
776 992
776 993
777 362
777 404
777 557
777 682
777 754
777 769
777 788
777 819
777 904
777 909
777 915
777 961
777 962
778 41
778 249
778 261
778 767
778 797
778 879
778 888
778 947
778 960
778 971
778 979
778 981
778 989
779 330
779 448
779 540
779 562
779 577
779 734
779 765
779 769
779 839
779 870
779 974
779 978
779 983
780 216
780 381
780 433
780 641
780 680
780 700
780 738
780 746
780 857
780 873
780 899
780 976
780 994
781 48
781 293
781 578
781 737
781 752
781 786
781 859
781 872
781 934
781 945
781 947
781 964
781 984
782 299
782 416
782 722
782 762
782 785
782 846
782 916
782 928
782 939
782 960
782 986
782 988
782 990
783 24
783 266
783 282
783 509
783 723
783 787
783 795
783 847
783 885
783 896
783 965
783 971
783 985
784 18
784 368
784 597
784 743
784 807
784 918
784 934
784 973
784 987
784 993
784 995
784 997
784 998
785 57
785 93
785 463
785 515
785 544
785 573
785 667
785 706
785 775
785 782
785 879
785 907
785 955
786 35
786 253
786 448
786 565
786 581
786 676
786 703
786 751
786 781
786 862
786 949
786 951
786 972
787 17
787 243
787 460
787 768
787 783
787 810
787 831
787 881
787 910
787 963
787 974
787 977
787 994
788 195
788 339
788 758
788 777
788 794
788 874
788 876
788 913
788 914
788 929
788 972
788 984
788 996
789 19
789 351
789 375
789 444
789 474
789 547
789 573
789 642
789 771
789 830
789 938
789 982
789 989
790 126
790 515
790 667
790 697
790 719
790 808
790 819
790 821
790 839
790 842
790 901
790 907
790 918
790 977
791 62
791 87
791 122
791 381
791 421
791 590
791 606
791 632
791 705
791 757
791 803
791 892
791 958
791 981
792 42
792 125
792 349
792 426
792 502
792 522
792 555
792 677
792 821
792 865
792 883
792 912
792 913
792 948
793 108
793 364
793 559
793 705
793 740
793 770
793 773
793 796
793 797
793 807
793 846
793 864
793 910
793 990
794 15
794 216
794 362
794 673
794 696
794 772
794 788
794 816
794 861
794 864
794 904
794 914
794 972
794 986
795 177
795 222
795 297
795 571
795 585
795 620
795 681
795 693
795 750
795 783
795 887
795 901
795 981
795 983
796 156
796 172
796 198
796 255
796 405
796 708
796 751
796 753
796 793
796 850
796 869
796 875
796 879
796 955
797 296
797 435
797 454
797 462
797 701
797 708
797 778
797 793
797 808
797 838
797 879
797 929
797 968
797 997
798 0
798 439
798 501
798 809
798 818
798 832
798 836
798 843
798 863
798 884
798 923
798 980
798 982
798 999
799 438
799 567
799 617
799 692
799 716
799 755
799 816
799 832
799 890
799 953
799 959
799 975
799 992
799 993
800 217
800 325
800 436
800 524
800 582
800 606
800 634
800 645
800 802
800 817
800 924
800 961
800 980
800 986
801 243
801 320
801 497
801 546
801 554
801 585
801 669
801 759
801 764
801 885
801 941
801 964
801 977
801 985
802 83
802 98
802 276
802 301
802 619
802 771
802 800
802 821
802 865
802 892
802 900
802 911
802 913
802 991
803 47
803 371
803 379
803 427
803 460
803 488
803 617
803 657
803 791
803 805
803 835
803 932
803 967
803 969
804 84
804 189
804 296
804 517
804 619
804 827
804 846
804 923
804 937
804 939
804 942
804 978
804 984
804 985
805 35
805 279
805 551
805 554
805 610
805 771
805 803
805 852
805 883
805 906
805 932
805 967
805 971
805 992
806 68
806 201
806 613
806 661
806 875
806 877
806 882
806 923
806 943
806 960
806 962
806 970
806 987
806 998
807 162
807 436
807 529
807 690
807 691
807 698
807 743
807 784
807 793
807 844
807 886
807 917
807 973
807 998
808 435
808 505
808 640
808 647
808 681
808 702
808 704
808 790
808 797
808 892
808 901
808 945
808 968
808 975
808 997
809 93
809 105
809 190
809 253
809 394
809 525
809 646
809 774
809 798
809 861
809 885
809 926
809 930
809 939
809 994
810 81
810 295
810 524
810 561
810 699
810 707
810 718
810 725
810 787
810 856
810 873
810 925
810 966
810 986
810 997
811 277
811 292
811 426
811 521
811 611
811 617
811 656
811 671
811 720
811 820
811 871
811 932
811 938
811 957
811 974
812 51
812 118
812 311
812 563
812 615
812 670
812 705
812 711
812 717
812 870
812 889
812 926
812 979
812 985
812 994
813 102
813 131
813 232
813 313
813 325
813 453
813 666
813 738
813 854
813 884
813 944
813 949
813 955
813 969
813 991
814 51
814 150
814 226
814 326
814 425
814 526
814 636
814 698
814 713
814 726
814 886
814 893
814 912
814 963
814 980
815 175
815 230
815 240
815 291
815 340
815 492
815 523
815 630
815 832
815 913
815 941
815 956
815 959
815 973
815 990
816 510
816 632
816 654
816 681
816 705
816 776
816 794
816 799
816 846
816 851
816 912
816 946
816 954
816 989
816 993
817 27
817 92
817 105
817 365
817 394
817 478
817 712
817 724
817 758
817 800
817 867
817 927
817 960
817 967
817 995
818 197
818 438
818 499
818 599
818 663
818 719
818 798
818 824
818 836
818 837
818 851
818 923
818 924
818 980
818 999
819 5
819 24
819 393
819 536
819 639
819 777
819 790
819 854
819 905
819 914
819 915
819 951
819 982
819 984
819 999
820 53
820 388
820 425
820 449
820 466
820 688
820 710
820 720
820 726
820 742
820 811
820 825
820 891
820 919
820 957
821 125
821 463
821 492
821 771
821 790
821 792
821 802
821 840
821 908
821 913
821 951
821 954
821 965
821 980
821 982
822 271
822 390
822 400
822 444
822 462
822 503
822 562
822 732
822 826
822 834
822 874
822 939
822 944
822 971
822 983
823 4
823 304
823 506
823 658
823 701
823 715
823 752
823 841
823 848
823 871
823 933
823 935
823 936
823 937
823 993
824 114
824 494
824 568
824 614
824 687
824 818
824 836
824 893
824 911
824 922
824 926
824 940
824 963
824 980
824 999
825 33
825 46
825 167
825 661
825 677
825 718
825 763
825 768
825 820
825 853
825 869
825 955
825 961
825 966
825 986
826 86
826 436
826 639
826 675
826 730
826 740
826 822
826 830
826 874
826 944
826 952
826 983
826 990
826 994
826 996
827 1
827 16
827 281
827 441
827 472
827 483
827 575
827 729
827 770
827 804
827 839
827 910
827 938
827 974
827 978
828 104
828 116
828 257
828 258
828 284
828 393
828 419
828 486
828 598
828 613
828 713
828 761
828 879
828 949
828 965
829 132
829 557
829 568
829 605
829 649
829 650
829 730
829 844
829 848
829 862
829 897
829 910
829 926
829 950
829 977
830 103
830 143
830 166
830 215
830 307
830 526
830 709
830 732
830 789
830 826
830 856
830 944
830 950
830 983
830 998
831 39
831 44
831 89
831 437
831 570
831 592
831 612
831 647
831 787
831 840
831 963
831 970
831 978
831 985
831 997
832 355
832 458
832 715
832 729
832 768
832 798
832 799
832 815
832 889
832 937
832 939
832 974
832 978
832 994
832 998
833 116
833 341
833 388
833 421
833 722
833 734
833 756
833 881
833 891
833 907
833 975
833 984
833 990
833 993
833 997
834 154
834 155
834 279
834 389
834 549
834 665
834 706
834 822
834 914
834 919
834 926
834 935
834 943
834 955
834 975
834 982
835 0
835 54
835 307
835 341
835 580
835 599
835 603
835 625
835 770
835 803
835 841
835 867
835 879
835 905
835 966
835 998
836 333
836 673
836 741
836 764
836 798
836 818
836 824
836 842
836 874
836 883
836 923
836 962
836 980
836 982
836 990
836 999
837 102
837 649
837 702
837 741
837 744
837 753
837 818
837 842
837 852
837 861
837 872
837 879
837 883
837 935
837 991
837 994
838 59
838 415
838 455
838 505
838 595
838 713
838 716
838 745
838 797
838 927
838 945
838 953
838 955
838 960
838 968
838 989
839 415
839 588
839 710
839 779
839 790
839 827
839 859
839 899
839 910
839 917
839 927
839 932
839 939
839 940
839 974
839 996
840 39
840 322
840 395
840 453
840 490
840 510
840 630
840 631
840 658
840 679
840 736
840 821
840 831
840 843
840 943
840 956
841 125
841 282
841 478
841 494
841 676
841 761
841 823
841 835
841 870
841 873
841 902
841 909
841 933
841 936
841 943
841 993
842 53
842 172
842 220
842 272
842 283
842 503
842 690
842 720
842 742
842 767
842 790
842 836
842 837
842 880
842 985
842 988
843 24
843 39
843 86
843 115
843 122
843 423
843 615
843 798
843 840
843 846
843 847
843 858
843 927
843 929
843 933
843 977
844 32
844 48
844 256
844 273
844 295
844 367
844 552
844 755
844 807
844 829
844 877
844 921
844 934
844 953
844 960
844 998
845 38
845 260
845 381
845 489
845 502
845 515
845 590
845 629
845 662
845 753
845 847
845 849
845 851
845 886
845 940
845 979
846 9
846 104
846 361
846 389
846 417
846 422
846 724
846 741
846 773
846 782
846 793
846 804
846 816
846 843
846 956
846 998
847 227
847 239
847 313
847 350
847 423
847 629
847 654
847 754
847 783
847 843
847 845
847 852
847 854
847 927
847 949
847 955
847 988
848 67
848 119
848 489
848 515
848 528
848 723
848 823
848 829
848 905
848 925
848 930
848 960
848 965
848 971
848 981
848 989
848 998
849 89
849 192
849 311
849 363
849 378
849 390
849 465
849 558
849 608
849 677
849 699
849 845
849 855
849 920
849 928
849 942
849 974
850 163
850 204
850 514
850 588
850 589
850 755
850 776
850 796
850 871
850 890
850 934
850 936
850 943
850 944
850 959
850 976
850 988
851 11
851 33
851 87
851 110
851 356
851 416
851 458
851 480
851 590
851 816
851 818
851 845
851 863
851 871
851 954
851 955
851 995
852 156
852 206
852 294
852 370
852 525
852 533
852 617
852 631
852 660
852 704
852 805
852 837
852 847
852 892
852 961
852 964
852 995
853 380
853 478
853 555
853 679
853 825
853 859
853 881
853 891
853 911
853 920
853 924
853 941
853 945
853 948
853 965
853 992
853 995
854 354
854 532
854 601
854 711
854 724
854 813
854 819
854 847
854 865
854 884
854 918
854 924
854 929
854 943
854 961
854 972
854 988
855 54
855 171
855 420
855 498
855 603
855 691
855 700
855 756
855 849
855 914
855 919
855 922
855 924
855 938
855 954
855 982
855 997
856 20
856 478
856 517
856 534
856 568
856 593
856 600
856 628
856 730
856 810
856 830
856 875
856 944
856 951
856 983
856 986
856 998
857 108
857 159
857 208
857 228
857 233
857 453
857 630
857 665
857 703
857 780
857 861
857 866
857 929
857 935
857 943
857 957
857 960
858 304
858 384
858 768
858 843
858 860
858 872
858 875
858 922
858 932
858 946
858 957
858 958
858 959
858 962
858 965
858 989
858 996
859 264
859 310
859 358
859 412
859 475
859 632
859 781
859 839
859 853
859 870
859 873
859 886
859 911
859 945
859 953
859 984
859 997
860 163
860 296
860 320
860 405
860 423
860 476
860 514
860 603
860 651
860 694
860 757
860 858
860 872
860 958
860 972
860 985
860 996
861 56
861 277
861 320
861 397
861 410
861 477
861 504
861 606
861 794
861 809
861 837
861 857
861 903
861 943
861 956
861 975
861 984
861 991
862 455
862 481
862 542
862 616
862 639
862 660
862 663
862 684
862 759
862 761
862 786
862 829
862 867
862 870
862 881
862 892
862 957
862 995
863 192
863 306
863 557
863 594
863 679
863 702
863 798
863 851
863 867
863 876
863 897
863 926
863 944
863 950
863 963
863 967
863 973
863 977
864 96
864 200
864 388
864 455
864 575
864 693
864 746
864 752
864 760
864 793
864 794
864 908
864 916
864 936
864 964
864 976
864 979
864 994
865 195
865 275
865 358
865 434
865 554
865 559
865 619
865 648
865 685
865 792
865 802
865 854
865 884
865 900
865 924
865 936
865 954
865 990
866 332
866 411
866 429
866 460
866 549
866 579
866 585
866 597
866 622
866 737
866 857
866 888
866 935
866 941
866 952
866 956
866 983
866 997
867 249
867 287
867 511
867 542
867 547
867 559
867 664
867 684
867 699
867 733
867 817
867 835
867 862
867 863
867 914
867 927
867 983
867 995
868 183
868 366
868 457
868 574
868 584
868 658
868 670
868 770
868 774
868 895
868 902
868 915
868 970
868 974
868 976
868 979
868 992
868 994
869 134
869 226
869 234
869 246
869 332
869 491
869 507
869 549
869 613
869 654
869 707
869 709
869 796
869 825
869 905
869 923
869 924
869 978
870 6
870 336
870 366
870 475
870 513
870 595
870 643
870 682
870 779
870 812
870 841
870 859
870 862
870 898
870 902
870 912
870 984
870 994
871 239
871 254
871 304
871 378
871 489
871 518
871 694
871 720
871 811
871 823
871 850
871 851
871 880
871 899
871 904
871 957
871 968
871 990
872 40
872 75
872 328
872 474
872 478
872 575
872 594
872 610
872 745
872 781
872 837
872 858
872 860
872 875
872 939
872 946
872 957
872 996
873 73
873 139
873 424
873 567
873 658
873 727
873 743
873 776
873 780
873 810
873 841
873 859
873 884
873 897
873 933
873 942
873 975
873 993
874 4
874 28
874 214
874 231
874 503
874 516
874 593
874 667
874 788
874 822
874 826
874 836
874 887
874 944
874 959
874 982
874 983
874 994
875 37
875 168
875 266
875 438
875 440
875 545
875 607
875 622
875 796
875 806
875 856
875 858
875 872
875 905
875 926
875 935
875 958
875 996
876 595
876 614
876 649
876 725
876 748
876 776
876 788
876 863
876 897
876 904
876 911
876 926
876 933
876 934
876 943
876 950
876 977
876 978
876 989
877 55
877 195
877 572
877 599
877 630
877 701
877 729
877 764
877 806
877 844
877 882
877 934
877 946
877 960
877 964
877 970
877 979
877 981
877 998
878 6
878 140
878 249
878 334
878 357
878 387
878 536
878 541
878 555
878 580
878 626
878 698
878 733
878 932
878 936
878 948
878 952
878 953
878 979
879 15
879 171
879 242
879 274
879 312
879 757
879 775
879 778
879 785
879 796
879 797
879 828
879 835
879 837
879 937
879 965
879 971
879 984
879 991
880 89
880 158
880 172
880 262
880 328
880 344
880 368
880 518
880 522
880 659
880 682
880 772
880 842
880 871
880 914
880 957
880 959
880 966
880 985
881 131
881 173
881 193
881 278
881 290
881 399
881 517
881 625
881 646
881 649
881 678
881 774
881 787
881 833
881 853
881 862
881 882
881 945
881 997
882 170
882 200
882 590
882 696
882 701
882 806
882 877
882 881
882 886
882 911
882 922
882 930
882 934
882 963
882 968
882 970
882 982
882 998
882 999
883 92
883 204
883 234
883 312
883 608
883 680
883 710
883 733
883 775
883 792
883 805
883 836
883 837
883 887
883 933
883 949
883 955
883 977
883 985
884 194
884 291
884 292
884 418
884 561
884 572
884 609
884 686
884 745
884 751
884 798
884 813
884 854
884 865
884 873
884 947
884 959
884 990
884 992
884 993
885 243
885 264
885 316
885 370
885 406
885 531
885 563
885 613
885 669
885 675
885 729
885 783
885 801
885 809
885 923
885 932
885 968
885 977
885 997
885 998
886 16
886 305
886 354
886 413
886 634
886 662
886 753
886 766
886 807
886 814
886 845
886 859
886 882
886 893
886 898
886 912
886 974
886 982
886 988
886 996
887 31
887 36
887 57
887 140
887 280
887 331
887 348
887 636
887 733
887 739
887 744
887 757
887 761
887 795
887 874
887 883
887 895
887 918
887 991
887 992
888 17
888 166
888 315
888 340
888 500
888 626
888 637
888 691
888 738
888 751
888 778
888 866
888 924
888 932
888 948
888 954
888 967
888 969
888 975
888 988
889 180
889 421
889 481
889 567
889 616
889 628
889 645
889 659
889 710
889 743
889 755
889 812
889 832
889 898
889 925
889 943
889 964
889 965
889 969
889 974
890 112
890 161
890 303
890 321
890 326
890 429
890 454
890 640
890 676
890 702
890 722
890 799
890 850
890 898
890 968
890 970
890 972
890 976
890 991
890 995
891 185
891 187
891 302
891 330
891 464
891 470
891 475
891 593
891 761
891 820
891 833
891 853
891 911
891 913
891 920
891 945
891 948
891 983
891 984
891 997
892 18
892 312
892 533
892 539
892 559
892 660
892 750
892 791
892 802
892 808
892 852
892 862
892 895
892 916
892 927
892 965
892 977
892 993
892 995
892 997
893 83
893 98
893 178
893 360
893 449
893 516
893 563
893 566
893 655
893 662
893 694
893 814
893 824
893 886
893 898
893 926
893 941
893 943
893 965
893 981
894 126
894 197
894 233
894 347
894 400
894 496
894 535
894 578
894 664
894 667
894 674
894 722
894 755
894 764
894 774
894 936
894 947
894 953
894 957
894 978
894 981
895 66
895 184
895 231
895 273
895 309
895 402
895 407
895 466
895 473
895 580
895 641
895 718
895 772
895 868
895 887
895 892
895 896
895 909
895 973
895 983
895 992
896 88
896 124
896 210
896 274
896 350
896 536
896 558
896 576
896 603
896 630
896 641
896 661
896 675
896 683
896 718
896 745
896 771
896 783
896 895
896 905
896 970
897 22
897 109
897 127
897 131
897 337
897 402
897 473
897 481
897 506
897 618
897 748
897 829
897 863
897 873
897 876
897 923
897 926
897 950
897 959
897 977
897 994
898 68
898 77
898 134
898 218
898 283
898 375
898 397
898 526
898 655
898 716
898 753
898 766
898 870
898 886
898 889
898 890
898 893
898 915
898 975
898 977
898 992
899 99
899 136
899 197
899 229
899 281
899 308
899 335
899 461
899 582
899 624
899 635
899 668
899 780
899 839
899 871
899 901
899 930
899 962
899 987
899 990
899 996
900 61
900 107
900 253
900 263
900 329
900 386
900 507
900 546
900 619
900 684
900 736
900 766
900 802
900 865
900 913
900 932
900 954
900 956
900 958
900 973
900 985
901 211
901 230
901 289
901 326
901 346
901 446
901 495
901 508
901 545
901 582
901 632
901 790
901 795
901 808
901 899
901 907
901 918
901 928
901 949
901 959
901 991
902 109
902 137
902 151
902 200
902 241
902 331
902 483
902 601
902 656
902 737
902 742
902 750
902 841
902 868
902 870
902 925
902 955
902 979
902 980
902 987
902 990
902 994
903 34
903 152
903 230
903 294
903 322
903 360
903 450
903 528
903 557
903 621
903 737
903 861
903 935
903 941
903 952
903 964
903 968
903 970
903 975
903 976
903 991
903 997
904 109
904 288
904 353
904 547
904 555
904 602
904 702
904 715
904 777
904 794
904 871
904 876
904 914
904 915
904 929
904 952
904 968
904 972
904 974
904 981
904 982
904 998
905 0
905 244
905 317
905 374
905 498
905 513
905 560
905 586
905 685
905 693
905 740
905 760
905 768
905 819
905 835
905 848
905 869
905 875
905 896
905 925
905 978
905 981
905 989
906 51
906 71
906 80
906 127
906 400
906 435
906 459
906 484
906 595
906 600
906 647
906 680
906 747
906 760
906 767
906 805
906 965
906 971
906 978
906 985
906 989
906 991
906 996
907 14
907 30
907 67
907 377
907 402
907 437
907 459
907 479
907 512
907 633
907 671
907 697
907 785
907 790
907 833
907 901
907 908
907 918
907 956
907 962
907 989
907 990
907 998
908 15
908 186
908 252
908 290
908 387
908 404
908 530
908 609
908 666
908 775
908 821
908 864
908 907
908 911
908 920
908 929
908 948
908 954
908 961
908 962
908 981
908 984
908 987
908 997
909 129
909 142
909 250
909 304
909 316
909 346
909 351
909 407
909 556
909 558
909 602
909 603
909 641
909 730
909 745
909 777
909 841
909 895
909 953
909 961
909 965
909 974
909 988
909 999
910 14
910 227
910 292
910 309
910 467
910 509
910 513
910 553
910 627
910 637
910 680
910 693
910 720
910 734
910 776
910 787
910 793
910 827
910 829
910 839
910 920
910 940
910 963
910 978
911 277
911 403
911 466
911 517
911 700
911 706
911 741
911 802
911 824
911 853
911 859
911 876
911 882
911 891
911 908
911 944
911 945
911 948
911 962
911 980
911 984
911 996
911 997
911 999
912 74
912 94
912 134
912 167
912 217
912 283
912 288
912 397
912 403
912 449
912 516
912 634
912 651
912 722
912 766
912 792
912 814
912 816
912 870
912 886
912 950
912 961
912 987
912 990
913 18
913 70
913 195
913 393
913 442
913 450
913 503
913 591
913 601
913 609
913 640
913 771
913 788
913 792
913 802
913 815
913 821
913 891
913 900
913 943
913 954
913 973
913 976
913 989
914 62
914 353
914 398
914 461
914 574
914 602
914 673
914 727
914 749
914 754
914 762
914 788
914 794
914 819
914 834
914 855
914 867
914 880
914 904
914 929
914 936
914 946
914 975
914 989
915 23
915 88
915 145
915 321
915 430
915 461
915 497
915 533
915 536
915 560
915 564
915 604
915 724
915 737
915 777
915 819
915 868
915 898
915 904
915 918
915 924
915 929
915 972
915 993
916 65
916 77
916 152
916 176
916 243
916 386
916 400
916 472
916 482
916 517
916 674
916 703
916 722
916 733
916 763
916 766
916 782
916 864
916 892
916 921
916 929
916 942
916 946
916 960
916 973
917 130
917 160
917 161
917 265
917 333
917 383
917 429
917 539
917 541
917 552
917 565
917 616
917 621
917 622
917 645
917 692
917 697
917 762
917 807
917 839
917 941
917 944
917 955
917 962
917 973
918 76
918 147
918 174
918 207
918 391
918 484
918 500
918 657
918 717
918 784
918 790
918 854
918 887
918 901
918 907
918 915
918 930
918 932
918 939
918 957
918 962
918 973
918 988
918 990
918 995
919 93
919 169
919 214
919 215
919 268
919 286
919 335
919 372
919 441
919 447
919 474
919 617
919 629
919 694
919 744
919 751
919 820
919 834
919 855
919 922
919 938
919 949
919 975
919 977
919 982
920 35
920 112
920 191
920 238
920 283
920 398
920 404
920 432
920 514
920 533
920 586
920 599
920 672
920 732
920 734
920 762
920 849
920 853
920 891
920 908
920 910
920 923
920 928
920 948
920 984
920 997
921 72
921 136
921 188
921 425
921 431
921 505
921 646
921 660
921 665
921 692
921 714
921 715
921 725
921 772
921 844
921 916
921 926
921 929
921 931
921 941
921 947
921 952
921 953
921 988
921 996
921 997
922 99
922 141
922 161
922 215
922 254
922 350
922 469
922 471
922 527
922 547
922 564
922 678
922 706
922 709
922 751
922 756
922 824
922 855
922 858
922 882
922 919
922 931
922 952
922 973
922 982
922 992
923 26
923 74
923 75
923 191
923 203
923 241
923 383
923 391
923 553
923 620
923 656
923 685
923 687
923 798
923 804
923 806
923 818
923 836
923 869
923 885
923 897
923 920
923 927
923 945
923 980
923 999
924 141
924 166
924 208
924 298
924 342
924 344
924 414
924 468
924 485
924 530
924 538
924 544
924 679
924 709
924 739
924 742
924 800
924 818
924 853
924 854
924 855
924 865
924 869
924 888
924 915
924 987
925 154
925 270
925 420
925 513
925 520
925 550
925 578
925 585
925 648
925 662
925 680
925 723
925 743
925 760
925 810
925 848
925 889
925 902
925 905
925 934
925 962
925 971
925 985
925 986
925 989
925 994
926 155
926 158
926 318
926 329
926 337
926 493
926 576
926 612
926 748
926 758
926 809
926 812
926 824
926 829
926 834
926 863
926 875
926 876
926 893
926 897
926 921
926 937
926 950
926 977
926 991
926 995
927 78
927 113
927 338
927 385
927 432
927 445
927 470
927 493
927 631
927 690
927 761
927 817
927 838
927 839
927 843
927 847
927 867
927 892
927 923
927 958
927 963
927 968
927 973
927 983
927 991
927 992
927 995
928 135
928 150
928 169
928 198
928 273
928 299
928 376
928 386
928 451
928 496
928 497
928 507
928 535
928 579
928 606
928 609
928 620
928 736
928 782
928 849
928 901
928 920
928 946
928 989
928 991
928 996
928 998
929 94
929 100
929 232
929 352
929 354
929 428
929 433
929 441
929 486
929 501
929 523
929 532
929 632
929 771
929 788
929 797
929 843
929 854
929 857
929 904
929 908
929 914
929 915
929 916
929 921
929 947
929 990
930 128
930 238
930 245
930 303
930 356
930 373
930 391
930 445
930 508
930 573
930 582
930 631
930 633
930 674
930 697
930 719
930 744
930 748
930 809
930 848
930 882
930 899
930 918
930 939
930 962
930 990
930 995
931 247
931 331
931 429
931 537
931 566
931 625
931 626
931 633
931 645
931 678
931 713
931 765
931 769
931 772
931 775
931 921
931 922
931 933
931 944
931 947
931 950
931 952
931 953
931 962
931 964
931 968
931 971
932 209
932 245
932 302
932 315
932 343
932 521
932 607
932 652
932 653
932 691
932 710
932 757
932 773
932 803
932 805
932 811
932 839
932 858
932 878
932 885
932 888
932 900
932 918
932 957
932 961
932 967
932 969
933 198
933 227
933 329
933 359
933 411
933 440
933 455
933 676
933 679
933 727
933 748
933 755
933 823
933 841
933 843
933 873
933 876
933 883
933 931
933 936
933 959
933 963
933 973
933 986
933 990
933 992
933 995
934 148
934 239
934 306
934 323
934 347
934 446
934 468
934 496
934 644
934 681
934 696
934 756
934 775
934 781
934 784
934 844
934 850
934 876
934 877
934 882
934 925
934 951
934 960
934 966
934 970
934 982
934 998
935 169
935 181
935 313
935 327
935 475
935 549
935 558
935 571
935 609
935 612
935 666
935 678
935 702
935 721
935 823
935 834
935 837
935 857
935 866
935 875
935 903
935 941
935 956
935 975
935 977
935 997
935 998
936 182
936 190
936 488
936 547
936 562
936 675
936 679
936 705
936 752
936 761
936 770
936 776
936 823
936 841
936 850
936 864
936 865
936 878
936 894
936 914
936 933
936 938
936 958
936 959
936 982
936 993
936 996
937 25
937 105
937 219
937 330
937 393
937 419
937 448
937 504
937 587
937 612
937 627
937 650
937 657
937 700
937 745
937 804
937 823
937 832
937 879
937 926
937 939
937 940
937 949
937 951
937 963
937 965
937 990
938 2
938 54
938 61
938 305
938 363
938 419
938 450
938 663
938 667
938 696
938 706
938 712
938 751
938 756
938 757
938 789
938 811
938 827
938 855
938 919
938 936
938 942
938 955
938 982
938 986
938 989
938 992
939 149
939 184
939 463
939 520
939 592
939 621
939 680
939 729
939 756
939 759
939 760
939 765
939 782
939 804
939 809
939 822
939 832
939 839
939 872
939 918
939 930
939 937
939 940
939 956
939 963
939 977
939 981
940 25
940 40
940 412
940 440
940 470
940 493
940 520
940 550
940 571
940 631
940 673
940 728
940 729
940 732
940 765
940 824
940 839
940 845
940 910
940 937
940 939
940 963
940 969
940 974
940 978
940 983
940 995
941 67
941 290
941 323
941 378
941 430
941 486
941 526
941 608
941 621
941 665
941 678
941 801
941 815
941 853
941 866
941 893
941 903
941 917
941 921
941 935
941 943
941 952
941 956
941 966
941 975
941 992
941 993
941 995
942 58
942 129
942 224
942 285
942 347
942 376
942 451
942 488
942 556
942 575
942 578
942 593
942 647
942 677
942 687
942 725
942 760
942 762
942 764
942 804
942 849
942 873
942 916
942 938
942 946
942 947
942 973
942 995
943 228
943 287
943 328
943 442
943 474
943 606
943 647
943 671
943 806
943 834
943 840
943 841
943 850
943 854
943 857
943 861
943 876
943 889
943 893
943 913
943 941
943 953
943 956
943 957
943 972
943 975
943 979
943 983
943 985
944 31
944 41
944 128
944 336
944 395
944 399
944 487
944 524
944 545
944 667
944 708
944 732
944 740
944 813
944 822
944 826
944 830
944 850
944 856
944 863
944 874
944 911
944 917
944 931
944 959
944 983
944 985
944 986
944 992
945 183
945 293
945 364
945 416
945 469
945 474
945 485
945 510
945 569
945 642
945 708
945 733
945 734
945 781
945 808
945 838
945 853
945 859
945 881
945 891
945 911
945 923
945 959
945 967
945 969
945 976
945 978
945 984
945 997
946 74
946 96
946 242
946 249
946 263
946 266
946 280
946 348
946 372
946 438
946 452
946 454
946 648
946 682
946 687
946 695
946 720
946 762
946 816
946 858
946 872
946 877
946 914
946 916
946 928
946 942
946 958
946 992
946 996
947 192
947 247
947 269
947 303
947 310
947 609
947 659
947 683
947 686
947 698
947 715
947 749
947 751
947 763
947 769
947 778
947 781
947 884
947 894
947 921
947 929
947 931
947 942
947 953
947 967
947 970
947 983
947 988
947 993
948 47
948 186
948 296
948 299
948 312
948 408
948 448
948 457
948 537
948 540
948 589
948 648
948 698
948 723
948 734
948 792
948 853
948 878
948 888
948 891
948 908
948 911
948 920
948 952
948 968
948 984
948 990
948 992
948 997
949 168
949 181
949 205
949 297
949 399
949 412
949 413
949 473
949 487
949 527
949 592
949 598
949 611
949 671
949 701
949 703
949 711
949 786
949 813
949 828
949 847
949 883
949 901
949 919
949 937
949 951
949 957
949 985
949 997
949 999
950 24
950 58
950 65
950 69
950 131
950 236
950 365
950 373
950 430
950 557
950 576
950 594
950 600
950 602
950 649
950 774
950 829
950 830
950 863
950 876
950 897
950 912
950 926
950 931
950 965
950 973
950 977
950 987
950 989
950 996
951 76
951 94
951 181
951 205
951 210
951 252
951 253
951 375
951 393
951 395
951 493
951 540
951 548
951 551
951 569
951 613
951 642
951 706
951 741
951 752
951 764
951 786
951 819
951 821
951 856
951 934
951 937
951 949
951 978
951 980
951 993
952 43
952 191
952 240
952 395
952 417
952 475
952 490
952 527
952 605
952 609
952 610
952 670
952 713
952 736
952 737
952 776
952 826
952 866
952 878
952 903
952 904
952 921
952 922
952 931
952 941
952 948
952 961
952 963
952 969
952 975
952 996
953 27
953 173
953 177
953 251
953 330
953 343
953 407
953 416
953 443
953 518
953 529
953 537
953 691
953 714
953 743
953 748
953 769
953 799
953 838
953 844
953 859
953 878
953 894
953 909
953 921
953 931
953 943
953 947
953 964
953 982
953 988
954 165
954 240
954 301
954 310
954 316
954 411
954 450
954 488
954 584
954 593
954 601
954 652
954 685
954 687
954 715
954 736
954 771
954 816
954 821
954 851
954 855
954 865
954 888
954 900
954 908
954 913
954 958
954 971
954 972
954 974
954 978
955 124
955 373
955 379
955 381
955 505
955 521
955 543
955 608
955 643
955 666
955 727
955 729
955 741
955 744
955 753
955 785
955 796
955 813
955 825
955 834
955 838
955 847
955 851
955 883
955 902
955 917
955 938
955 965
955 976
955 978
955 991
956 132
956 300
956 303
956 475
956 528
956 584
956 597
956 665
956 728
956 734
956 736
956 755
956 763
956 767
956 815
956 840
956 846
956 861
956 866
956 900
956 907
956 935
956 939
956 941
956 943
956 969
956 975
956 986
956 989
956 997
956 998
957 21
957 97
957 114
957 145
957 151
957 202
957 219
957 277
957 396
957 451
957 470
957 677
957 690
957 694
957 720
957 742
957 811
957 820
957 857
957 858
957 862
957 871
957 872
957 880
957 894
957 918
957 932
957 943
957 949
957 966
957 967
957 975
958 45
958 72
958 187
958 221
958 236
958 308
958 327
958 430
958 450
958 511
958 514
958 545
958 610
958 622
958 682
958 683
958 729
958 741
958 770
958 791
958 858
958 860
958 875
958 900
958 927
958 936
958 946
958 954
958 980
958 984
958 995
958 996
958 998
959 20
959 99
959 130
959 198
959 293
959 333
959 350
959 397
959 434
959 439
959 441
959 589
959 658
959 686
959 726
959 769
959 799
959 815
959 850
959 858
959 874
959 880
959 884
959 897
959 901
959 933
959 936
959 944
959 945
959 982
959 984
959 992
959 993
959 999
960 22
960 90
960 91
960 140
960 144
960 178
960 319
960 377
960 439
960 446
960 480
960 509
960 510
960 615
960 664
960 693
960 720
960 769
960 778
960 782
960 806
960 817
960 838
960 844
960 848
960 857
960 877
960 916
960 934
960 964
960 970
960 977
960 991
960 998
961 0
961 14
961 73
961 129
961 157
961 199
961 208
961 254
961 306
961 370
961 376
961 404
961 561
961 661
961 683
961 688
961 704
961 707
961 768
961 777
961 800
961 825
961 852
961 854
961 908
961 909
961 912
961 932
961 952
961 966
961 969
961 979
961 983
961 986
962 5
962 84
962 93
962 168
962 174
962 269
962 276
962 319
962 392
962 495
962 515
962 527
962 573
962 582
962 596
962 643
962 645
962 657
962 722
962 732
962 777
962 806
962 836
962 858
962 899
962 907
962 908
962 911
962 917
962 918
962 925
962 930
962 931
962 981
962 996
963 53
963 139
963 150
963 180
963 213
963 258
963 460
963 467
963 516
963 556
963 570
963 582
963 604
963 612
963 646
963 669
963 712
963 731
963 749
963 787
963 814
963 824
963 831
963 863
963 882
963 910
963 927
963 933
963 937
963 939
963 940
963 952
963 978
963 979
963 981
963 999
964 13
964 27
964 49
964 110
964 194
964 237
964 272
964 339
964 494
964 531
964 537
964 539
964 557
964 633
964 666
964 683
964 692
964 700
964 719
964 734
964 763
964 769
964 781
964 801
964 852
964 864
964 877
964 889
964 903
964 931
964 953
964 960
964 978
964 986
964 988
964 999
965 48
965 259
965 383
965 446
965 466
965 548
965 560
965 562
965 585
965 588
965 594
965 636
965 648
965 691
965 722
965 783
965 821
965 828
965 848
965 853
965 858
965 879
965 889
965 892
965 893
965 906
965 909
965 937
965 950
965 955
965 971
965 981
965 985
965 994
965 995
965 996
965 998
966 46
966 50
966 88
966 144
966 167
966 199
966 209
966 251
966 420
966 433
966 523
966 590
966 686
966 688
966 694
966 704
966 705
966 714
966 726
966 768
966 810
966 825
966 835
966 880
966 934
966 941
966 957
966 961
966 971
966 979
966 984
966 986
966 988
966 990
966 995
966 996
966 999
967 13
967 17
967 29
967 229
967 257
967 263
967 268
967 279
967 288
967 407
967 414
967 427
967 442
967 458
967 607
967 623
967 637
967 691
967 721
967 730
967 738
967 749
967 803
967 805
967 817
967 863
967 888
967 932
967 945
967 947
967 957
967 968
967 969
967 980
967 986
967 990
967 994
968 185
968 187
968 309
968 321
968 338
968 352
968 452
968 455
968 465
968 507
968 605
968 640
968 666
968 679
968 681
968 694
968 702
968 708
968 716
968 721
968 750
968 797
968 808
968 838
968 871
968 882
968 885
968 890
968 903
968 904
968 927
968 931
968 948
968 967
968 970
968 992
968 994
969 33
969 61
969 213
969 245
969 257
969 298
969 301
969 388
969 391
969 410
969 414
969 416
969 487
969 576
969 584
969 586
969 607
969 621
969 622
969 638
969 691
969 728
969 738
969 749
969 766
969 803
969 813
969 888
969 889
969 932
969 940
969 945
969 952
969 956
969 961
969 967
969 986
970 41
970 121
970 178
970 256
970 262
970 264
970 324
970 332
970 458
970 502
970 509
970 529
970 552
970 587
970 644
970 688
970 696
970 701
970 706
970 712
970 771
970 806
970 831
970 868
970 877
970 882
970 890
970 896
970 903
970 934
970 947
970 960
970 968
970 977
970 980
970 986
970 994
970 998
971 69
971 132
971 191
971 259
971 314
971 338
971 415
971 464
971 483
971 536
971 562
971 641
971 689
971 695
971 696
971 721
971 738
971 746
971 747
971 766
971 770
971 778
971 783
971 805
971 822
971 848
971 879
971 906
971 925
971 931
971 954
971 965
971 966
971 981
971 982
971 985
971 989
971 994
972 7
972 8
972 94
972 128
972 153
972 206
972 255
972 340
972 419
972 442
972 482
972 518
972 532
972 536
972 562
972 598
972 604
972 616
972 631
972 639
972 648
972 681
972 724
972 751
972 754
972 786
972 788
972 794
972 854
972 860
972 890
972 904
972 915
972 943
972 954
972 978
972 981
972 995
973 114
973 141
973 285
973 333
973 360
973 389
973 403
973 467
973 481
973 507
973 512
973 529
973 556
973 561
973 580
973 597
973 616
973 628
973 645
973 701
973 710
973 776
973 784
973 807
973 815
973 863
973 895
973 900
973 913
973 916
973 917
973 918
973 922
973 927
973 933
973 942
973 950
973 984
973 987
974 97
974 143
974 151
974 289
974 296
974 345
974 382
974 383
974 417
974 513
974 532
974 545
974 553
974 592
974 618
974 627
974 650
974 680
974 731
974 761
974 765
974 768
974 779
974 787
974 811
974 827
974 832
974 839
974 849
974 868
974 886
974 889
974 904
974 909
974 940
974 954
974 978
974 990
974 992
975 10
975 32
975 59
975 79
975 119
975 132
975 219
975 237
975 276
975 281
975 328
975 337
975 458
975 528
975 560
975 621
975 630
975 647
975 678
975 708
975 723
975 739
975 799
975 808
975 833
975 834
975 861
975 873
975 888
975 898
975 903
975 914
975 919
975 935
975 941
975 943
975 952
975 956
975 957
976 20
976 58
976 136
976 146
976 176
976 203
976 335
976 352
976 401
976 456
976 543
976 574
976 575
976 579
976 613
976 624
976 627
976 644
976 698
976 700
976 714
976 718
976 726
976 749
976 760
976 772
976 780
976 850
976 864
976 868
976 890
976 903
976 913
976 945
976 955
976 986
976 992
976 993
976 994
976 995
977 49
977 64
977 91
977 117
977 155
977 321
977 367
977 373
977 519
977 522
977 542
977 549
977 576
977 579
977 649
977 669
977 712
977 740
977 748
977 758
977 787
977 790
977 801
977 829
977 843
977 863
977 876
977 883
977 885
977 892
977 897
977 898
977 919
977 926
977 935
977 939
977 950
977 960
977 970
977 978
978 47
978 52
978 79
978 139
978 254
978 267
978 292
978 376
978 524
978 544
978 571
978 623
978 650
978 674
978 717
978 765
978 766
978 779
978 804
978 827
978 831
978 832
978 869
978 876
978 894
978 905
978 906
978 910
978 940
978 945
978 951
978 954
978 955
978 963
978 964
978 972
978 974
978 977
978 983
978 993
979 78
979 90
979 138
979 207
979 218
979 223
979 225
979 270
979 336
979 369
979 378
979 382
979 413
979 417
979 421
979 468
979 513
979 543
979 556
979 575
979 605
979 644
979 676
979 683
979 700
979 778
979 812
979 845
979 864
979 868
979 877
979 878
979 902
979 943
979 961
979 963
979 966
979 983
979 991
979 994
979 997
980 37
980 43
980 58
980 111
980 193
980 268
980 317
980 405
980 424
980 437
980 501
980 553
980 574
980 589
980 614
980 620
980 656
980 661
980 687
980 705
980 708
980 743
980 745
980 760
980 774
980 798
980 800
980 814
980 818
980 821
980 824
980 836
980 902
980 911
980 923
980 951
980 958
980 967
980 970
980 993
980 999
981 5
981 10
981 73
981 206
981 299
981 398
981 415
981 418
981 472
981 484
981 500
981 504
981 588
981 616
981 618
981 620
981 634
981 740
981 744
981 747
981 754
981 765
981 767
981 778
981 791
981 795
981 848
981 877
981 893
981 894
981 904
981 905
981 908
981 939
981 962
981 963
981 965
981 971
981 972
981 986
981 999
982 19
982 38
982 66
982 186
982 201
982 222
982 305
982 318
982 331
982 398
982 443
982 451
982 453
982 471
982 519
982 547
982 631
982 663
982 751
982 756
982 768
982 789
982 798
982 819
982 821
982 834
982 836
982 855
982 874
982 882
982 886
982 904
982 919
982 922
982 934
982 936
982 938
982 953
982 959
982 971
982 988
982 996
983 22
983 39
983 128
983 257
983 371
983 399
983 493
983 497
983 503
983 522
983 534
983 544
983 568
983 593
983 667
983 675
983 708
983 730
983 732
983 779
983 795
983 822
983 826
983 830
983 856
983 866
983 867
983 874
983 891
983 895
983 927
983 940
983 943
983 944
983 947
983 961
983 978
983 979
983 985
983 987
983 990
983 993
984 6
984 9
984 16
984 90
984 223
984 238
984 358
984 403
984 408
984 410
984 415
984 457
984 520
984 552
984 572
984 611
984 660
984 724
984 738
984 781
984 788
984 804
984 819
984 833
984 859
984 861
984 870
984 879
984 891
984 908
984 911
984 920
984 945
984 948
984 958
984 959
984 966
984 973
984 991
984 994
984 997
984 999
985 56
985 71
985 159
985 235
985 319
985 415
985 466
985 468
985 520
985 538
985 567
985 568
985 602
985 604
985 630
985 695
985 711
985 740
985 747
985 760
985 767
985 783
985 801
985 804
985 812
985 831
985 842
985 860
985 880
985 883
985 900
985 906
985 925
985 943
985 944
985 949
985 965
985 971
985 983
985 989
985 992
985 993
985 995
986 40
986 144
986 217
986 265
986 295
986 306
986 325
986 358
986 420
986 433
986 436
986 448
986 482
986 524
986 531
986 587
986 614
986 661
986 684
986 707
986 728
986 747
986 782
986 794
986 800
986 810
986 825
986 856
986 925
986 933
986 938
986 944
986 956
986 961
986 964
986 966
986 967
986 969
986 970
986 976
986 981
986 987
986 993
987 9
987 34
987 61
987 112
987 185
987 265
987 355
987 389
987 407
987 421
987 429
987 438
987 464
987 469
987 495
987 512
987 541
987 556
987 567
987 591
987 597
987 598
987 627
987 628
987 639
987 682
987 701
987 743
987 754
987 759
987 784
987 806
987 899
987 902
987 908
987 912
987 924
987 950
987 973
987 983
987 986
987 993
987 994
988 13
988 55
988 83
988 121
988 269
988 272
988 285
988 331
988 343
988 444
988 492
988 506
988 571
988 582
988 616
988 628
988 633
988 652
988 683
988 684
988 692
988 704
988 714
988 715
988 759
988 767
988 769
988 782
988 842
988 847
988 850
988 854
988 886
988 888
988 909
988 918
988 921
988 947
988 953
988 964
988 966
988 982
988 989
988 990
989 8
989 10
989 13
989 52
989 76
989 107
989 110
989 148
989 270
989 284
989 383
989 426
989 494
989 504
989 521
989 535
989 560
989 602
989 649
989 695
989 707
989 726
989 778
989 789
989 816
989 838
989 848
989 858
989 876
989 905
989 906
989 907
989 913
989 914
989 925
989 928
989 938
989 950
989 956
989 971
989 985
989 988
989 998
989 999
990 96
990 127
990 271
990 281
990 289
990 308
990 372
990 392
990 459
990 495
990 508
990 527
990 532
990 542
990 573
990 594
990 596
990 697
990 717
990 752
990 782
990 793
990 815
990 826
990 833
990 836
990 865
990 871
990 884
990 899
990 902
990 907
990 912
990 918
990 929
990 930
990 933
990 937
990 948
990 966
990 967
990 974
990 983
990 988
991 45
991 72
991 146
991 154
991 241
991 242
991 279
991 301
991 302
991 314
991 357
991 405
991 433
991 506
991 558
991 567
991 570
991 608
991 645
991 662
991 665
991 666
991 690
991 719
991 733
991 741
991 744
991 775
991 802
991 813
991 837
991 861
991 879
991 887
991 890
991 901
991 903
991 906
991 926
991 927
991 928
991 955
991 960
991 979
991 984
992 11
992 59
992 163
992 204
992 291
992 410
992 435
992 439
992 464
992 473
992 494
992 550
992 561
992 575
992 589
992 656
992 690
992 725
992 726
992 746
992 755
992 776
992 799
992 805
992 853
992 868
992 884
992 887
992 895
992 898
992 922
992 927
992 933
992 938
992 941
992 944
992 946
992 948
992 959
992 968
992 974
992 976
992 985
992 993
992 998
993 85
993 142
993 182
993 185
993 194
993 205
993 418
993 440
993 479
993 550
993 561
993 565
993 569
993 591
993 628
993 654
993 686
993 695
993 700
993 726
993 743
993 752
993 755
993 763
993 776
993 784
993 799
993 816
993 823
993 833
993 841
993 873
993 884
993 892
993 915
993 936
993 941
993 947
993 951
993 959
993 976
993 978
993 980
993 983
993 985
993 986
993 987
993 992
994 6
994 81
994 88
994 101
994 106
994 115
994 137
994 138
994 279
994 311
994 511
994 523
994 566
994 574
994 581
994 594
994 595
994 647
994 672
994 700
994 728
994 737
994 742
994 746
994 761
994 780
994 787
994 809
994 812
994 826
994 832
994 837
994 864
994 868
994 870
994 874
994 897
994 902
994 925
994 965
994 967
994 968
994 970
994 971
994 976
994 979
994 984
994 987
995 12
995 23
995 38
995 92
995 98
995 120
995 143
995 367
995 380
995 385
995 423
995 426
995 445
995 511
995 542
995 590
995 618
995 641
995 660
995 668
995 712
995 721
995 750
995 769
995 784
995 817
995 851
995 852
995 853
995 862
995 867
995 890
995 892
995 918
995 926
995 927
995 930
995 933
995 940
995 941
995 942
995 958
995 965
995 966
995 972
995 976
995 985
995 999
996 74
996 75
996 124
996 159
996 202
996 221
996 236
996 242
996 244
996 325
996 353
996 372
996 384
996 410
996 445
996 480
996 514
996 545
996 622
996 646
996 651
996 682
996 696
996 714
996 718
996 768
996 772
996 788
996 826
996 839
996 858
996 860
996 872
996 875
996 886
996 899
996 906
996 911
996 921
996 928
996 936
996 946
996 950
996 952
996 958
996 962
996 965
996 966
996 982
997 15
997 21
997 116
997 123
997 162
997 173
997 267
997 270
997 278
997 312
997 349
997 408
997 416
997 444
997 503
997 528
997 559
997 582
997 596
997 620
997 673
997 696
997 771
997 775
997 784
997 797
997 808
997 810
997 831
997 833
997 855
997 859
997 866
997 881
997 885
997 891
997 892
997 903
997 908
997 911
997 920
997 921
997 935
997 945
997 948
997 949
997 956
997 979
997 984
998 54
998 87
998 90
998 91
998 114
998 121
998 170
998 262
998 319
998 323
998 338
998 377
998 406
998 468
998 509
998 559
998 644
998 646
998 674
998 684
998 696
998 701
998 703
998 739
998 784
998 806
998 807
998 830
998 832
998 835
998 844
998 846
998 848
998 856
998 877
998 882
998 885
998 904
998 907
998 928
998 934
998 935
998 956
998 958
998 960
998 965
998 970
998 989
998 992
999 26
999 60
999 84
999 111
999 148
999 250
999 251
999 293
999 317
999 377
999 424
999 437
999 477
999 501
999 520
999 553
999 607
999 614
999 616
999 620
999 627
999 629
999 656
999 660
999 669
999 687
999 707
999 717
999 718
999 734
999 798
999 818
999 819
999 824
999 836
999 882
999 909
999 911
999 923
999 949
999 959
999 963
999 964
999 966
999 980
999 981
999 984
999 989
999 995
