0 948
0 964
0 993
0 997
1 764
1 924
1 957
1 997
2 908
2 960
2 979
2 990
3 659
3 828
3 917
3 922
4 403
4 805
4 935
4 939
5 958
5 962
5 966
5 974
6 862
6 988
6 992
6 996
7 350
7 834
7 871
7 877
8 981
8 983
8 988
8 996
9 795
9 804
9 945
9 954
10 390
10 964
10 969
10 975
11 159
11 565
11 735
11 768
12 770
12 849
12 969
12 975
13 725
13 752
13 803
13 893
14 554
14 866
14 962
14 972
15 140
15 847
15 920
15 946
16 333
16 809
16 876
16 929
17 387
17 408
17 925
17 950
18 866
18 900
18 966
18 974
19 982
19 989
19 994
19 999
20 890
20 912
20 953
20 991
21 907
21 948
21 987
21 997
22 952
22 965
22 980
22 995
23 960
23 977
23 979
23 990
24 98
24 322
24 701
24 873
25 684
25 697
25 776
25 901
26 910
26 918
26 922
26 927
27 241
27 318
27 482
27 664
28 511
28 605
28 959
28 992
29 557
29 971
29 985
29 986
30 307
30 448
30 882
30 901
31 875
31 891
31 898
31 921
32 361
32 364
32 753
32 993
33 937
33 981
33 992
33 996
34 928
34 958
34 962
34 966
35 469
35 547
35 945
35 954
36 827
36 919
36 964
36 969
37 406
37 537
37 895
37 901
38 289
38 847
38 852
38 905
39 874
39 960
39 977
39 990
40 709
40 826
40 896
40 961
41 284
41 855
41 953
41 991
42 435
42 665
42 692
42 819
43 477
43 867
43 883
43 959
44 795
44 913
44 987
44 997
45 756
45 931
45 980
45 995
46 832
46 936
46 956
46 967
47 647
47 924
47 946
47 957
48 493
48 816
48 843
48 925
49 804
49 847
49 945
49 954
50 900
50 958
50 972
50 974
51 912
51 971
51 985
51 986
52 492
52 582
52 964
52 975
53 678
53 779
53 867
53 950
54 628
54 800
54 985
54 986
55 514
55 728
55 776
55 882
56 847
56 879
56 903
56 905
57 550
57 664
57 676
57 823
58 904
58 931
58 985
58 986
59 720
59 968
59 980
59 995
60 653
60 701
60 873
60 939
61 841
61 947
61 973
61 991
62 647
62 920
62 924
62 946
63 820
63 848
63 971
63 986
64 130
64 837
64 841
64 916
65 976
65 989
65 994
65 999
66 978
66 989
66 994
66 999
67 653
67 805
67 829
67 859
68 146
68 540
68 686
68 874
69 981
69 983
69 988
69 996
70 917
70 918
70 922
70 926
71 925
71 965
71 980
71 995
72 170
72 482
72 823
72 853
73 958
73 962
73 966
73 972
74 318
74 664
74 768
74 823
75 472
75 721
75 891
75 921
76 919
76 964
76 969
76 975
77 474
77 690
77 692
77 846
78 523
78 881
78 962
78 972
79 952
79 965
79 980
79 995
80 665
80 854
80 945
80 954
81 852
81 886
81 903
81 905
82 978
82 982
82 994
82 999
83 762
83 940
83 984
83 998
84 928
84 958
84 972
84 974
85 545
85 982
85 994
85 999
86 278
86 578
86 945
86 954
87 637
87 751
87 888
87 961
88 296
88 663
88 892
88 906
89 818
89 920
89 946
89 957
90 254
90 746
90 916
90 949
91 253
91 960
91 979
91 990
92 490
92 919
92 964
92 975
93 838
93 920
93 946
93 957
94 179
94 256
94 729
94 887
95 766
95 775
95 984
95 998
96 403
96 653
96 859
96 939
97 328
97 685
97 942
97 998
98 24
98 293
98 653
98 859
99 635
99 917
99 926
99 927
100 279
100 863
100 909
100 961
101 978
101 989
101 994
101 999
102 867
102 883
102 946
102 959
103 158
103 310
103 740
103 851
104 881
104 900
104 966
104 974
105 764
105 838
105 946
105 957
106 660
106 834
106 889
106 936
107 915
107 963
107 984
107 998
108 923
108 987
108 993
108 997
109 591
109 701
109 829
109 939
110 602
110 822
110 949
110 967
111 117
111 983
111 988
111 996
112 548
112 816
112 894
112 950
113 952
113 965
113 980
113 995
114 850
114 894
114 950
114 959
115 827
115 964
115 969
115 975
116 839
116 924
116 946
116 957
117 111
117 925
117 950
117 959
118 356
118 639
118 896
118 961
119 454
119 987
119 993
119 997
120 489
120 928
120 972
120 974
121 637
121 736
121 826
121 888
122 977
122 978
122 989
122 999
123 779
123 987
123 993
123 997
124 706
124 741
124 918
124 944
125 676
125 700
125 728
125 776
126 902
126 949
126 956
126 967
127 913
127 987
127 993
127 997
128 417
128 430
128 753
128 871
129 598
129 931
129 968
129 995
130 64
130 665
130 842
130 916
131 901
131 960
131 977
131 979
132 417
132 871
132 877
132 974
133 905
133 920
133 946
133 957
134 329
134 803
134 817
134 893
135 576
135 751
135 772
135 887
136 753
136 834
136 871
136 877
137 851
137 962
137 972
137 974
138 807
138 852
138 864
138 903
139 459
139 637
139 704
139 898
140 15
140 838
140 839
140 957
141 922
141 926
141 944
141 986
142 765
142 977
142 979
142 990
143 303
143 446
143 672
143 906
144 667
144 942
144 963
144 984
145 479
145 689
145 825
145 876
146 68
146 190
146 873
146 939
147 960
147 977
147 979
147 990
148 960
148 977
148 979
148 990
149 902
149 936
149 956
149 967
150 706
150 971
150 985
150 986
151 158
151 981
151 983
151 992
152 960
152 977
152 979
152 990
153 524
153 599
153 881
153 916
154 623
154 673
154 844
154 897
155 931
155 952
155 968
155 995
156 813
156 947
156 953
156 991
157 798
157 802
157 851
157 858
158 103
158 151
158 419
158 814
159 11
159 768
159 787
159 853
160 782
160 808
160 809
160 850
161 952
161 980
161 987
161 995
162 977
162 981
162 988
162 996
163 831
163 917
163 927
163 944
164 717
164 918
164 922
164 927
165 943
165 971
165 985
165 986
166 981
166 988
166 992
166 996
167 948
167 951
167 993
167 997
168 846
168 976
168 982
168 999
169 864
169 879
169 903
169 905
170 72
170 382
170 823
170 853
171 941
171 988
171 992
171 996
172 662
172 760
172 892
172 906
173 174
173 724
173 729
173 846
174 173
174 690
174 724
174 846
175 381
175 891
175 898
175 921
176 976
176 982
176 994
176 999
177 778
177 817
177 884
177 893
178 456
178 801
178 825
178 929
179 94
179 772
179 846
179 887
180 605
180 697
180 925
180 950
181 671
181 740
181 798
181 851
182 774
182 882
182 895
182 901
183 565
183 670
183 787
183 823
184 482
184 589
184 661
184 823
185 929
185 968
185 980
185 995
186 811
186 932
186 963
186 998
187 504
187 909
187 928
187 961
188 416
188 673
188 729
188 887
189 859
189 874
189 915
189 939
190 146
190 829
190 873
190 939
191 885
191 983
191 992
191 996
192 889
192 902
192 949
192 967
193 899
193 963
193 984
193 998
194 902
194 936
194 949
194 967
195 894
195 953
195 973
195 991
196 551
196 553
196 774
196 895
197 451
197 888
197 909
197 961
198 710
198 852
198 864
198 903
199 915
199 951
199 993
199 997
200 843
200 867
200 883
200 950
201 943
201 971
201 985
201 986
202 272
202 583
202 945
202 954
203 416
203 498
203 860
203 959
204 912
204 968
204 980
204 995
205 337
205 960
205 977
205 990
206 329
206 732
206 810
206 817
207 322
207 653
207 874
207 939
208 618
208 902
208 949
208 967
209 313
209 978
209 994
209 999
210 868
210 953
210 973
210 991
211 511
211 883
211 925
211 950
212 818
212 883
212 924
212 957
213 627
213 964
213 969
213 975
214 579
214 643
214 733
214 799
215 737
215 810
215 863
215 961
216 666
216 952
216 968
216 973
217 536
217 662
217 685
217 698
218 670
218 735
218 853
218 854
219 983
219 988
219 992
219 996
220 345
220 968
220 980
220 995
221 930
221 947
221 991
221 995
222 522
222 964
222 969
222 977
223 826
223 863
223 896
223 960
224 960
224 977
224 979
224 990
225 822
225 902
225 949
225 967
226 681
226 971
226 985
226 986
227 931
227 945
227 952
227 995
228 752
228 778
228 884
228 893
229 769
229 936
229 949
229 956
229 967
230 773
230 782
230 928
230 966
230 972
231 377
231 455
231 606
231 753
231 834
232 283
232 387
232 816
232 959
232 986
233 738
233 827
233 849
233 969
233 975
234 828
234 917
234 926
234 927
234 944
235 271
235 703
235 801
235 929
235 978
236 410
236 932
236 963
236 968
236 998
237 635
237 828
237 831
237 922
237 944
238 622
238 689
238 754
238 876
238 880
239 640
239 982
239 989
239 994
239 999
240 352
240 655
240 880
240 891
240 898
241 27
241 589
241 670
241 787
241 853
242 970
242 976
242 989
242 994
242 999
243 738
243 863
243 896
243 909
243 961
244 508
244 793
244 941
244 951
244 997
245 304
245 693
245 758
245 795
245 911
246 875
246 878
246 880
246 898
246 921
247 759
247 815
247 977
247 979
247 990
248 981
248 983
248 988
248 992
248 996
249 336
249 397
249 617
249 691
249 954
250 976
250 978
250 982
250 994
250 999
251 666
251 881
251 897
251 958
251 966
252 515
252 683
252 826
252 984
252 998
253 91
253 960
253 977
253 979
253 990
254 90
254 669
254 837
254 916
254 953
255 941
255 981
255 988
255 992
255 996
256 94
256 282
256 576
256 772
256 887
257 796
257 930
257 973
257 979
257 991
258 844
258 976
258 989
258 994
258 999
259 497
259 919
259 964
259 969
259 975
260 496
260 822
260 936
260 956
260 967
261 931
261 952
261 965
261 980
261 995
262 952
262 960
262 965
262 980
262 995
263 814
263 960
263 977
263 979
263 990
264 403
264 859
264 873
264 874
264 939
265 684
265 700
265 882
265 895
265 901
266 645
266 778
266 792
266 884
266 893
267 711
267 917
267 922
267 927
267 944
268 488
268 928
268 964
268 969
268 975
269 415
269 873
269 874
269 897
269 939
270 715
270 943
270 966
270 985
270 986
271 235
271 512
271 809
271 825
271 876
272 202
272 630
272 943
272 945
272 954
273 550
273 565
273 823
273 853
273 944
274 280
274 514
274 676
274 882
274 895
275 591
275 855
275 890
275 947
275 991
276 659
276 932
276 963
276 984
276 998
277 889
277 936
277 956
277 967
277 996
278 86
278 628
278 854
278 945
278 954
279 100
279 556
279 863
279 888
279 896
280 274
280 857
280 987
280 993
280 997
281 384
281 700
281 728
281 774
281 901
282 256
282 751
282 772
282 846
282 887
283 232
283 466
283 475
283 833
283 843
284 41
284 946
284 947
284 973
284 991
285 498
285 684
285 700
285 774
285 895
286 565
286 589
286 661
286 735
286 853
287 649
287 942
287 963
287 984
287 998
288 441
288 602
288 792
288 884
288 893
289 38
289 392
289 468
289 834
289 871
290 847
290 864
290 879
290 903
290 905
291 763
291 842
291 935
291 943
291 985
292 459
292 875
292 891
292 898
292 921
293 98
293 330
293 829
293 873
293 939
294 978
294 982
294 989
294 994
294 999
295 550
295 661
295 735
295 787
295 853
296 88
296 698
296 760
296 892
296 906
297 970
297 976
297 989
297 994
297 999
298 322
298 415
298 533
298 727
298 874
299 650
299 721
299 875
299 921
299 966
300 412
300 719
300 965
300 968
300 995
301 822
301 936
301 946
301 949
301 956
302 820
302 904
302 943
302 985
302 986
303 143
303 542
303 662
303 712
303 892
304 245
304 872
304 981
304 992
304 996
305 646
305 943
305 971
305 985
305 986
306 812
306 889
306 936
306 956
306 967
307 30
307 700
307 880
307 882
307 901
308 831
308 845
308 910
308 917
308 944
309 584
309 764
309 924
309 946
309 957
310 103
310 419
310 535
310 671
310 798
311 783
311 806
311 827
311 969
311 975
312 590
312 756
312 881
312 962
312 974
313 209
313 818
313 920
313 946
313 957
314 843
314 951
314 987
314 993
314 997
315 688
315 931
315 965
315 968
315 980
316 630
316 804
316 805
316 945
316 954
317 806
317 827
317 964
317 969
317 975
318 27
318 74
318 382
318 589
318 993
319 645
319 732
319 803
319 817
319 884
320 639
320 813
320 868
320 912
320 973
321 930
321 947
321 953
321 973
321 991
322 24
322 207
322 298
322 805
322 984
323 509
323 777
323 896
323 909
323 961
324 785
324 983
324 988
324 992
324 996
325 634
325 854
325 945
325 948
325 954
326 348
326 367
326 890
326 953
326 991
327 595
327 791
327 958
327 966
327 971
328 97
328 715
328 943
328 985
328 986
329 134
329 206
329 645
329 803
329 893
330 293
330 358
330 859
330 910
330 939
331 446
331 542
331 563
331 672
331 906
332 504
332 960
332 977
332 979
332 990
333 16
333 942
333 963
333 984
333 998
334 795
334 850
334 856
334 911
334 929
335 685
335 915
335 932
335 984
335 998
336 249
336 552
336 630
336 804
336 954
337 205
337 468
337 834
337 871
337 877
338 845
338 917
338 926
338 927
338 944
339 358
339 523
339 533
339 805
339 975
340 769
340 822
340 936
340 949
340 967
341 407
341 453
341 587
341 780
341 837
342 582
342 605
342 806
342 849
342 975
343 627
343 919
343 964
343 969
343 975
344 915
344 932
344 940
344 942
344 984
345 220
345 422
345 841
345 868
345 991
346 603
346 724
346 729
346 887
346 988
347 462
347 773
347 880
347 898
347 921
348 326
348 862
348 953
348 973
348 991
349 353
349 829
349 873
349 874
349 939
350 7
350 430
350 606
350 871
350 877
351 678
351 867
351 883
351 886
351 959
352 240
352 650
352 875
352 880
352 898
353 349
353 790
353 940
353 984
353 998
354 870
354 981
354 988
354 992
354 996
355 465
355 775
355 899
355 963
355 998
356 118
356 556
356 585
356 961
356 979
357 978
357 982
357 989
357 994
357 999
358 330
358 339
358 727
358 744
358 874
359 724
359 838
359 920
359 924
359 946
360 516
360 904
360 943
360 985
360 986
361 32
361 377
361 417
361 753
361 896
362 777
362 888
362 896
362 909
362 961
363 631
363 673
363 729
363 747
363 887
364 32
364 417
364 834
364 871
364 877
365 453
365 527
365 599
365 837
365 916
366 495
366 635
366 801
366 911
366 929
367 326
367 908
367 960
367 979
367 990
368 680
368 704
368 891
368 898
368 921
369 732
369 778
369 792
369 884
369 972
370 593
370 719
370 733
370 798
370 858
371 842
371 943
371 971
371 985
371 986
372 718
372 806
372 849
372 919
372 975
373 445
373 951
373 987
373 993
373 997
374 845
374 861
374 910
374 918
374 944
375 890
375 912
375 930
375 973
375 991
376 676
376 882
376 895
376 901
376 904
377 231
377 361
377 871
377 877
377 987
378 744
378 805
378 873
378 939
378 985
379 525
379 556
379 585
379 674
379 896
380 807
380 824
380 832
380 949
380 956
381 175
381 405
381 680
381 898
381 921
382 170
382 318
382 596
382 768
382 787
382 926
383 474
383 889
383 936
383 949
383 956
383 967
384 281
384 514
384 676
384 684
384 788
384 882
385 443
385 923
385 934
385 951
385 993
385 997
386 833
386 866
386 958
386 966
386 972
386 974
387 17
387 232
387 697
387 886
387 950
387 959
388 941
388 981
388 983
388 988
388 992
388 996
389 512
389 766
389 915
389 940
389 984
389 998
390 10
390 794
390 932
390 940
390 963
390 998
391 791
391 928
391 962
391 966
391 972
391 974
392 289
392 430
392 606
392 834
392 871
392 877
393 897
393 900
393 958
393 962
393 972
393 974
394 501
394 549
394 737
394 856
394 890
394 929
395 764
395 839
395 920
395 924
395 946
395 957
396 506
396 840
396 912
396 930
396 973
396 991
397 249
397 531
397 804
397 853
397 945
397 954
398 432
398 494
398 960
398 979
398 986
398 990
399 467
399 718
399 806
399 964
399 970
399 975
400 847
400 852
400 879
400 903
400 905
400 972
401 970
401 976
401 978
401 989
401 994
401 999
402 481
402 845
402 910
402 926
402 927
402 944
403 4
403 96
403 264
403 727
403 744
403 874
404 567
404 915
404 932
404 940
404 984
404 998
405 381
405 976
405 978
405 982
405 989
405 999
406 37
406 683
406 776
406 882
406 895
406 901
407 341
407 654
407 746
407 780
407 808
407 916
408 17
408 941
408 981
408 983
408 988
408 992
409 673
409 747
409 748
409 751
409 846
409 887
410 236
410 426
410 530
410 899
410 932
410 984
411 592
411 748
411 931
411 952
411 965
411 995
412 300
412 762
412 874
412 931
412 980
412 995
413 446
413 663
413 712
413 755
413 892
413 906
414 591
414 796
414 898
414 912
414 973
414 991
415 269
415 298
415 533
415 805
415 829
415 874
416 188
416 203
416 843
416 867
416 886
416 925
417 128
417 132
417 361
417 364
417 565
417 877
418 750
418 761
418 908
418 977
418 979
418 990
419 158
419 310
419 551
419 593
419 671
419 858
420 509
420 840
420 947
420 953
420 973
420 991
421 976
421 978
421 982
421 989
421 994
421 999
422 345
422 695
422 739
422 855
422 947
422 991
423 466
423 779
423 867
423 886
423 950
423 959
424 554
424 855
424 930
424 953
424 973
424 991
425 496
425 976
425 982
425 989
425 994
425 999
426 410
426 899
426 932
426 940
426 984
426 998
427 738
427 827
427 849
427 919
427 969
427 975
428 726
428 821
428 948
428 960
428 979
428 990
429 687
429 862
429 912
429 930
429 947
429 991
430 128
430 350
430 392
430 541
430 834
430 877
431 878
431 931
431 965
431 980
431 981
431 995
432 398
432 581
432 750
432 977
432 979
432 990
433 743
433 754
433 763
433 971
433 985
433 986
434 536
434 672
434 698
434 755
434 760
434 892
435 42
435 771
435 864
435 879
435 903
435 905
436 702
436 748
436 931
436 952
436 980
436 995
437 836
437 934
437 951
437 987
437 993
437 997
438 862
438 878
438 931
438 952
438 965
438 968
439 783
439 976
439 978
439 982
439 989
439 994
440 594
440 855
440 868
440 947
440 953
440 973
441 288
441 608
441 732
441 792
441 884
441 893
442 786
442 885
442 935
442 983
442 992
442 996
443 385
443 748
443 952
443 965
443 980
443 995
444 716
444 941
444 981
444 988
444 992
444 996
445 373
445 607
445 789
445 951
445 987
445 993
446 143
446 331
446 413
446 755
446 892
446 906
447 765
447 815
447 960
447 977
447 979
447 990
448 30
448 537
448 824
448 882
448 895
448 901
449 815
449 861
449 908
449 960
449 977
449 990
450 466
450 860
450 883
450 925
450 950
450 959
451 197
451 734
451 810
451 826
451 909
451 961
452 463
452 605
452 749
452 867
452 894
452 959
453 341
453 365
453 665
453 692
453 746
453 819
454 119
454 978
454 982
454 989
454 994
454 999
455 231
455 753
455 834
455 871
455 877
455 990
456 178
456 502
456 526
456 693
456 758
456 991
457 524
457 527
457 586
457 780
457 819
457 969
458 493
458 636
458 839
458 920
458 946
458 957
459 139
459 292
459 650
459 721
459 854
459 891
460 824
460 831
460 889
460 949
460 956
460 967
461 783
461 812
461 847
461 879
461 903
461 905
462 347
462 680
462 875
462 880
462 891
462 921
463 452
463 697
463 867
463 925
463 950
463 970
464 476
464 685
464 963
464 971
464 984
464 998
465 355
465 878
465 931
465 968
465 980
465 995
466 283
466 423
466 450
466 868
466 925
466 959
467 399
467 571
467 827
467 848
467 964
467 969
468 289
468 337
468 541
468 736
468 871
468 877
469 35
469 597
469 804
469 854
469 945
469 954
470 764
470 935
470 981
470 983
470 988
470 996
471 657
471 838
471 920
471 924
471 946
471 957
472 75
472 655
472 875
472 880
472 891
472 921
473 646
473 766
473 915
473 942
473 952
473 963
474 77
474 383
474 690
474 729
474 751
474 772
475 283
475 749
475 860
475 883
475 886
475 959
476 464
476 658
476 911
476 963
476 984
476 998
477 43
477 655
477 721
477 880
477 921
477 969
478 548
478 718
478 719
478 733
478 814
478 858
479 145
479 758
479 809
479 810
479 911
479 929
480 754
480 758
480 811
480 850
480 876
480 911
481 402
481 737
481 758
481 811
481 825
481 856
482 27
482 72
482 184
482 661
482 714
482 735
483 642
483 904
483 943
483 971
483 985
483 986
484 935
484 961
484 983
484 988
484 992
484 996
485 657
485 818
485 822
485 924
485 946
485 957
486 720
486 878
486 954
486 965
486 968
486 980
486 995
487 542
487 663
487 712
487 755
487 892
487 906
487 991
488 268
488 727
488 849
488 919
488 964
488 969
488 975
489 120
489 666
489 878
489 931
489 968
489 980
489 995
490 92
490 844
490 866
490 900
490 958
490 962
490 974
491 612
491 970
491 976
491 982
491 989
491 994
491 999
492 52
492 806
492 867
492 919
492 964
492 969
492 975
493 48
493 458
493 530
493 816
493 860
493 894
493 959
494 398
494 521
494 613
494 726
494 977
494 979
494 990
495 366
495 588
495 609
495 850
495 856
495 911
495 929
496 260
496 425
496 824
496 832
496 902
496 956
496 967
497 259
497 770
497 848
497 849
497 919
497 964
497 975
498 203
498 285
498 860
498 883
498 894
498 925
498 950
499 749
499 839
499 843
499 860
499 894
499 925
499 959
500 659
500 696
500 940
500 942
500 963
500 984
500 998
501 394
501 689
501 767
501 782
501 801
501 856
501 911
502 456
502 601
502 754
502 801
502 811
502 876
502 929
503 577
503 726
503 815
503 908
503 977
503 979
503 990
504 187
504 332
504 633
504 821
504 908
504 979
504 990
505 970
505 976
505 978
505 982
505 989
505 994
505 999
506 396
506 976
506 978
506 982
506 989
506 994
506 999
507 807
507 889
507 902
507 949
507 956
507 967
507 971
508 244
508 713
508 835
508 934
508 987
508 993
508 997
509 323
509 420
509 810
509 826
509 863
509 888
509 961
510 622
510 746
510 758
510 782
510 811
510 876
510 929
511 28
511 211
511 614
511 678
511 894
511 950
511 959
512 271
512 389
512 689
512 737
512 767
512 850
512 929
513 534
513 885
513 935
513 983
513 988
513 992
513 996
514 55
514 274
514 384
514 551
514 728
514 774
514 895
515 252
515 686
515 790
515 932
515 940
515 942
515 998
516 360
516 638
516 763
516 830
516 943
516 971
516 986
517 750
517 800
517 842
517 904
517 971
517 985
517 986
518 549
518 613
518 815
518 821
518 908
518 960
518 990
519 590
519 704
519 875
519 880
519 891
519 898
519 921
520 662
520 663
520 755
520 760
520 892
520 906
520 954
521 494
521 750
521 908
521 960
521 977
521 979
521 990
522 222
522 718
522 738
522 919
522 964
522 969
522 975
523 78
523 339
523 701
523 744
523 829
523 859
523 873
524 153
524 457
524 665
524 746
524 808
524 837
524 916
525 379
525 637
525 674
525 777
525 810
525 909
525 961
526 456
526 549
526 767
526 809
526 811
526 929
526 983
527 365
527 457
527 586
527 665
527 808
527 916
527 952
528 794
528 915
528 940
528 942
528 963
528 984
528 998
529 531
529 691
529 730
529 854
529 945
529 954
529 998
530 410
530 493
530 678
530 779
530 925
530 950
530 959
531 397
531 529
531 597
531 630
531 804
531 945
531 954
532 654
532 669
532 746
532 780
532 789
532 819
532 916
533 298
533 339
533 415
533 727
533 859
533 873
533 939
534 513
534 649
534 720
534 878
534 952
534 965
534 995
535 310
535 576
535 579
535 593
535 719
535 798
535 858
536 217
536 434
536 672
536 712
536 872
536 892
536 906
537 37
537 448
537 684
537 776
537 882
537 895
537 901
538 632
538 660
538 769
538 807
538 812
538 936
538 956
539 681
539 818
539 838
539 910
539 924
539 946
539 957
540 68
540 727
540 744
540 859
540 868
540 874
540 939
541 430
541 468
541 729
541 753
541 834
541 871
541 877
542 303
542 331
542 487
542 563
542 712
542 892
542 906
543 935
543 953
543 981
543 983
543 988
543 992
543 996
544 615
544 872
544 981
544 983
544 988
544 992
544 996
545 85
545 546
545 752
545 803
545 817
545 884
545 893
546 545
546 752
546 778
546 792
546 803
546 817
546 893
547 35
547 552
547 691
547 730
547 934
547 945
547 954
548 112
548 478
548 671
548 798
548 799
548 814
548 851
549 394
549 518
549 526
549 737
549 758
549 825
549 911
550 57
550 273
550 295
550 787
550 823
550 853
550 983
551 196
551 419
551 514
551 676
551 774
551 882
551 901
552 336
552 547
552 730
552 854
552 945
552 954
552 992
553 196
553 743
553 904
553 943
553 971
553 985
553 986
554 14
554 424
554 855
554 862
554 912
554 953
554 991
555 577
555 584
555 633
555 674
555 908
555 977
555 990
556 279
556 356
556 379
556 709
556 736
556 909
556 961
557 29
557 742
557 910
557 917
557 918
557 922
557 926
558 566
558 579
558 643
558 719
558 740
558 814
558 858
559 793
559 857
559 907
559 948
559 951
559 984
559 987
559 993
560 872
560 935
560 941
560 981
560 983
560 988
560 992
560 996
561 705
561 970
561 976
561 978
561 982
561 989
561 994
561 999
562 567
562 731
562 835
562 923
562 948
562 987
562 993
562 997
563 331
563 542
563 662
563 672
563 698
563 760
563 892
563 906
564 730
564 783
564 847
564 852
564 864
564 879
564 903
564 905
565 11
565 183
565 273
565 286
565 417
565 596
565 735
565 768
566 558
566 719
566 740
566 766
566 798
566 799
566 814
566 851
567 404
567 562
567 869
567 934
567 948
567 951
567 987
567 997
568 869
568 902
568 923
568 934
568 948
568 951
568 993
568 997
569 935
569 941
569 981
569 983
569 988
569 989
569 992
569 996
570 836
570 869
570 907
570 923
570 934
570 987
570 993
570 997
571 467
571 718
571 770
571 827
571 848
571 964
571 969
571 975
572 743
572 763
572 842
572 859
572 904
572 971
572 985
572 986
573 699
573 764
573 818
573 839
573 856
573 924
573 946
573 957
574 770
574 786
574 935
574 941
574 981
574 983
574 988
574 996
575 785
575 935
575 941
575 981
575 983
575 988
575 992
575 996
576 135
576 256
576 535
576 673
576 690
576 747
576 846
576 887
577 503
577 555
577 626
577 908
577 960
577 977
577 979
577 990
578 86
578 600
578 691
578 730
578 829
578 854
578 945
578 954
579 214
579 535
579 558
579 655
579 799
579 814
579 851
579 858
580 625
580 651
580 736
580 863
580 896
580 909
580 955
580 961
581 432
581 722
581 870
581 885
581 981
581 983
581 992
581 996
582 52
582 342
582 770
582 841
582 848
582 849
582 919
582 975
583 202
583 970
583 976
583 978
583 982
583 989
583 994
583 999
584 309
584 555
584 626
584 750
584 815
584 977
584 979
584 990
585 356
585 379
585 674
585 810
585 826
585 863
585 896
585 961
586 457
586 527
586 599
586 654
586 746
586 780
586 819
586 837
587 341
587 599
587 654
587 746
587 808
587 819
587 916
587 935
588 495
588 743
588 830
588 904
588 943
588 971
588 985
588 986
589 184
589 241
589 286
589 318
589 596
589 670
589 787
589 853
590 312
590 519
590 781
590 881
590 897
590 958
590 966
590 974
591 109
591 275
591 414
591 813
591 930
591 953
591 973
591 991
592 411
592 666
592 756
592 952
592 965
592 968
592 980
592 995
593 370
593 419
593 535
593 733
593 798
593 799
593 814
593 858
594 440
594 899
594 940
594 942
594 963
594 964
594 984
594 998
595 327
595 844
595 920
595 958
595 962
595 966
595 972
595 974
596 382
596 565
596 589
596 661
596 768
596 781
596 787
596 823
597 469
597 531
597 617
597 630
597 634
597 730
597 945
597 976
598 129
598 702
598 716
598 878
598 952
598 965
598 968
598 995
599 153
599 365
599 586
599 587
599 669
599 819
599 837
599 916
600 578
600 617
600 634
600 804
600 854
600 945
600 954
600 985
601 502
601 614
601 697
601 749
601 860
601 886
601 925
601 950
602 110
602 288
602 624
602 832
602 902
602 936
602 949
602 967
603 346
603 625
603 690
603 724
603 747
603 772
603 846
603 887
604 907
604 913
604 923
604 948
604 951
604 962
604 993
604 997
605 28
605 180
605 342
605 452
605 883
605 886
605 894
605 950
606 231
606 350
606 392
606 614
606 753
606 834
606 871
606 877
607 445
607 641
607 789
607 913
607 948
607 987
607 993
607 997
608 441
608 645
608 752
608 778
608 800
608 817
608 884
608 893
609 495
609 767
609 782
609 850
609 856
609 876
609 911
609 929
610 784
610 790
610 895
610 899
610 915
610 940
610 984
610 998
611 770
611 806
611 827
611 867
611 919
611 964
611 969
611 975
612 491
612 642
612 763
612 842
612 943
612 971
612 985
612 986
613 494
613 518
613 750
613 765
613 815
613 863
613 908
613 990
614 511
614 601
614 606
614 652
614 749
614 925
614 950
614 959
615 544
615 885
615 941
615 981
615 983
615 992
615 994
615 996
616 652
616 669
616 779
616 843
616 867
616 886
616 894
616 925
617 249
617 597
617 600
617 730
617 854
617 945
617 954
617 970
618 208
618 624
618 824
618 832
618 886
618 936
618 956
618 967
619 756
619 762
619 931
619 952
619 965
619 968
619 980
619 995
620 703
620 771
620 847
620 852
620 864
620 879
620 903
620 905
621 646
621 784
621 794
621 915
621 932
621 940
621 942
621 984
621 998
622 238
622 510
622 693
622 754
622 758
622 782
622 850
622 856
622 976
623 154
623 897
623 928
623 958
623 962
623 966
623 972
623 974
623 990
624 602
624 618
624 812
624 824
624 889
624 934
624 936
624 949
624 956
625 580
625 603
625 651
625 736
625 826
625 888
625 896
625 909
625 961
626 577
626 584
626 654
626 765
626 821
626 960
626 977
626 979
626 990
627 213
627 343
627 848
627 849
627 919
627 947
627 964
627 969
627 975
628 54
628 278
628 715
628 820
628 904
628 943
628 971
628 985
628 986
629 687
629 862
629 890
629 912
629 930
629 939
629 947
629 953
629 991
630 272
630 316
630 336
630 531
630 597
630 854
630 945
630 954
630 959
631 363
631 666
631 756
631 762
631 878
631 931
631 965
631 968
631 980
632 538
632 812
632 824
632 832
632 936
632 949
632 956
632 958
632 967
633 504
633 555
633 715
633 765
633 821
633 908
633 977
633 979
633 990
634 325
634 597
634 600
634 691
634 730
634 755
634 854
634 945
634 954
635 99
635 237
635 366
635 845
635 910
635 922
635 926
635 927
635 944
636 458
636 647
636 681
636 699
636 838
636 892
636 920
636 946
636 957
637 87
637 121
637 139
637 525
637 651
637 863
637 888
637 909
637 961
638 516
638 677
638 706
638 715
638 785
638 842
638 943
638 985
638 986
639 118
639 320
639 802
639 855
639 868
639 930
639 953
639 973
639 991
640 239
640 711
640 742
640 845
640 917
640 918
640 926
640 927
640 944
641 607
641 913
641 923
641 934
641 937
641 951
641 987
641 993
641 997
642 483
642 612
642 677
642 706
642 830
642 904
642 971
642 985
642 986
643 214
643 558
643 671
643 733
643 740
643 799
643 814
643 851
643 858
644 654
644 870
644 935
644 941
644 981
644 983
644 988
644 992
644 996
645 266
645 319
645 329
645 608
645 693
645 732
645 792
645 884
645 893
646 305
646 473
646 621
646 685
646 775
646 899
646 963
646 984
646 998
647 47
647 62
647 636
647 681
647 839
647 864
647 920
647 924
647 957
648 861
648 906
648 913
648 923
648 934
648 951
648 987
648 993
648 997
649 287
649 534
649 667
649 720
649 878
649 952
649 968
649 980
649 995
650 299
650 352
650 459
650 771
650 875
650 880
650 891
650 898
650 921
651 580
651 625
651 637
651 777
651 863
651 888
651 896
651 961
651 982
652 614
652 616
652 678
652 779
652 843
652 883
652 886
652 894
652 950
653 60
653 67
653 96
653 98
653 207
653 686
653 805
653 874
653 939
654 407
654 532
654 586
654 587
654 626
654 644
654 780
654 808
654 916
655 240
655 472
655 477
655 579
655 704
655 875
655 880
655 891
655 898
656 724
656 835
656 907
656 913
656 934
656 948
656 987
656 993
656 997
657 471
657 485
657 699
657 818
657 825
657 838
657 920
657 924
657 957
658 476
658 784
658 889
658 899
658 940
658 942
658 963
658 984
658 998
659 3
659 276
659 500
659 932
659 940
659 942
659 963
659 984
659 998
660 106
660 538
660 682
660 822
660 824
660 902
660 949
660 956
660 967
661 184
661 286
661 295
661 482
661 596
661 664
661 768
661 853
661 929
662 172
662 217
662 303
662 520
662 563
662 663
662 760
662 773
662 906
663 88
663 413
663 487
663 520
663 662
663 698
663 892
663 906
663 957
664 27
664 57
664 74
664 661
664 670
664 760
664 787
664 823
664 853
665 42
665 80
665 130
665 453
665 524
665 527
665 692
665 819
665 837
666 216
666 251
666 489
666 592
666 631
666 952
666 965
666 968
666 995
667 144
667 649
667 702
667 762
667 878
667 931
667 965
667 968
667 980
667 995
668 682
668 897
668 900
668 919
668 928
668 958
668 962
668 966
668 972
668 974
669 254
669 532
669 599
669 616
669 692
669 780
669 808
669 819
669 837
669 916
670 183
670 218
670 241
670 589
670 664
670 735
670 768
670 787
670 853
670 891
671 181
671 310
671 419
671 548
671 643
671 799
671 814
671 845
671 851
671 858
672 143
672 331
672 434
672 536
672 563
672 694
672 755
672 760
672 892
672 906
673 154
673 188
673 363
673 409
673 576
673 724
673 751
673 772
673 846
673 887
674 379
674 525
674 555
674 585
674 736
674 777
674 810
674 888
674 909
674 961
675 695
675 788
675 836
675 907
675 934
675 948
675 951
675 987
675 993
675 997
676 57
676 125
676 274
676 376
676 384
676 551
676 684
676 774
676 776
676 895
677 638
677 642
677 820
677 830
677 842
677 904
677 922
677 971
677 985
677 986
678 53
678 351
678 511
678 530
678 652
678 816
678 883
678 886
678 933
678 959
679 833
679 844
679 866
679 877
679 881
679 900
679 962
679 966
679 972
679 974
680 368
680 381
680 462
680 704
680 721
680 759
680 875
680 880
680 898
680 921
681 226
681 539
681 636
681 647
681 699
681 838
681 839
681 920
681 946
681 957
682 660
682 668
682 866
682 897
682 928
682 958
682 962
682 966
682 972
682 974
683 252
683 406
683 696
683 899
683 915
683 932
683 940
683 942
683 963
683 998
684 25
684 265
684 285
684 384
684 537
684 676
684 776
684 895
684 901
684 981
685 97
685 217
685 335
685 464
685 646
685 794
685 932
685 963
685 984
685 998
686 68
686 515
686 653
686 701
686 727
686 744
686 829
686 859
686 873
686 939
687 429
687 629
687 841
687 855
687 930
687 947
687 953
687 973
687 991
687 992
688 315
688 872
688 885
688 935
688 941
688 981
688 983
688 988
688 992
688 996
689 145
689 238
689 501
689 512
689 693
689 757
689 758
689 825
689 876
689 929
690 77
690 174
690 474
690 576
690 603
690 724
690 747
690 751
690 887
690 995
691 249
691 529
691 547
691 578
691 634
691 797
691 804
691 854
691 945
691 954
692 42
692 77
692 453
692 665
692 669
692 780
692 808
692 819
692 837
692 916
693 245
693 456
693 622
693 645
693 689
693 801
693 809
693 825
693 850
693 929
694 672
694 786
694 870
694 885
694 935
694 941
694 981
694 983
694 988
694 992
695 422
695 675
695 840
695 841
695 890
695 912
695 930
695 947
695 973
695 991
696 500
696 683
696 749
696 766
696 794
696 915
696 940
696 942
696 984
696 998
697 25
697 180
697 387
697 463
697 601
697 843
697 883
697 886
697 894
697 925
698 217
698 296
698 434
698 563
698 663
698 708
698 712
698 755
698 892
698 906
699 573
699 636
699 657
699 681
699 818
699 873
699 920
699 924
699 946
699 957
700 125
700 265
700 281
700 285
700 307
700 728
700 774
700 838
700 895
700 901
701 24
701 60
701 109
701 523
701 686
701 775
701 829
701 873
701 874
701 939
702 436
702 598
702 667
702 762
702 931
702 932
702 965
702 968
702 980
702 995
703 235
703 620
703 710
703 771
703 783
703 852
703 864
703 879
703 903
703 905
704 139
704 368
704 519
704 655
704 680
704 809
704 875
704 880
704 891
704 921
705 561
705 788
705 861
705 907
705 913
705 923
705 948
705 987
705 993
705 997
706 124
706 150
706 638
706 642
706 715
706 820
706 830
706 971
706 985
706 986
707 741
707 742
707 799
707 828
707 910
707 917
707 918
707 926
707 927
707 944
708 698
708 773
708 833
708 866
708 928
708 962
708 966
708 972
708 974
708 975
709 40
709 556
709 752
709 777
709 810
709 826
709 863
709 888
709 909
709 961
710 198
710 703
710 771
710 783
710 847
710 852
710 864
710 879
710 903
710 905
710 963
711 267
711 640
711 714
711 741
711 876
711 910
711 918
711 922
711 926
711 927
711 944
712 303
712 413
712 487
712 536
712 542
712 698
712 755
712 760
712 892
712 906
712 982
713 508
713 835
713 869
713 913
713 923
713 934
713 936
713 948
713 987
713 993
713 997
714 482
714 711
714 828
714 831
714 845
714 910
714 917
714 918
714 926
714 927
714 944
715 270
715 328
715 628
715 633
715 638
715 706
715 820
715 943
715 971
715 985
715 986
716 444
716 598
716 748
716 756
716 762
716 878
716 952
716 965
716 968
716 980
716 995
717 164
717 742
717 845
717 910
717 917
717 918
717 922
717 926
717 927
717 944
717 949
718 372
718 399
718 478
718 522
718 571
718 806
718 848
718 919
718 964
718 969
718 975
719 300
719 370
719 478
719 535
719 558
719 566
719 733
719 740
719 799
719 851
719 858
720 59
720 486
720 534
720 649
720 748
720 828
720 931
720 952
720 968
720 980
720 995
721 75
721 299
721 459
721 477
721 680
721 875
721 880
721 891
721 898
721 921
721 945
722 581
722 818
722 870
722 872
722 935
722 941
722 981
722 983
722 988
722 992
722 996
723 781
723 791
723 833
723 844
723 897
723 928
723 943
723 958
723 966
723 972
723 974
724 173
724 174
724 346
724 359
724 603
724 656
724 673
724 690
724 747
724 846
724 887
725 13
725 933
725 938
725 955
725 970
725 976
725 978
725 982
725 989
725 994
725 999
726 428
726 494
726 503
726 743
726 765
726 821
726 908
726 960
726 977
726 979
726 990
727 298
727 358
727 403
727 488
727 533
727 540
727 686
727 744
727 805
727 829
727 939
728 55
728 125
728 281
728 514
728 700
728 774
728 776
728 882
728 895
728 901
728 996
729 94
729 173
729 188
729 346
729 363
729 474
729 541
729 747
729 772
729 846
729 887
730 529
730 547
730 552
730 564
730 578
730 597
730 617
730 634
730 804
730 945
730 954
731 562
731 776
731 789
731 861
731 869
731 913
731 923
731 948
731 951
731 993
731 997
732 206
732 319
732 369
732 441
732 645
732 752
732 792
732 817
732 884
732 893
732 999
733 214
733 370
733 478
733 593
733 643
733 719
733 740
733 798
733 814
733 851
733 980
734 451
734 938
734 941
734 955
734 970
734 976
734 978
734 982
734 989
734 994
734 999
735 11
735 218
735 286
735 295
735 482
735 565
735 670
735 768
735 787
735 844
735 853
736 121
736 468
736 556
736 580
736 625
736 674
736 777
736 826
736 888
736 909
736 961
737 215
737 394
737 481
737 512
737 549
737 758
737 795
737 801
737 809
737 850
737 929
738 233
738 243
738 427
738 522
738 806
738 827
738 848
738 849
738 964
738 969
738 975
739 422
739 802
739 841
739 862
739 868
739 912
739 947
739 953
739 961
739 973
739 991
740 103
740 181
740 558
740 566
740 643
740 719
740 733
740 814
740 851
740 858
740 945
741 124
741 707
741 711
741 742
741 831
741 910
741 922
741 926
741 927
741 944
741 961
742 557
742 640
742 707
742 717
742 741
742 831
742 910
742 918
742 922
742 926
742 977
743 433
743 553
743 572
743 588
743 726
743 800
743 904
743 943
743 971
743 985
743 986
744 358
744 378
744 403
744 523
744 540
744 686
744 727
744 768
744 805
744 859
744 874
744 939
745 910
745 933
745 937
745 938
745 955
745 970
745 976
745 978
745 982
745 989
745 994
745 999
746 90
746 407
746 453
746 510
746 524
746 532
746 586
746 587
746 808
746 837
746 877
746 916
747 363
747 409
747 576
747 603
747 690
747 724
747 729
747 751
747 772
747 846
747 887
747 985
748 409
748 411
748 436
748 443
748 716
748 720
748 931
748 952
748 965
748 968
748 980
748 995
749 452
749 475
749 499
749 601
749 614
749 696
749 816
749 860
749 894
749 895
749 950
749 959
750 418
750 432
750 517
750 521
750 584
750 613
750 821
750 908
750 960
750 977
750 979
750 990
751 87
751 135
751 282
751 409
751 474
751 673
751 690
751 747
751 772
751 846
751 887
751 918
752 13
752 228
752 545
752 546
752 608
752 709
752 732
752 778
752 803
752 817
752 884
752 893
753 32
753 128
753 136
753 231
753 361
753 455
753 541
753 606
753 834
753 871
753 877
753 998
754 238
754 433
754 480
754 502
754 622
754 767
754 795
754 801
754 809
754 876
754 911
754 929
755 413
755 434
755 446
755 487
755 520
755 634
755 672
755 698
755 712
755 760
755 892
755 906
756 45
756 312
756 592
756 619
756 631
756 716
756 931
756 952
756 965
756 968
756 980
756 995
757 689
757 933
757 938
757 955
757 970
757 976
757 978
757 982
757 989
757 994
757 998
757 999
758 245
758 456
758 479
758 480
758 481
758 510
758 549
758 622
758 689
758 737
758 929
758 974
759 247
759 680
759 933
759 938
759 955
759 970
759 976
759 978
759 982
759 989
759 994
759 999
760 172
760 296
760 434
760 520
760 563
760 662
760 664
760 672
760 712
760 755
760 906
760 938
761 418
761 933
761 937
761 938
761 955
761 970
761 976
761 978
761 982
761 989
761 994
761 999
762 83
762 412
762 619
762 631
762 667
762 702
762 716
762 878
762 965
762 968
762 980
762 995
763 291
763 433
763 516
763 572
763 612
763 842
763 904
763 931
763 943
763 971
763 985
763 986
764 1
764 105
764 309
764 395
764 470
764 573
764 838
764 839
764 920
764 924
764 946
764 957
765 142
765 447
765 613
765 626
765 633
765 726
765 788
765 815
765 960
765 977
765 979
765 990
766 95
766 389
766 473
766 566
766 696
766 784
766 790
766 932
766 940
766 963
766 984
766 998
767 501
767 512
767 526
767 609
767 754
767 801
767 811
767 850
767 856
767 911
767 929
767 942
768 11
768 74
768 159
768 382
768 565
768 596
768 661
768 670
768 735
768 744
768 823
768 967
769 229
769 340
769 538
769 807
769 812
769 824
769 889
769 902
769 936
769 949
769 956
769 991
770 12
770 497
770 571
770 574
770 582
770 611
770 848
770 849
770 919
770 964
770 969
770 975
771 435
771 620
771 650
771 703
771 710
771 783
771 847
771 852
771 864
771 879
771 903
771 905
772 135
772 179
772 256
772 282
772 474
772 603
772 673
772 729
772 747
772 751
772 846
772 887
772 908
773 230
773 347
773 662
773 708
773 844
773 897
773 900
773 928
773 958
773 962
773 966
773 972
773 974
774 182
774 196
774 281
774 285
774 514
774 551
774 676
774 700
774 728
774 776
774 882
774 901
774 942
775 95
775 355
775 646
775 701
775 784
775 790
775 899
775 915
775 932
775 942
775 963
775 984
775 998
776 25
776 55
776 125
776 406
776 537
776 676
776 684
776 728
776 731
776 774
776 882
776 895
776 901
777 323
777 362
777 525
777 651
777 674
777 709
777 736
777 810
777 888
777 896
777 902
777 909
777 961
778 177
778 228
778 266
778 369
778 546
778 608
778 752
778 792
778 803
778 817
778 884
778 893
778 924
779 53
779 123
779 423
779 530
779 616
779 652
779 860
779 867
779 886
779 894
779 925
779 950
779 959
780 341
780 407
780 457
780 532
780 586
780 654
780 669
780 692
780 808
780 819
780 837
780 916
780 988
781 590
781 596
781 723
781 791
781 881
781 897
781 900
781 928
781 958
781 962
781 966
781 972
781 974
782 160
782 230
782 501
782 510
782 609
782 622
782 795
782 811
782 825
782 856
782 876
782 883
782 911
783 311
783 439
783 461
783 564
783 703
783 710
783 771
783 847
783 852
783 864
783 879
783 903
783 905
784 610
784 621
784 658
784 766
784 775
784 899
784 915
784 927
784 940
784 942
784 963
784 984
784 998
785 324
785 575
785 638
785 797
785 870
785 872
785 935
785 941
785 981
785 983
785 988
785 992
785 996
786 442
786 574
786 694
786 870
786 872
786 875
786 885
786 935
786 941
786 983
786 992
786 996
786 999
787 159
787 183
787 241
787 295
787 382
787 550
787 589
787 596
787 664
787 670
787 735
787 815
787 823
788 384
788 675
788 705
788 765
788 793
788 835
788 869
788 923
788 948
788 951
788 987
788 993
788 997
789 445
789 532
789 607
789 731
789 857
789 861
789 907
789 913
789 934
789 948
789 987
789 993
789 997
790 353
790 515
790 610
790 766
790 775
790 899
790 915
790 932
790 940
790 942
790 957
790 984
790 998
791 327
791 391
791 723
791 781
791 833
791 881
791 899
791 928
791 958
791 962
791 972
791 974
791 983
792 266
792 288
792 369
792 441
792 546
792 645
792 732
792 778
792 802
792 803
792 817
792 869
792 884
793 244
793 559
793 788
793 797
793 836
793 861
793 869
793 907
793 923
793 951
793 987
793 993
793 997
794 390
794 528
794 621
794 685
794 696
794 899
794 915
794 932
794 940
794 942
794 949
794 963
794 998
795 9
795 44
795 245
795 334
795 737
795 754
795 782
795 801
795 825
795 850
795 856
795 876
795 911
796 257
796 414
796 802
796 813
796 841
796 862
796 890
796 912
796 930
796 947
796 973
796 991
796 997
797 691
797 785
797 793
797 870
797 872
797 885
797 935
797 941
797 981
797 983
797 988
797 992
797 996
798 157
798 181
798 310
798 370
798 535
798 548
798 566
798 593
798 733
798 799
798 851
798 858
798 994
799 214
799 548
799 566
799 579
799 593
799 643
799 671
799 707
799 719
799 798
799 851
799 858
799 999
800 54
800 517
800 608
800 743
800 820
800 830
800 842
800 884
800 904
800 943
800 971
800 985
800 986
801 178
801 235
801 366
801 501
801 502
801 693
801 737
801 754
801 767
801 795
801 911
801 929
801 980
802 157
802 639
802 739
802 792
802 796
802 840
802 868
802 912
802 930
802 947
802 953
802 973
802 991
803 13
803 134
803 319
803 329
803 545
803 546
803 752
803 778
803 792
803 808
803 817
803 878
803 884
803 893
804 9
804 49
804 316
804 336
804 397
804 469
804 531
804 600
804 691
804 730
804 854
804 869
804 945
804 954
805 4
805 67
805 316
805 322
805 339
805 378
805 415
805 653
805 727
805 744
805 829
805 859
805 873
805 939
806 311
806 317
806 342
806 372
806 399
806 492
806 611
806 718
806 738
806 848
806 947
806 964
806 969
806 975
807 138
807 380
807 507
807 538
807 769
807 812
807 822
807 832
807 875
807 889
807 936
807 949
807 956
807 967
808 160
808 407
808 524
808 527
808 587
808 654
808 669
808 692
808 746
808 780
808 803
808 819
808 837
808 916
809 16
809 160
809 271
809 479
809 526
809 693
809 704
809 737
809 754
809 811
809 825
809 850
809 876
809 911
810 206
810 215
810 451
810 479
810 509
810 525
810 585
810 674
810 709
810 777
810 863
810 888
810 896
810 961
811 186
811 480
811 481
811 502
811 510
811 526
811 767
811 782
811 809
811 850
811 856
811 876
811 911
811 929
812 306
812 461
812 538
812 624
812 632
812 769
812 807
812 822
812 832
812 889
812 902
812 949
812 956
812 967
813 156
813 320
813 591
813 796
813 840
813 855
813 868
813 870
813 890
813 930
813 947
813 953
813 973
813 991
814 158
814 263
814 478
814 548
814 558
814 566
814 579
814 593
814 643
814 671
814 733
814 740
814 851
814 858
815 247
815 447
815 449
815 503
815 518
815 584
815 613
815 765
815 787
815 821
815 908
815 977
815 979
815 990
816 48
816 112
816 232
816 493
816 678
816 749
816 843
816 860
816 866
816 886
816 894
816 925
816 950
816 959
817 134
817 177
817 206
817 319
817 545
817 546
817 608
817 732
817 752
817 778
817 792
817 803
817 884
817 893
817 984
818 89
818 212
818 313
818 485
818 539
818 573
818 657
818 699
818 722
818 838
818 839
818 920
818 924
818 946
818 957
819 42
819 453
819 457
819 532
819 586
819 587
819 599
819 665
819 669
819 692
819 780
819 808
819 837
819 851
819 916
820 63
820 302
820 628
820 677
820 706
820 715
820 800
820 830
820 842
820 846
820 873
820 943
820 971
820 985
820 986
821 428
821 504
821 518
821 626
821 633
821 726
821 750
821 815
821 848
821 884
821 908
821 960
821 977
821 979
821 990
822 110
822 225
822 260
822 301
822 340
822 485
822 660
822 807
822 812
822 824
822 889
822 936
822 949
822 956
822 967
823 57
823 72
823 74
823 170
823 183
823 184
823 273
823 550
823 596
823 664
823 768
823 787
823 853
823 919
823 978
824 380
824 448
824 460
824 496
824 618
824 624
824 632
824 660
824 769
824 822
824 902
824 936
824 949
824 956
824 967
825 145
825 178
825 271
825 481
825 549
825 657
825 689
825 693
825 782
825 795
825 809
825 856
825 876
825 911
825 929
826 40
826 121
826 223
826 252
826 451
826 509
826 585
826 625
826 709
826 736
826 863
826 888
826 896
826 909
826 961
827 36
827 115
827 233
827 311
827 317
827 427
827 467
827 571
827 611
827 738
827 848
827 939
827 964
827 969
827 975
828 3
828 234
828 237
828 707
828 714
828 720
828 831
828 845
828 910
828 917
828 918
828 922
828 927
828 944
828 996
829 67
829 109
829 190
829 293
829 349
829 415
829 523
829 578
829 686
829 701
829 727
829 805
829 873
829 874
829 916
830 516
830 588
830 642
830 677
830 706
830 800
830 820
830 842
830 865
830 904
830 918
830 943
830 971
830 985
830 986
831 163
831 237
831 308
831 460
831 714
831 741
831 742
831 828
831 845
831 917
831 918
831 922
831 926
831 927
831 944
832 46
832 380
832 496
832 602
832 618
832 632
832 807
832 812
832 889
832 902
832 936
832 949
832 956
832 967
832 970
833 283
833 386
833 679
833 708
833 723
833 791
833 844
833 866
833 897
833 900
833 928
833 958
833 962
833 966
833 972
833 974
834 7
834 106
834 136
834 231
834 289
834 337
834 364
834 392
834 430
834 455
834 541
834 606
834 753
834 871
834 877
834 998
835 508
835 562
835 656
835 713
835 788
835 836
835 857
835 861
835 913
835 923
835 934
835 948
835 965
835 987
835 993
835 997
836 437
836 570
836 675
836 793
836 835
836 857
836 861
836 869
836 907
836 913
836 934
836 948
836 951
836 987
836 994
836 997
837 64
837 254
837 341
837 365
837 524
837 586
837 599
837 665
837 669
837 692
837 746
837 780
837 808
837 819
837 885
837 916
838 93
838 105
838 140
838 359
838 471
838 539
838 636
838 657
838 681
838 700
838 764
838 818
838 839
838 924
838 946
838 957
839 116
839 140
839 395
839 458
839 499
839 573
839 647
839 681
839 764
839 818
839 838
839 906
839 920
839 924
839 946
839 957
840 396
840 420
840 695
840 802
840 813
840 841
840 855
840 862
840 890
840 912
840 930
840 947
840 953
840 973
840 991
840 992
841 61
841 64
841 345
841 582
841 687
841 695
841 739
841 796
841 840
841 862
841 868
841 912
841 930
841 947
841 973
841 991
842 130
842 291
842 371
842 517
842 572
842 612
842 638
842 677
842 763
842 800
842 820
842 830
842 904
842 971
842 985
842 986
843 48
843 200
843 283
843 314
843 416
843 499
843 616
843 652
843 697
843 816
843 860
843 867
843 883
843 886
843 925
843 950
843 959
844 154
844 258
844 490
844 595
844 679
844 723
844 735
844 773
844 833
844 881
844 900
844 928
844 958
844 962
844 966
844 972
844 974
845 308
845 338
845 374
845 402
845 635
845 640
845 671
845 714
845 717
845 828
845 831
845 910
845 917
845 918
845 926
845 927
845 944
846 77
846 168
846 173
846 174
846 179
846 282
846 409
846 576
846 603
846 673
846 724
846 729
846 747
846 751
846 772
846 820
846 887
847 15
847 38
847 49
847 56
847 290
847 400
847 461
847 564
847 620
847 710
847 771
847 783
847 852
847 864
847 879
847 903
847 905
848 63
848 467
848 497
848 571
848 582
848 627
848 718
848 738
848 770
848 806
848 821
848 827
848 849
848 919
848 964
848 969
848 975
849 12
849 233
849 342
849 372
849 427
849 488
849 497
849 582
849 627
849 738
849 770
849 848
849 919
849 929
849 964
849 969
849 975
850 114
850 160
850 334
850 480
850 495
850 512
850 609
850 622
850 693
850 737
850 767
850 795
850 809
850 811
850 856
850 865
850 911
851 103
851 137
851 157
851 181
851 548
851 566
851 579
851 643
851 671
851 719
851 733
851 740
851 798
851 799
851 814
851 819
851 858
852 38
852 81
852 138
852 198
852 400
852 564
852 620
852 703
852 710
852 771
852 783
852 847
852 864
852 879
852 896
852 903
852 905
853 72
853 159
853 170
853 218
853 241
853 273
853 286
853 295
853 397
853 550
853 589
853 661
853 664
853 670
853 735
853 823
853 939
854 80
854 218
854 278
854 325
854 459
854 469
854 529
854 552
854 578
854 600
854 617
854 630
854 634
854 691
854 804
854 945
854 954
855 41
855 275
855 422
855 424
855 440
855 554
855 639
855 687
855 813
855 840
855 862
855 868
855 890
855 908
855 947
855 953
855 973
856 334
856 394
856 481
856 495
856 501
856 573
856 609
856 622
856 767
856 782
856 795
856 811
856 825
856 850
856 876
856 911
856 929
857 280
857 559
857 789
857 835
857 836
857 860
857 861
857 869
857 907
857 913
857 923
857 934
857 948
857 951
857 987
857 993
857 997
858 157
858 370
858 419
858 478
858 535
858 558
858 579
858 593
858 643
858 671
858 719
858 740
858 798
858 799
858 814
858 851
858 956
859 67
859 96
859 98
859 189
859 264
859 330
859 523
859 533
859 540
859 572
859 686
859 744
859 805
859 873
859 874
859 881
859 939
860 203
860 450
860 475
860 493
860 498
860 499
860 601
860 749
860 779
860 816
860 843
860 857
860 863
860 867
860 883
860 886
860 950
860 959
861 374
861 449
861 648
861 705
861 731
861 789
861 793
861 835
861 836
861 857
861 869
861 923
861 934
861 948
861 951
861 987
861 993
861 997
862 6
862 348
862 429
862 438
862 554
862 629
862 739
862 796
862 840
862 841
862 855
862 890
862 912
862 930
862 947
862 953
862 973
862 991
863 100
863 215
863 223
863 243
863 279
863 509
863 580
863 585
863 613
863 637
863 651
863 709
863 810
863 826
863 860
863 896
863 909
863 961
864 138
864 169
864 198
864 290
864 435
864 564
864 620
864 647
864 703
864 710
864 771
864 783
864 847
864 852
864 879
864 903
864 905
864 907
865 830
865 850
865 914
865 933
865 937
865 938
865 955
865 970
865 976
865 978
865 982
865 989
865 994
865 999
866 14
866 18
866 386
866 490
866 679
866 682
866 708
866 816
866 833
866 881
866 893
866 897
866 928
866 958
866 962
866 966
866 972
866 974
867 43
867 53
867 102
867 200
867 351
867 416
867 423
867 452
867 463
867 492
867 611
867 616
867 779
867 843
867 860
867 894
867 925
867 950
868 210
868 320
868 345
868 440
868 466
868 540
868 639
868 739
868 802
868 813
868 841
868 855
868 890
868 930
868 947
868 953
868 973
868 991
869 567
869 568
869 570
869 713
869 731
869 788
869 792
869 793
869 804
869 836
869 857
869 861
869 907
869 923
869 934
869 948
869 951
869 987
869 993
870 354
870 581
870 644
870 694
870 722
870 785
870 786
870 797
870 813
870 872
870 885
870 935
870 941
870 981
870 983
870 987
870 988
870 992
870 996
871 7
871 128
871 132
871 136
871 289
871 337
871 350
871 364
871 377
871 392
871 455
871 468
871 541
871 606
871 753
871 834
871 877
871 889
871 998
872 304
872 536
872 544
872 560
872 688
872 722
872 785
872 786
872 797
872 870
872 885
872 935
872 941
872 959
872 981
872 983
872 988
872 992
872 996
873 24
873 60
873 146
873 190
873 264
873 269
873 293
873 349
873 378
873 523
873 533
873 686
873 699
873 701
873 805
873 820
873 829
873 859
873 939
874 39
874 68
874 189
874 207
874 264
874 269
874 298
874 349
874 358
874 403
874 412
874 415
874 540
874 653
874 701
874 744
874 829
874 859
874 939
875 31
875 246
875 292
875 299
875 352
875 462
875 472
875 519
875 650
875 655
875 680
875 704
875 721
875 786
875 807
875 880
875 891
875 898
875 921
876 16
876 145
876 238
876 271
876 480
876 502
876 510
876 609
876 689
876 711
876 754
876 782
876 795
876 809
876 811
876 825
876 856
876 887
876 911
877 7
877 132
877 136
877 337
877 350
877 364
877 377
877 392
877 417
877 430
877 455
877 468
877 541
877 606
877 679
877 746
877 753
877 834
877 871
878 246
878 431
878 438
878 465
878 486
878 489
878 534
878 598
878 631
878 649
878 667
878 716
878 762
878 803
878 952
878 965
878 968
878 980
878 995
879 56
879 169
879 290
879 400
879 435
879 461
879 564
879 620
879 703
879 710
879 771
879 783
879 847
879 852
879 864
879 903
879 905
879 926
879 954
880 238
880 240
880 246
880 307
880 347
880 352
880 462
880 472
880 477
880 519
880 650
880 655
880 680
880 704
880 721
880 875
880 891
880 898
880 921
881 78
881 104
881 153
881 251
881 312
881 590
881 679
881 781
881 791
881 844
881 859
881 866
881 900
881 928
881 958
881 962
881 966
881 972
881 974
882 30
882 55
882 182
882 265
882 274
882 307
882 376
882 384
882 406
882 448
882 537
882 551
882 728
882 774
882 776
882 891
882 895
882 901
882 907
883 43
883 102
883 200
883 211
883 212
883 351
883 450
883 475
883 498
883 605
883 652
883 678
883 697
883 782
883 843
883 860
883 886
883 894
883 959
884 177
884 228
884 266
884 288
884 319
884 369
884 441
884 545
884 608
884 645
884 732
884 752
884 778
884 792
884 800
884 803
884 817
884 821
884 893
885 191
885 442
885 513
885 581
885 615
885 688
885 694
885 786
885 797
885 837
885 870
885 872
885 935
885 941
885 978
885 981
885 983
885 988
885 992
885 996
886 81
886 351
886 387
886 416
886 423
886 475
886 601
886 605
886 616
886 618
886 652
886 678
886 697
886 779
886 816
886 843
886 860
886 883
886 950
886 959
887 94
887 135
887 179
887 188
887 256
887 282
887 346
887 363
887 409
887 576
887 603
887 673
887 690
887 724
887 729
887 747
887 751
887 772
887 846
887 876
888 87
888 121
888 197
888 279
888 362
888 509
888 625
888 637
888 651
888 674
888 709
888 736
888 777
888 810
888 826
888 896
888 909
888 956
888 961
888 967
889 106
889 192
889 277
889 306
889 383
889 460
889 507
889 624
889 658
889 769
889 807
889 812
889 822
889 832
889 871
889 902
889 936
889 949
889 956
889 967
890 20
890 275
890 326
890 375
890 394
890 629
890 695
890 796
890 813
890 840
890 855
890 862
890 868
890 912
890 914
890 930
890 947
890 953
890 973
890 991
891 31
891 75
891 175
891 240
891 292
891 368
891 459
891 462
891 472
891 519
891 650
891 655
891 670
891 704
891 721
891 875
891 880
891 882
891 898
891 921
892 88
892 172
892 296
892 303
892 413
892 434
892 446
892 487
892 520
892 536
892 542
892 563
892 636
892 663
892 672
892 698
892 712
892 755
892 906
892 920
893 13
893 134
893 177
893 228
893 266
893 288
893 329
893 441
893 545
893 546
893 608
893 645
893 732
893 752
893 778
893 803
893 817
893 866
893 884
893 933
894 112
894 114
894 195
894 452
894 493
894 498
894 499
894 511
894 605
894 616
894 652
894 697
894 749
894 779
894 816
894 867
894 883
894 923
894 925
894 959
895 37
895 182
895 196
895 265
895 274
895 285
895 376
895 406
895 448
895 514
895 537
895 610
895 676
895 684
895 700
895 728
895 749
895 776
895 882
895 901
896 40
896 118
896 223
896 243
896 279
896 323
896 361
896 362
896 379
896 580
896 585
896 625
896 651
896 777
896 810
896 826
896 852
896 863
896 888
896 909
896 961
897 154
897 251
897 269
897 393
897 590
897 623
897 668
897 682
897 723
897 773
897 781
897 833
897 866
897 900
897 928
897 958
897 962
897 966
897 968
897 972
897 974
898 31
898 139
898 175
898 240
898 246
898 292
898 347
898 352
898 368
898 381
898 414
898 519
898 650
898 655
898 680
898 721
898 875
898 880
898 891
898 903
898 921
899 193
899 355
899 410
899 426
899 594
899 610
899 646
899 658
899 683
899 775
899 784
899 790
899 791
899 794
899 915
899 940
899 942
899 963
899 984
899 998
899 999
900 18
900 50
900 104
900 393
900 490
900 668
900 679
900 773
900 781
900 833
900 844
900 881
900 897
900 928
900 958
900 962
900 966
900 968
900 972
900 974
900 995
901 25
901 30
901 37
901 131
901 182
901 265
901 281
901 307
901 376
901 406
901 448
901 537
901 551
901 684
901 700
901 728
901 774
901 776
901 882
901 895
901 969
902 126
902 149
902 192
902 194
902 208
902 225
902 496
902 507
902 568
902 602
902 660
902 769
902 777
902 812
902 824
902 832
902 889
902 936
902 949
902 956
902 967
903 56
903 81
903 138
903 169
903 198
903 290
903 400
903 435
903 461
903 564
903 620
903 703
903 710
903 771
903 783
903 847
903 852
903 864
903 879
903 898
903 905
903 988
904 58
904 302
904 360
904 376
904 483
904 517
904 553
904 572
904 588
904 628
904 642
904 677
904 743
904 763
904 800
904 830
904 842
904 943
904 971
904 985
904 986
904 997
905 38
905 56
905 81
905 133
905 169
905 290
905 400
905 435
905 461
905 564
905 620
905 703
905 710
905 771
905 783
905 847
905 852
905 864
905 879
905 903
905 957
905 976
906 88
906 143
906 172
906 296
906 331
906 413
906 446
906 487
906 520
906 536
906 542
906 563
906 648
906 662
906 663
906 672
906 698
906 712
906 755
906 760
906 839
906 892
907 21
907 559
907 570
907 604
907 656
907 675
907 705
907 789
907 793
907 836
907 857
907 864
907 869
907 882
907 913
907 923
907 934
907 948
907 951
907 987
907 993
907 997
908 2
908 367
908 418
908 449
908 503
908 504
908 518
908 521
908 555
908 577
908 613
908 633
908 726
908 750
908 772
908 815
908 821
908 855
908 960
908 962
908 977
908 979
908 990
909 100
909 187
909 197
909 243
909 323
909 362
909 451
909 525
909 556
909 580
909 625
909 637
909 674
909 709
909 736
909 777
909 826
909 863
909 888
909 896
909 920
909 961
909 962
910 26
910 308
910 330
910 374
910 402
910 539
910 557
910 635
910 707
910 711
910 714
910 717
910 741
910 742
910 745
910 828
910 845
910 917
910 918
910 922
910 926
910 927
910 944
911 245
911 334
911 366
911 476
911 479
911 480
911 495
911 501
911 549
911 609
911 754
911 767
911 782
911 795
911 801
911 809
911 811
911 825
911 850
911 856
911 876
911 929
911 938
912 20
912 51
912 204
912 320
912 375
912 396
912 414
912 429
912 554
912 629
912 695
912 739
912 796
912 802
912 840
912 841
912 862
912 890
912 930
912 947
912 953
912 973
912 991
913 44
913 127
913 604
913 607
913 641
913 648
913 656
913 705
913 713
913 731
913 789
913 835
913 836
913 857
913 907
913 923
913 934
913 948
913 971
913 978
913 987
913 993
913 997
914 865
914 890
914 933
914 937
914 938
914 955
914 959
914 970
914 976
914 978
914 982
914 989
914 994
914 999
915 107
915 189
915 199
915 335
915 344
915 389
915 404
915 473
915 528
915 610
915 621
915 683
915 696
915 775
915 784
915 790
915 794
915 899
915 932
915 942
915 963
915 984
915 998
916 64
916 90
916 130
916 153
916 254
916 365
916 407
916 524
916 527
916 532
916 587
916 599
916 654
916 669
916 692
916 746
916 780
916 808
916 819
916 829
916 837
916 925
916 983
917 3
917 70
917 99
917 163
917 234
917 267
917 308
917 338
917 557
917 640
917 707
917 714
917 717
917 828
917 831
917 845
917 910
917 918
917 922
917 926
917 944
917 955
917 958
918 26
918 70
918 124
918 164
918 374
918 557
918 640
918 707
918 711
918 714
918 717
918 742
918 751
918 828
918 830
918 831
918 845
918 910
918 917
918 922
918 926
918 927
918 944
919 36
919 76
919 92
919 259
919 343
919 372
919 427
919 488
919 492
919 497
919 522
919 582
919 611
919 627
919 668
919 718
919 770
919 823
919 848
919 849
919 950
919 964
919 969
919 975
920 15
920 62
920 89
920 93
920 133
920 313
920 359
920 395
920 458
920 471
920 595
920 636
920 647
920 657
920 681
920 699
920 764
920 818
920 839
920 892
920 909
920 924
920 946
920 957
921 31
921 75
921 175
921 246
921 292
921 299
921 347
921 368
921 381
921 462
921 472
921 477
921 519
921 650
921 680
921 704
921 721
921 875
921 880
921 891
921 898
921 930
921 988
921 995
922 3
922 26
922 70
922 141
922 164
922 237
922 267
922 557
922 635
922 677
922 711
922 717
922 741
922 742
922 828
922 831
922 910
922 917
922 918
922 926
922 927
922 944
922 958
922 994
923 108
923 385
923 562
923 568
923 570
923 604
923 641
923 648
923 705
923 713
923 731
923 788
923 793
923 835
923 857
923 861
923 869
923 894
923 907
923 913
923 934
923 938
923 987
923 993
923 997
924 1
924 47
924 62
924 116
924 212
924 309
924 359
924 395
924 471
924 485
924 539
924 573
924 647
924 657
924 699
924 764
924 778
924 818
924 838
924 839
924 920
924 933
924 946
924 957
924 974
925 17
925 48
925 71
925 117
925 180
925 211
925 416
925 450
925 463
925 466
925 498
925 499
925 530
925 601
925 614
925 616
925 697
925 779
925 816
925 843
925 867
925 894
925 916
925 950
925 959
925 979
926 70
926 99
926 141
926 234
926 338
926 382
926 402
926 557
926 635
926 640
926 707
926 711
926 714
926 717
926 741
926 742
926 831
926 845
926 879
926 910
926 917
926 918
926 922
926 927
926 936
926 944
927 26
927 99
927 163
927 164
927 234
927 267
927 338
927 402
927 635
927 640
927 707
927 711
927 714
927 717
927 741
927 784
927 828
927 831
927 845
927 910
927 918
927 922
927 926
927 944
927 973
927 995
928 34
928 84
928 120
928 187
928 230
928 268
928 391
928 623
928 668
928 682
928 708
928 723
928 773
928 781
928 791
928 833
928 844
928 866
928 881
928 897
928 900
928 937
928 958
928 962
928 966
928 972
928 974
929 16
929 178
929 185
929 235
929 334
929 366
929 394
929 479
929 495
929 502
929 510
929 512
929 526
929 609
929 661
929 689
929 693
929 737
929 754
929 758
929 767
929 801
929 811
929 825
929 849
929 856
929 911
930 221
930 257
930 321
930 375
930 396
930 424
930 429
930 591
930 629
930 639
930 687
930 695
930 796
930 802
930 813
930 840
930 841
930 862
930 868
930 890
930 912
930 921
930 947
930 953
930 965
930 973
930 991
931 45
931 58
931 129
931 155
931 227
931 261
931 315
931 411
931 412
931 431
931 436
931 438
931 465
931 489
931 619
931 631
931 667
931 702
931 720
931 748
931 756
931 763
931 952
931 965
931 968
931 980
931 995
932 186
932 236
932 276
932 335
932 344
932 390
932 404
932 410
932 426
932 515
932 621
932 659
932 683
932 685
932 702
932 766
932 775
932 790
932 794
932 915
932 940
932 942
932 947
932 963
932 972
932 984
932 998
933 678
933 725
933 745
933 757
933 759
933 761
933 865
933 893
933 914
933 924
933 937
933 938
933 955
933 970
933 976
933 978
933 982
933 989
933 994
933 999
934 385
934 437
934 508
934 547
934 567
934 568
934 570
934 624
934 641
934 648
934 656
934 675
934 713
934 789
934 835
934 836
934 857
934 861
934 869
934 907
934 913
934 923
934 948
934 951
934 963
934 987
934 993
934 997
935 4
935 291
935 442
935 470
935 484
935 513
935 543
935 560
935 569
935 574
935 575
935 587
935 644
935 688
935 694
935 722
935 785
935 786
935 797
935 870
935 872
935 885
935 941
935 981
935 983
935 988
935 992
935 996
936 46
936 106
936 149
936 194
936 229
936 260
936 277
936 301
936 306
936 340
936 383
936 538
936 602
936 618
936 624
936 632
936 713
936 769
936 807
936 822
936 824
936 832
936 889
936 902
936 926
936 949
936 956
936 967
937 33
937 641
937 745
937 761
937 865
937 914
937 928
937 933
937 938
937 955
937 970
937 976
937 978
937 982
937 989
937 994
937 999
938 725
938 734
938 745
938 757
938 759
938 760
938 761
938 865
938 911
938 914
938 923
938 933
938 937
938 955
938 970
938 976
938 978
938 982
938 989
938 994
938 999
939 4
939 60
939 96
939 109
939 146
939 189
939 190
939 207
939 264
939 269
939 293
939 330
939 349
939 378
939 533
939 540
939 629
939 653
939 686
939 701
939 727
939 744
939 805
939 827
939 853
939 859
939 873
939 874
940 83
940 344
940 353
940 389
940 390
940 404
940 426
940 500
940 515
940 528
940 594
940 610
940 621
940 658
940 659
940 683
940 696
940 766
940 784
940 790
940 794
940 899
940 932
940 942
940 965
940 975
940 984
940 998
941 171
941 244
941 255
941 388
941 408
941 444
941 560
941 569
941 574
941 575
941 615
941 644
941 688
941 694
941 722
941 734
941 785
941 786
941 797
941 870
941 872
941 885
941 935
941 951
941 981
941 983
941 988
941 992
941 996
942 97
942 144
942 287
942 333
942 344
942 473
942 500
942 515
942 528
942 594
942 621
942 658
942 659
942 683
942 696
942 767
942 774
942 775
942 784
942 790
942 794
942 899
942 915
942 932
942 940
942 944
942 963
942 984
942 998
943 165
943 201
943 270
943 272
943 291
943 302
943 305
943 328
943 360
943 371
943 483
943 516
943 553
943 588
943 612
943 628
943 638
943 715
943 723
943 743
943 763
943 800
943 820
943 830
943 904
943 967
943 971
943 985
943 986
944 124
944 141
944 163
944 234
944 237
944 267
944 273
944 308
944 338
944 374
944 402
944 635
944 640
944 707
944 711
944 714
944 717
944 741
944 828
944 831
944 845
944 910
944 917
944 918
944 922
944 926
944 927
944 942
944 996
945 9
945 35
945 49
945 80
945 86
945 202
945 227
945 272
945 278
945 316
945 325
945 397
945 469
945 529
945 531
945 547
945 552
945 578
945 597
945 600
945 617
945 630
945 634
945 691
945 721
945 730
945 740
945 804
945 854
945 954
946 15
946 47
946 62
946 89
946 93
946 102
946 105
946 116
946 133
946 284
946 301
946 309
946 313
946 359
946 395
946 458
946 471
946 485
946 539
946 573
946 636
946 681
946 699
946 764
946 818
946 838
946 839
946 920
946 924
946 957
947 61
947 156
947 221
947 275
947 284
947 321
947 420
947 422
947 429
947 440
947 627
947 629
947 687
947 695
947 739
947 796
947 802
947 806
947 813
947 840
947 841
947 855
947 862
947 868
947 890
947 912
947 930
947 932
947 953
947 973
947 991
948 0
948 21
948 167
948 325
948 428
948 559
948 562
948 567
948 568
948 604
948 607
948 656
948 675
948 705
948 713
948 731
948 788
948 789
948 835
948 836
948 857
948 861
948 869
948 907
948 913
948 934
948 951
948 987
948 989
948 993
948 997
949 90
949 110
949 126
949 192
949 194
949 208
949 225
949 229
949 301
949 340
949 380
949 383
949 460
949 507
949 602
949 624
949 632
949 660
949 717
949 769
949 794
949 807
949 812
949 822
949 824
949 832
949 889
949 902
949 936
949 956
949 967
950 17
950 53
950 112
950 114
950 117
950 180
950 200
950 211
950 387
950 423
950 450
950 463
950 498
950 511
950 530
950 601
950 605
950 614
950 652
950 749
950 779
950 816
950 843
950 860
950 867
950 886
950 919
950 925
950 953
950 959
950 987
951 167
951 199
951 244
951 314
951 373
951 385
951 437
951 445
951 559
951 567
951 568
951 604
951 641
951 648
951 675
951 731
951 788
951 793
951 836
951 857
951 861
951 869
951 907
951 934
951 941
951 948
951 966
951 980
951 987
951 993
951 997
952 22
952 79
952 113
952 155
952 161
952 216
952 227
952 261
952 262
952 411
952 436
952 438
952 443
952 473
952 527
952 534
952 592
952 598
952 619
952 649
952 666
952 716
952 720
952 748
952 756
952 878
952 931
952 965
952 968
952 979
952 980
952 995
953 20
953 41
953 156
953 195
953 210
953 254
953 321
953 326
953 348
953 420
953 424
953 440
953 543
953 554
953 591
953 629
953 639
953 687
953 739
953 802
953 813
953 840
953 855
953 862
953 868
953 890
953 912
953 930
953 947
953 950
953 973
953 991
954 9
954 35
954 49
954 80
954 86
954 202
954 249
954 272
954 278
954 316
954 325
954 336
954 397
954 469
954 486
954 520
954 529
954 531
954 547
954 552
954 578
954 600
954 617
954 630
954 634
954 691
954 730
954 804
954 854
954 879
954 945
954 990
955 580
955 725
955 734
955 745
955 757
955 759
955 761
955 865
955 914
955 917
955 933
955 937
955 938
955 970
955 973
955 976
955 978
955 982
955 989
955 994
955 999
956 46
956 126
956 149
956 229
956 260
956 277
956 301
956 306
956 380
956 383
956 460
956 496
956 507
956 538
956 618
956 624
956 632
956 660
956 769
956 807
956 812
956 822
956 824
956 832
956 858
956 888
956 889
956 902
956 936
956 949
956 967
956 989
957 1
957 47
957 89
957 93
957 105
957 116
957 133
957 140
957 212
957 309
957 313
957 395
957 458
957 471
957 485
957 539
957 573
957 636
957 647
957 657
957 663
957 681
957 699
957 764
957 790
957 818
957 838
957 839
957 905
957 920
957 924
957 946
958 5
958 34
958 50
958 73
958 84
958 251
958 327
958 386
958 393
958 490
958 590
958 595
958 623
958 632
958 668
958 682
958 723
958 773
958 781
958 791
958 833
958 844
958 866
958 881
958 897
958 900
958 917
958 922
958 928
958 962
958 966
958 972
958 974
959 28
959 43
959 102
959 114
959 117
959 203
959 232
959 351
959 387
959 423
959 450
959 452
959 466
959 475
959 493
959 499
959 511
959 530
959 614
959 630
959 678
959 749
959 779
959 816
959 843
959 860
959 872
959 883
959 886
959 894
959 914
959 925
959 950
960 2
960 23
960 39
960 91
960 131
960 147
960 148
960 152
960 205
960 223
960 224
960 253
960 262
960 263
960 332
960 367
960 398
960 428
960 447
960 449
960 518
960 521
960 577
960 626
960 726
960 750
960 765
960 821
960 908
960 977
960 979
960 990
960 993
961 40
961 87
961 100
961 118
961 187
961 197
961 215
961 243
961 323
961 356
961 362
961 451
961 484
961 509
961 525
961 556
961 580
961 585
961 625
961 637
961 651
961 674
961 709
961 736
961 739
961 741
961 777
961 810
961 826
961 863
961 888
961 896
961 909
962 5
962 14
962 34
962 73
962 78
962 137
962 312
962 391
962 393
962 490
962 595
962 604
962 623
962 668
962 679
962 682
962 708
962 773
962 781
962 791
962 833
962 844
962 866
962 881
962 897
962 900
962 908
962 909
962 928
962 958
962 966
962 972
962 974
963 107
963 144
963 186
963 193
963 236
963 276
963 287
963 333
963 355
963 390
963 464
963 473
963 476
963 500
963 528
963 594
963 646
963 658
963 659
963 683
963 685
963 710
963 766
963 775
963 784
963 794
963 899
963 915
963 932
963 934
963 942
963 996
963 997
963 998
964 0
964 10
964 36
964 52
964 76
964 92
964 115
964 213
964 222
964 259
964 268
964 317
964 343
964 399
964 467
964 488
964 492
964 497
964 522
964 571
964 594
964 611
964 627
964 718
964 738
964 770
964 806
964 827
964 848
964 849
964 919
964 969
964 975
964 997
965 22
965 71
965 79
965 113
965 261
965 262
965 300
965 315
965 411
965 431
965 438
965 443
965 486
965 534
965 592
965 598
965 619
965 631
965 666
965 667
965 702
965 716
965 748
965 756
965 762
965 835
965 878
965 930
965 931
965 940
965 952
965 968
965 980
965 995
966 5
966 18
966 34
966 73
966 104
966 230
966 251
966 270
966 299
966 327
966 386
966 391
966 590
966 595
966 623
966 668
966 679
966 682
966 708
966 723
966 773
966 781
966 833
966 844
966 866
966 881
966 897
966 900
966 928
966 951
966 958
966 962
966 972
966 974
967 46
967 110
967 126
967 149
967 192
967 194
967 208
967 225
967 229
967 260
967 277
967 306
967 340
967 383
967 460
967 496
967 507
967 602
967 618
967 632
967 660
967 768
967 807
967 812
967 822
967 824
967 832
967 888
967 889
967 902
967 936
967 943
967 949
967 956
968 59
968 129
968 155
968 185
968 204
968 216
968 220
968 236
968 300
968 315
968 438
968 465
968 486
968 489
968 592
968 598
968 619
968 631
968 649
968 666
968 667
968 702
968 716
968 720
968 748
968 756
968 762
968 878
968 897
968 900
968 931
968 952
968 965
968 980
968 995
969 10
969 12
969 36
969 76
969 115
969 213
969 222
969 233
969 259
969 268
969 311
969 317
969 343
969 427
969 457
969 467
969 477
969 488
969 492
969 522
969 571
969 611
969 627
969 718
969 738
969 770
969 806
969 827
969 848
969 849
969 901
969 919
969 964
969 975
969 982
970 242
970 297
970 399
970 401
970 463
970 491
970 505
970 561
970 583
970 617
970 725
970 734
970 745
970 757
970 759
970 761
970 832
970 865
970 914
970 933
970 937
970 938
970 955
970 976
970 978
970 982
970 989
970 994
970 999
971 29
971 51
971 63
971 150
971 165
971 201
971 226
971 305
971 327
971 371
971 433
971 464
971 483
971 507
971 516
971 517
971 553
971 572
971 588
971 612
971 628
971 642
971 677
971 706
971 715
971 743
971 763
971 800
971 820
971 830
971 842
971 904
971 913
971 943
971 985
971 986
972 14
972 50
972 73
972 78
972 84
972 120
972 137
972 230
972 369
972 386
972 391
972 393
972 400
972 595
972 623
972 668
972 679
972 682
972 708
972 723
972 773
972 781
972 791
972 833
972 844
972 866
972 881
972 897
972 900
972 928
972 932
972 958
972 962
972 966
972 974
972 989
973 61
973 195
973 210
973 216
973 257
973 284
973 320
973 321
973 348
973 375
973 396
973 414
973 420
973 424
973 440
973 591
973 639
973 687
973 695
973 739
973 796
973 802
973 813
973 840
973 841
973 855
973 862
973 868
973 890
973 912
973 927
973 930
973 947
973 953
973 955
973 980
973 991
974 5
974 18
974 50
974 84
974 104
974 120
974 132
974 137
974 312
974 386
974 391
974 393
974 490
974 590
974 595
974 623
974 668
974 679
974 682
974 708
974 723
974 758
974 773
974 781
974 791
974 833
974 844
974 866
974 881
974 897
974 900
974 924
974 928
974 958
974 962
974 966
974 972
974 982
975 10
975 12
975 52
975 76
975 92
975 115
975 213
975 233
975 259
975 268
975 311
975 317
975 339
975 342
975 343
975 372
975 399
975 427
975 488
975 492
975 497
975 522
975 571
975 582
975 611
975 627
975 708
975 718
975 738
975 770
975 806
975 827
975 848
975 849
975 919
975 940
975 964
975 969
975 988
976 65
976 168
976 176
976 242
976 250
976 258
976 297
976 401
976 405
976 421
976 425
976 439
976 491
976 505
976 506
976 561
976 583
976 597
976 622
976 725
976 734
976 745
976 757
976 759
976 761
976 865
976 905
976 914
976 933
976 937
976 938
976 955
976 970
976 978
976 982
976 989
976 990
976 994
976 999
977 23
977 39
977 122
977 131
977 142
977 147
977 148
977 152
977 162
977 205
977 222
977 224
977 247
977 253
977 263
977 332
977 418
977 432
977 447
977 449
977 494
977 503
977 521
977 555
977 577
977 584
977 626
977 633
977 726
977 742
977 750
977 765
977 815
977 821
977 908
977 960
977 979
977 981
977 990
978 66
978 82
978 101
978 122
978 209
978 235
978 250
978 294
978 357
978 401
978 405
978 421
978 439
978 454
978 505
978 506
978 561
978 583
978 725
978 734
978 745
978 757
978 759
978 761
978 823
978 865
978 885
978 913
978 914
978 933
978 937
978 938
978 955
978 970
978 976
978 982
978 989
978 994
978 999
979 2
979 23
979 91
979 131
979 142
979 147
979 148
979 152
979 224
979 247
979 253
979 257
979 263
979 332
979 356
979 367
979 398
979 418
979 428
979 432
979 447
979 494
979 503
979 504
979 521
979 577
979 584
979 626
979 633
979 726
979 750
979 765
979 815
979 821
979 908
979 925
979 952
979 960
979 977
979 990
980 22
980 45
980 59
980 71
980 79
980 113
980 161
980 185
980 204
980 220
980 261
980 262
980 315
980 412
980 431
980 436
980 443
980 465
980 486
980 489
980 592
980 619
980 631
980 649
980 667
980 702
980 716
980 720
980 733
980 748
980 756
980 762
980 801
980 878
980 931
980 951
980 952
980 965
980 968
980 973
980 995
981 8
981 33
981 69
981 151
981 162
981 166
981 248
981 255
981 304
981 354
981 388
981 408
981 431
981 444
981 470
981 543
981 544
981 560
981 569
981 574
981 575
981 581
981 615
981 644
981 684
981 688
981 694
981 722
981 785
981 797
981 870
981 872
981 885
981 935
981 941
981 977
981 983
981 988
981 989
981 992
981 996
982 19
982 82
982 85
982 168
982 176
982 239
982 250
982 294
982 357
982 405
982 421
982 425
982 439
982 454
982 491
982 505
982 506
982 561
982 583
982 651
982 712
982 725
982 734
982 745
982 757
982 759
982 761
982 865
982 914
982 933
982 937
982 938
982 955
982 969
982 970
982 974
982 976
982 978
982 989
982 994
982 999
983 8
983 69
983 111
983 151
983 191
983 219
983 248
983 324
983 388
983 408
983 442
983 470
983 484
983 513
983 526
983 543
983 544
983 550
983 560
983 569
983 574
983 575
983 581
983 615
983 644
983 688
983 694
983 722
983 785
983 786
983 791
983 797
983 870
983 872
983 885
983 916
983 935
983 941
983 981
983 988
983 992
983 996
984 83
984 95
984 107
984 144
984 193
984 252
984 276
984 287
984 322
984 333
984 335
984 344
984 353
984 389
984 404
984 410
984 426
984 464
984 476
984 500
984 528
984 559
984 594
984 610
984 621
984 646
984 658
984 659
984 685
984 696
984 766
984 775
984 784
984 790
984 817
984 899
984 915
984 932
984 940
984 942
984 993
984 998
985 29
985 51
985 54
985 58
985 150
985 165
985 201
985 226
985 270
985 291
985 302
985 305
985 328
985 360
985 371
985 378
985 433
985 483
985 517
985 553
985 572
985 588
985 600
985 612
985 628
985 638
985 642
985 677
985 706
985 715
985 743
985 747
985 763
985 800
985 820
985 830
985 842
985 904
985 943
985 971
985 986
985 991
986 29
986 51
986 54
986 58
986 63
986 141
986 150
986 165
986 201
986 226
986 232
986 270
986 302
986 305
986 328
986 360
986 371
986 398
986 433
986 483
986 516
986 517
986 553
986 572
986 588
986 612
986 628
986 638
986 642
986 677
986 706
986 715
986 743
986 763
986 800
986 820
986 830
986 842
986 904
986 943
986 971
986 985
986 999
987 21
987 44
987 108
987 119
987 123
987 127
987 161
987 280
987 314
987 373
987 377
987 437
987 445
987 508
987 559
987 562
987 567
987 570
987 607
987 641
987 648
987 656
987 675
987 705
987 713
987 788
987 789
987 793
987 835
987 836
987 857
987 861
987 869
987 870
987 907
987 913
987 923
987 934
987 948
987 950
987 951
987 993
987 997
988 6
988 8
988 69
988 111
988 162
988 166
988 171
988 219
988 248
988 255
988 324
988 346
988 354
988 388
988 408
988 444
988 470
988 484
988 513
988 543
988 544
988 560
988 569
988 574
988 575
988 644
988 688
988 694
988 722
988 780
988 785
988 797
988 870
988 872
988 885
988 903
988 921
988 935
988 941
988 975
988 981
988 983
988 992
988 996
989 19
989 65
989 66
989 101
989 122
989 239
989 242
989 258
989 294
989 297
989 357
989 401
989 405
989 421
989 425
989 439
989 454
989 491
989 505
989 506
989 561
989 569
989 583
989 725
989 734
989 745
989 757
989 759
989 761
989 865
989 914
989 933
989 937
989 938
989 948
989 955
989 956
989 970
989 972
989 976
989 978
989 981
989 982
989 994
989 999
990 2
990 23
990 39
990 91
990 142
990 147
990 148
990 152
990 205
990 224
990 247
990 253
990 263
990 332
990 367
990 398
990 418
990 428
990 432
990 447
990 449
990 455
990 494
990 503
990 504
990 518
990 521
990 555
990 577
990 584
990 613
990 623
990 626
990 633
990 726
990 750
990 765
990 815
990 821
990 908
990 954
990 960
990 976
990 977
990 979
991 20
991 41
991 61
991 156
991 195
991 210
991 221
991 257
991 275
991 284
991 321
991 326
991 345
991 348
991 375
991 396
991 414
991 420
991 422
991 424
991 429
991 456
991 487
991 554
991 591
991 629
991 639
991 687
991 695
991 739
991 769
991 796
991 802
991 813
991 840
991 841
991 862
991 868
991 890
991 912
991 930
991 947
991 953
991 973
991 985
992 6
992 28
992 33
992 151
992 166
992 171
992 191
992 219
992 248
992 255
992 304
992 324
992 354
992 388
992 408
992 442
992 444
992 484
992 513
992 543
992 544
992 552
992 560
992 569
992 575
992 581
992 615
992 644
992 687
992 688
992 694
992 722
992 785
992 786
992 797
992 840
992 870
992 872
992 885
992 935
992 941
992 981
992 983
992 988
992 996
993 0
993 32
993 108
993 119
993 123
993 127
993 167
993 199
993 280
993 314
993 318
993 373
993 385
993 437
993 445
993 508
993 559
993 562
993 568
993 570
993 604
993 607
993 641
993 648
993 656
993 675
993 705
993 713
993 731
993 788
993 789
993 793
993 835
993 857
993 861
993 869
993 907
993 913
993 923
993 934
993 948
993 951
993 960
993 984
993 987
993 997
994 19
994 65
994 66
994 82
994 85
994 101
994 176
994 209
994 239
994 242
994 250
994 258
994 294
994 297
994 357
994 401
994 421
994 425
994 439
994 454
994 491
994 505
994 506
994 561
994 583
994 615
994 725
994 734
994 745
994 757
994 759
994 761
994 798
994 836
994 865
994 914
994 922
994 933
994 937
994 938
994 955
994 970
994 976
994 978
994 982
994 989
994 999
995 22
995 45
995 59
995 71
995 79
995 113
995 129
995 155
995 161
995 185
995 204
995 220
995 221
995 227
995 261
995 262
995 300
995 411
995 412
995 431
995 436
995 443
995 465
995 486
995 489
995 534
995 592
995 598
995 619
995 649
995 666
995 667
995 690
995 702
995 716
995 720
995 748
995 756
995 762
995 878
995 900
995 921
995 927
995 931
995 952
995 965
995 968
995 980
996 6
996 8
996 33
996 69
996 111
996 162
996 166
996 171
996 191
996 219
996 248
996 255
996 277
996 304
996 324
996 354
996 388
996 442
996 444
996 470
996 484
996 513
996 543
996 544
996 560
996 569
996 574
996 575
996 581
996 615
996 644
996 688
996 722
996 728
996 785
996 786
996 797
996 828
996 870
996 872
996 885
996 935
996 941
996 944
996 963
996 981
996 983
996 988
996 992
997 0
997 1
997 21
997 44
997 108
997 119
997 123
997 127
997 167
997 199
997 244
997 280
997 314
997 373
997 385
997 437
997 508
997 562
997 567
997 568
997 570
997 604
997 607
997 641
997 648
997 656
997 675
997 705
997 713
997 731
997 788
997 789
997 793
997 796
997 835
997 836
997 857
997 861
997 904
997 907
997 913
997 923
997 934
997 948
997 951
997 963
997 964
997 987
997 993
998 83
998 95
998 97
998 107
998 186
998 193
998 236
998 252
998 276
998 287
998 333
998 335
998 353
998 355
998 389
998 390
998 404
998 426
998 464
998 476
998 500
998 515
998 528
998 529
998 594
998 610
998 621
998 646
998 658
998 659
998 683
998 685
998 696
998 753
998 757
998 766
998 775
998 784
998 790
998 794
998 834
998 871
998 899
998 915
998 932
998 940
998 942
998 963
998 984
999 19
999 65
999 66
999 82
999 85
999 101
999 122
999 168
999 176
999 209
999 239
999 242
999 250
999 258
999 294
999 297
999 357
999 401
999 405
999 421
999 425
999 454
999 491
999 505
999 506
999 561
999 583
999 725
999 732
999 734
999 745
999 757
999 759
999 761
999 786
999 799
999 865
999 899
999 914
999 933
999 937
999 938
999 955
999 970
999 976
999 978
999 982
999 986
999 989
999 994
