7 26 2
30 34 0
34 46 0
43 53 1
49 60 0
23 65 0
8 69 1
36 72 1
3 75 0
61 80 1
85 88 0
29 89 0
26 93 0
41 95 0
41 98 0
47 98 1
7 101 0
56 101 1
63 102 0
68 103 0
27 111 0
86 112 0
16 114 0
42 114 3
53 114 0
107 116 1
65 121 0
33 122 2
23 124 0
92 124 0
1 128 0
91 130 0
85 133 0
43 134 3
101 134 1
24 136 1
28 136 0
51 137 0
66 137 3
73 141 1
26 144 0
126 144 1
140 144 1
59 146 0
117 146 3
114 148 1
35 150 1
55 151 1
130 151 0
118 152 1
85 153 1
121 153 2
58 157 0
22 158 0
29 159 0
39 160 0
17 161 0
3 166 0
7 166 1
132 166 2
78 167 1
53 168 2
118 168 2
29 169 0
49 170 0
95 170 0
148 171 3
50 172 1
119 174 4
42 178 0
70 179 0
61 180 2
71 180 0
25 181 3
48 181 2
84 181 0
67 184 2
115 185 0
20 188 0
37 192 1
159 192 0
67 193 2
97 193 0
114 193 2
176 193 2
46 196 0
99 197 0
158 197 0
7 199 0
102 200 1
111 201 0
194 202 0
82 204 2
88 204 0
45 205 0
63 206 3
3 207 0
150 208 0
176 208 2
184 208 3
187 209 3
21 211 3
98 212 0
192 212 0
180 213 2
59 214 3
127 214 4
109 215 2
131 215 0
53 218 2
118 218 1
81 219 0
213 219 3
140 220 1
144 220 1
165 220 1
77 221 0
26 222 0
116 223 0
2 224 1
6 224 0
82 224 0
12 225 1
132 225 0
198 225 0
4 228 4
55 229 2
152 230 4
178 230 0
157 231 0
78 233 0
50 234 1
159 234 1
172 234 1
211 235 0
190 236 2
139 237 0
183 237 1
12 238 1
22 239 0
80 239 2
219 239 3
75 240 1
52 241 0
210 242 1
9 243 2
185 244 0
203 244 1
103 245 0
121 245 2
136 245 0
147 245 0
241 245 2
67 246 0
143 247 0
240 247 2
9 248 0
105 248 1
176 249 3
223 249 0
216 250 4
229 251 3
56 252 0
73 253 0
25 254 0
165 254 4
164 256 3
222 256 0
155 257 0
221 257 0
59 258 0
221 258 1
224 260 0
12 262 0
148 262 2
2 263 1
81 264 0
19 265 0
106 268 0
110 268 2
116 268 0
253 268 0
113 269 0
9 272 0
181 272 1
124 273 3
215 273 0
140 274 0
190 274 4
236 274 3
255 274 0
90 275 0
178 276 0
261 276 1
173 277 0
51 278 1
128 278 0
123 279 4
138 280 0
143 280 0
43 281 2
128 281 0
218 281 2
257 282 0
57 283 0
97 283 1
217 283 0
11 284 0
57 284 2
87 284 0
189 284 1
19 286 0
79 286 0
88 286 3
276 286 0
81 287 0
109 287 0
156 287 1
193 287 0
53 289 0
71 289 0
91 290 0
238 290 0
242 290 0
257 290 0
28 291 1
77 291 0
145 292 5
188 292 0
4 293 3
217 293 2
228 293 3
205 294 4
286 294 3
115 295 0
136 295 0
174 296 0
269 296 1
193 297 0
261 297 1
35 298 0
99 298 2
89 299 0
172 299 1
242 299 1
29 300 1
246 300 0
279 300 0
44 301 4
78 301 0
26 302 1
139 302 2
166 302 3
167 302 0
79 303 2
157 303 0
184 303 0
56 304 0
210 304 0
184 305 0
191 305 1
3 306 0
175 306 3
232 308 3
245 309 0
62 310 0
223 310 3
271 310 0
50 311 0
151 311 1
204 311 0
259 311 0
190 312 0
263 312 0
294 312 0
161 313 0
207 313 2
215 314 1
216 314 2
278 314 0
285 314 0
310 314 0
162 315 2
67 316 2
176 316 4
184 316 2
193 316 3
208 316 2
249 316 2
20 317 0
271 317 2
273 317 0
101 318 1
110 318 0
312 318 0
118 319 3
168 319 3
173 319 0
236 319 0
173 321 0
314 321 0
173 322 2
40 324 0
298 324 0
118 325 2
134 325 4
128 326 0
80 327 3
180 327 3
213 327 3
239 327 3
215 328 0
135 329 0
295 329 0
24 331 0
58 331 2
142 331 0
293 331 2
80 332 2
108 332 0
133 332 0
213 332 4
219 332 4
327 332 4
53 333 0
185 333 0
190 333 1
207 333 1
240 333 0
274 333 2
196 334 0
232 334 1
77 335 0
138 335 4
180 335 0
198 335 0
296 335 0
101 336 0
333 336 0
0 337 0
4 337 4
58 337 1
126 337 0
198 337 0
228 337 4
293 337 4
150 338 0
234 339 1
303 339 0
8 340 0
22 341 2
29 341 0
307 341 0
124 342 0
61 345 1
213 345 3
219 345 4
239 345 2
320 345 0
332 345 3
246 346 0
253 346 1
70 347 0
73 347 0
118 347 0
171 348 0
299 349 0
41 350 0
82 350 0
119 350 0
112 351 2
124 351 0
74 352 1
139 352 4
166 352 2
302 352 4
93 354 0
38 355 1
161 355 1
209 355 0
108 356 0
246 356 2
202 357 3
210 357 0
325 357 0
94 358 3
139 358 0
326 358 0
342 358 0
42 359 3
67 359 2
114 359 3
193 359 2
249 359 3
56 360 0
60 360 0
27 361 3
256 361 0
90 362 0
14 363 2
124 363 3
281 363 0
74 364 1
278 364 0
285 364 0
346 364 0
146 365 3
220 365 0
321 365 1
352 365 0
186 367 0
225 367 1
153 368 0
250 368 0
45 369 0
159 369 0
198 369 0
234 370 0
156 371 0
218 371 3
281 371 3
319 371 3
325 371 3
90 372 2
92 372 2
137 372 2
38 373 0
108 373 3
256 374 0
128 375 3
246 375 0
266 376 0
47 377 2
60 377 0
170 377 0
243 377 0
317 377 0
333 378 1
235 379 3
100 380 4
195 380 0
212 380 0
50 381 0
228 381 1
249 381 1
3 382 0
54 382 2
76 382 3
145 383 0
191 383 5
363 383 1
10 384 2
58 384 0
4 385 2
217 385 3
228 385 3
331 385 3
273 386 0
336 386 1
351 386 2
61 387 2
180 387 3
219 387 3
239 387 3
327 387 4
332 387 3
14 388 2
109 389 0
149 389 0
158 389 1
137 390 0
360 390 0
388 390 1
37 391 2
247 392 0
251 392 0
87 393 0
342 393 6
14 394 2
273 394 4
183 395 3
265 395 0
368 395 0
140 396 1
182 396 0
388 397 0
13 398 0
208 398 0
135 399 0
314 399 0
7 400 3
26 400 2
279 400 0
367 400 0
372 400 0
57 401 3
314 401 3
393 401 0
12 402 0
24 402 1
48 402 0
333 402 0
44 403 0
288 403 0
19 404 0
95 404 3
152 404 0
49 405 2
171 405 2
262 405 3
296 405 0
380 405 0
22 406 1
89 406 1
270 406 1
395 406 0
216 407 0
349 407 4
93 408 0
267 408 0
365 408 0
389 408 1
5 409 0
55 409 1
125 409 0
150 409 1
378 409 2
42 410 2
114 410 2
176 410 3
193 410 3
249 410 3
316 410 3
338 410 0
345 411 0
15 412 0
109 412 2
215 412 3
216 412 3
221 412 0
250 412 3
284 412 2
310 412 0
396 412 0
388 413 6
390 413 1
41 414 0
113 414 0
155 414 0
282 414 0
369 414 0
143 415 0
276 415 0
309 415 1
370 415 0
400 415 0
6 416 1
39 417 0
141 417 1
158 417 1
171 417 1
185 417 2
322 417 0
406 417 0
176 418 0
344 418 0
366 418 3
214 419 1
236 419 0
370 419 1
374 419 0
161 420 0
174 420 0
315 420 3
321 420 0
398 420 2
220 421 0
404 421 5
48 422 1
58 422 2
217 422 4
293 422 3
331 422 5
353 422 0
368 422 0
385 422 4
160 423 4
347 423 2
232 424 3
405 424 1
77 425 1
89 425 1
273 425 0
290 425 0
8 426 0
101 426 2
402 426 0
72 427 0
228 427 0
273 427 3
363 427 3
388 427 4
394 427 4
413 427 4
47 428 0
217 428 3
228 428 3
267 428 0
293 428 5
331 428 3
337 428 2
385 428 5
422 428 4
27 429 0
229 429 3
236 429 3
49 430 3
63 430 3
171 430 3
206 430 4
309 430 0
302 431 3
348 431 0
352 431 4
400 431 4
36 432 3
72 432 1
182 432 1
394 432 1
40 433 0
63 433 0
367 433 2
389 433 1
185 434 0
200 434 0
203 434 0
423 434 1
81 435 0
243 436 3
375 436 3
23 437 0
54 437 0
226 437 1
246 437 0
373 437 1
98 438 0
199 438 0
311 438 4
434 438 1
435 438 0
9 439 0
34 439 4
380 439 6
111 440 0
182 440 0
58 441 0
358 441 2
36 442 3
78 442 0
432 442 1
282 443 3
375 443 0
438 443 1
109 444 0
147 444 1
28 445 0
267 445 0
288 445 5
307 445 1
155 446 1
169 446 0
103 447 0
156 447 1
289 447 1
410 447 0
52 448 0
86 448 3
182 448 0
247 448 2
248 448 0
285 448 0
34 449 4
229 449 0
339 449 0
439 449 6
65 450 0
142 450 0
241 450 0
309 450 0
328 450 2
250 451 0
335 451 1
424 451 5
112 452 1
264 452 1
300 452 0
351 452 3
386 452 1
97 453 0
181 453 0
262 453 0
377 453 1
80 454 1
166 454 0
336 454 0
397 454 1
58 456 0
173 456 0
226 456 0
264 456 1
298 456 0
48 457 0
74 457 0
311 457 0
442 457 2
33 458 0
87 458 3
227 458 0
265 458 0
39 459 3
261 459 0
303 459 0
309 459 0
382 459 3
194 460 3
256 460 0
129 461 0
189 461 0
228 461 0
123 462 0
404 462 5
421 462 6
31 463 4
243 463 0
362 463 0
407 463 0
70 464 0
226 464 3
234 464 1
445 464 5
462 464 1
74 465 0
112 466 0
197 466 0
231 466 0
92 467 0
415 467 0
17 468 0
152 468 4
223 468 0
292 468 5
305 468 5
20 469 0
82 470 0
323 470 2
354 470 2
391 470 1
71 471 0
411 471 0
23 472 0
187 472 1
297 472 0
393 472 1
396 472 1
39 473 0
169 473 0
242 473 0
291 473 2
169 474 2
190 474 0
292 474 0
444 474 0
173 475 1
266 475 4
355 475 0
209 476 3
211 476 4
402 476 4
88 477 0
217 477 0
333 477 1
78 478 0
147 478 1
175 478 0
369 478 2
440 478 0
83 479 1
113 479 1
121 479 2
358 479 3
374 479 0
59 480 3
230 480 4
305 480 5
453 480 0
455 480 0
2 481 1
52 481 0
444 481 5
35 482 0
347 482 1
418 482 2
221 483 0
313 483 0
377 483 0
435 483 2
457 483 2
109 484 2
180 484 0
183 484 0
189 484 1
250 484 3
284 484 4
363 484 0
401 484 4
472 484 0
167 485 0
312 485 1
340 485 0
351 485 0
251 486 3
429 486 4
41 487 3
226 487 4
268 487 0
326 487 4
363 487 0
75 488 2
234 488 1
260 488 1
330 488 0
397 488 0
76 489 0
158 489 3
346 489 3
482 489 1
177 490 0
306 490 1
429 490 0
17 491 1
38 491 1
269 491 0
487 491 2
14 492 0
32 492 0
143 492 0
423 492 3
35 493 0
77 493 0
149 493 3
287 493 0
360 493 3
42 494 1
118 494 3
281 494 3
319 494 5
325 494 5
371 494 5
421 494 0
4 495 3
58 495 3
112 495 0
208 495 0
217 495 2
228 495 3
331 495 3
337 495 3
385 495 5
422 495 4
63 496 3
81 496 0
151 496 0
206 496 3
262 496 4
354 496 0
405 496 4
25 497 3
48 497 2
284 497 0
369 497 0
380 497 4
390 497 0
395 497 0
403 497 0
439 497 5
449 497 4
68 498 0
200 498 2
447 498 1
480 498 0
130 499 0
382 499 0
461 499 0
296 500 0
307 500 1
315 500 0
343 500 3
474 500 3
28 501 0
191 501 1
290 501 2
341 501 1
52 502 0
175 502 0
15 503 3
160 503 2
261 503 0
370 503 0
393 503 0
106 504 0
144 504 2
206 504 2
474 504 0
481 504 4
75 505 0
188 505 2
202 505 1
357 505 1
467 505 3
481 505 0
33 506 1
109 506 0
140 506 0
235 506 2
419 506 1
77 507 1
366 507 0
404 507 0
413 507 0
32 508 1
83 508 0
223 508 1
363 508 1
477 508 3
125 509 0
197 509 4
44 510 0
201 510 1
258 510 0
381 510 0
440 510 1
163 511 4
195 511 1
275 511 0
475 511 4
97 512 0
349 512 0
47 513 0
297 513 0
298 513 3
325 513 0
250 514 0
0 515 0
194 515 0
240 515 4
272 515 0
336 515 0
348 515 4
494 515 0
387 516 0
113 517 3
196 517 0
263 517 4
421 517 5
462 517 4
55 518 0
126 518 0
162 518 3
210 518 0
351 518 0
5 519 0
104 519 2
233 519 2
299 519 0
422 519 0
466 519 3
115 520 0
149 520 0
359 520 0
517 520 0
43 521 1
134 521 1
178 521 0
275 521 2
355 521 0
358 521 2
461 521 2
479 521 4
69 522 2
140 522 0
282 522 0
421 522 0
61 523 0
75 523 1
143 523 0
176 523 0
341 523 0
472 523 1
141 524 0
197 524 3
198 524 2
355 524 1
399 524 0
493 524 2
509 524 5
27 525 0
72 525 0
115 525 0
215 525 0
304 525 0
311 525 1
42 526 3
114 526 2
176 526 2
184 526 2
208 526 4
249 526 3
359 526 4
291 527 2
406 527 3
421 527 0
501 527 0
508 527 0
259 528 0
362 528 0
373 528 2
447 528 0
490 528 3
10 529 2
20 529 1
186 529 1
282 529 0
501 529 0
191 530 0
289 530 0
361 530 0
413 530 0
439 530 0
446 530 1
299 531 2
341 531 0
433 531 0
474 531 2
485 531 0
525 531 0
23 532 0
32 532 1
42 532 0
204 532 3
215 532 0
265 532 3
397 532 1
398 532 3
454 532 1
68 533 4
184 533 0
280 533 0
360 533 5
475 533 5
112 534 0
392 534 5
104 535 0
118 535 0
136 535 1
224 535 1
478 535 0
512 535 1
37 536 1
237 536 0
405 536 0
125 537 1
201 537 3
205 537 1
410 537 0
480 537 0
513 537 1
57 538 4
109 538 2
167 538 0
179 538 1
284 538 4
314 538 3
388 538 0
401 538 6
484 538 6
503 538 0
45 539 2
57 539 0
153 539 2
186 539 3
303 539 0
385 539 1
441 539 3
274 540 0
323 540 1
390 540 0
415 540 0
536 540 3
7 541 2
137 541 0
139 541 3
352 541 3
400 541 4
431 541 5
328 542 2
350 542 1
367 542 1
408 542 2
433 542 2
453 542 0
8 543 2
96 543 4
267 543 0
414 543 4
505 543 0
305 544 0
312 544 1
488 544 0
510 544 3
31 545 0
137 545 0
95 546 3
113 546 4
177 546 0
251 546 0
263 546 5
393 546 0
421 546 5
517 546 6
64 547 0
132 547 0
263 547 5
315 547 0
362 547 2
404 547 5
421 547 7
462 547 6
517 547 6
546 547 6
13 548 0
65 548 1
129 548 0
237 548 0
282 548 0
391 548 0
420 548 0
465 548 0
132 549 3
139 549 3
216 549 0
352 549 3
400 549 3
431 549 5
465 549 0
469 549 0
531 549 0
544 549 1
124 550 4
273 550 4
363 550 4
388 550 4
394 550 4
413 550 5
12 551 0
18 551 0
104 551 2
428 551 0
466 551 3
513 551 0
519 551 4
529 551 2
26 552 1
38 552 0
132 552 3
139 552 3
187 552 0
270 552 1
431 552 4
479 552 0
541 552 4
549 552 5
190 553 0
293 553 0
410 553 0
491 553 0
21 554 0
42 554 4
67 554 2
105 554 0
184 554 3
208 554 2
249 554 3
350 554 1
356 554 0
359 554 4
410 554 2
494 554 1
526 554 5
542 554 1
47 555 0
237 555 0
295 555 1
469 555 0
551 555 0
553 555 0
37 556 0
103 556 3
160 556 3
348 556 0
423 556 4
448 556 0
492 556 5
257 557 1
520 557 1
32 558 0
43 558 3
134 558 5
281 558 3
319 558 3
325 558 4
427 558 0
494 558 5
537 558 0
310 559 0
431 559 0
462 559 0
79 560 0
508 560 1
12 561 1
182 561 2
218 561 0
315 561 0
350 561 1
428 561 0
432 561 2
433 561 2
463 561 0
560 561 1
13 562 0
330 562 0
370 562 0
385 562 1
403 562 0
428 562 1
437 562 1
452 562 0
490 562 1
557 562 0
62 563 0
148 563 3
171 563 5
366 563 0
371 563 0
405 563 4
430 563 4
496 563 4
501 563 0
92 564 0
184 564 0
336 564 0
363 564 4
388 564 5
394 564 4
413 564 5
427 564 6
439 564 0
463 564 0
550 564 6
21 565 0
36 565 1
238 565 0
252 565 0
389 565 1
402 565 0
420 565 0
432 565 2
450 565 2
493 565 0
30 566 0
277 566 0
288 566 0
323 566 2
334 566 0
168 567 0
260 567 0
289 567 1
299 567 0
300 567 0
464 567 0
114 568 0
361 568 2
403 568 2
426 568 1
508 568 1
560 568 3
117 569 3
123 569 5
129 569 0
204 569 0
224 569 0
267 569 5
279 569 5
365 569 4
214 570 0
260 570 0
119 571 4
126 571 0
174 571 3
247 571 2
269 571 0
275 571 0
348 571 2
406 571 0
5 572 2
31 572 0
45 572 2
186 572 2
241 572 2
320 572 0
378 572 0
392 572 0
452 572 1
521 572 3
233 573 0
342 573 1
465 573 0
508 573 0
521 573 1
36 574 0
290 574 0
378 574 1
520 574 3
557 574 5
467 575 1
499 575 4
536 575 1
554 575 0
233 576 4
276 576 0
324 576 3
384 576 3
448 576 0
494 576 0
544 576 0
551 576 0
10 577 0
69 577 2
242 577 0
309 577 0
408 577 0
522 577 5
530 577 4
550 577 0
138 578 0
252 578 0
287 578 0
506 578 1
122 579 0
130 579 0
418 579 1
443 579 3
127 580 3
145 580 4
265 580 0
281 580 0
292 580 5
304 580 0
305 580 5
366 580 0
468 580 5
480 580 4
489 580 0
57 581 3
216 581 4
250 581 4
314 581 4
328 581 0
381 581 0
392 581 0
401 581 6
455 581 0
484 581 5
538 581 6
10 582 3
157 582 0
232 582 0
233 582 4
519 582 3
529 582 4
576 582 3
12 583 0
89 583 0
248 583 0
358 583 0
397 583 1
476 583 1
77 584 2
125 584 0
215 584 0
392 584 0
425 584 1
500 584 3
516 584 0
529 584 0
70 585 2
76 585 0
252 585 1
330 585 1
386 585 2
435 585 0
456 585 2
67 586 0
111 586 4
179 586 4
227 586 5
231 586 1
308 586 0
315 586 0
383 586 5
340 587 5
460 587 2
515 587 1
6 588 1
52 588 0
59 588 0
416 588 2
506 588 0
446 589 4
473 589 0
570 589 0
17 590 1
81 590 1
218 591 1
278 591 2
555 591 1
34 592 4
43 592 0
48 592 2
100 592 4
255 592 0
380 592 5
423 592 1
439 592 6
449 592 5
467 592 0
553 592 0
312 593 3
485 593 2
496 593 0
502 593 0
537 593 0
544 593 3
22 594 1
102 594 0
258 594 2
341 594 1
425 594 0
474 594 2
526 594 1
66 595 0
247 595 0
323 595 0
346 595 0
407 595 4
533 595 0
587 595 6
133 596 3
270 596 0
339 596 0
408 596 0
416 596 1
446 596 0
511 596 1
177 597 4
384 597 3
391 597 0
431 597 0
492 597 0
529 597 3
591 597 0
1 598 0
202 598 2
357 598 4
362 598 0
447 598 0
503 598 0
559 598 4
585 598 0
16 599 2
46 599 3
84 599 0
100 599 0
165 599 3
203 599 0
376 599 0
382 599 3
583 599 0
298 600 0
334 600 3
347 600 4
357 600 1
386 600 0
470 600 0
49 601 4
63 601 3
125 601 1
174 601 0
262 601 4
290 601 0
382 601 1
405 601 5
430 601 5
496 601 6
549 601 1
563 601 5
136 602 0
372 602 0
440 602 3
502 602 2
525 602 0
26 603 0
146 603 0
241 603 1
275 603 2
441 603 4
461 603 1
473 603 0
526 603 0
566 603 0
0 604 0
32 604 0
47 604 0
140 604 2
267 604 0
316 604 0
123 605 4
143 605 3
229 605 0
242 605 0
264 605 1
267 605 5
365 605 5
483 605 1
569 605 6
60 606 2
203 606 0
325 606 1
458 606 5
0 607 2
350 607 1
450 607 2
16 608 3
39 608 3
90 608 1
254 608 4
292 608 0
348 608 0
461 608 0
599 608 5
57 609 0
103 609 2
334 609 4
347 609 4
482 609 2
487 609 0
550 609 0
596 609 0
600 609 6
78 610 0
338 610 0
436 610 3
484 610 0
560 610 3
150 611 3
207 611 3
405 611 0
409 611 4
486 611 5
561 611 0
602 611 1
7 612 0
86 612 3
240 612 3
286 612 3
317 612 0
348 612 4
448 612 4
515 612 5
542 612 0
593 612 0
39 613 4
54 613 3
266 613 0
332 613 0
411 613 0
431 613 0
459 613 5
495 613 0
545 613 1
599 613 4
608 613 6
68 614 0
125 614 1
167 614 0
450 614 0
502 614 3
526 614 0
188 615 0
385 615 1
461 615 4
539 615 4
3 616 0
79 616 1
103 616 0
151 616 0
282 616 0
339 616 1
393 616 1
396 616 1
472 616 3
604 616 2
296 617 2
593 617 0
14 618 0
35 618 0
131 618 4
147 618 0
191 618 5
223 618 1
227 618 5
369 618 0
383 618 6
423 618 0
586 618 6
168 619 0
358 619 0
371 619 1
449 619 0
483 619 1
537 619 0
278 620 1
361 620 0
595 620 2
597 620 1
618 620 0
33 621 1
177 621 0
230 621 0
231 621 2
287 621 2
205 622 4
240 622 3
320 622 0
399 622 0
448 622 3
515 622 4
564 622 0
571 622 3
54 623 0
103 623 0
141 623 0
458 623 4
482 623 2
495 623 0
509 623 0
576 623 0
606 623 4
157 624 2
160 624 0
161 624 0
188 624 1
197 624 0
225 624 0
413 624 0
419 624 3
422 624 0
470 624 0
570 624 2
117 625 3
123 625 5
143 625 2
264 625 1
267 625 4
279 625 4
365 625 4
409 625 0
487 625 0
569 625 8
581 625 0
605 625 8
271 626 0
330 626 0
485 626 0
522 626 5
577 626 5
602 626 0
610 626 0
19 627 2
130 627 2
361 627 1
523 627 0
546 627 0
570 627 2
13 628 0
69 628 0
95 628 0
117 628 3
143 628 2
146 628 4
209 628 0
267 628 3
279 628 2
365 628 4
409 628 0
451 628 0
600 628 0
605 628 5
176 629 0
385 629 0
444 629 4
460 629 5
466 629 0
514 629 6
588 629 0
200 630 0
253 630 0
341 630 0
397 630 1
417 630 0
525 630 1
546 630 0
141 631 0
205 631 4
294 631 3
315 631 0
448 631 4
458 631 0
473 631 0
551 631 0
563 631 0
571 631 3
582 631 0
612 631 3
622 631 5
31 632 1
237 632 1
354 632 3
443 632 2
470 632 3
579 632 3
40 633 0
86 633 4
88 633 2
119 633 4
174 633 3
208 633 0
384 633 0
448 633 3
483 633 0
515 633 2
571 633 6
631 633 3
46 634 0
51 634 0
64 634 0
156 634 0
307 634 3
318 634 0
361 634 0
370 634 2
504 634 0
570 634 4
582 634 0
13 635 2
56 635 0
102 635 1
244 635 1
349 635 0
390 635 4
420 635 1
491 635 0
5 636 3
83 636 2
186 636 3
326 636 0
445 636 0
461 636 4
549 636 0
615 636 6
38 637 1
149 637 0
182 637 0
607 637 3
621 637 0
408 638 2
542 638 2
555 638 0
565 638 2
607 638 1
616 638 0
32 639 1
356 639 0
477 639 2
508 639 5
518 639 4
582 639 0
413 640 0
414 640 6
522 640 5
534 640 0
543 640 5
577 640 4
58 641 0
280 641 0
504 641 0
525 641 3
596 641 1
630 641 1
632 641 2
157 642 1
297 642 2
309 642 1
320 642 0
359 642 0
570 642 2
624 642 3
21 643 3
24 643 2
55 643 0
149 643 1
264 643 0
372 643 3
460 643 1
511 643 1
619 643 1
61 644 0
241 644 0
252 644 2
272 644 0
282 644 0
288 644 0
513 644 0
627 644 0
637 644 5
21 645 1
43 645 0
146 645 0
312 645 0
328 645 1
226 646 0
330 646 0
355 646 0
397 646 2
451 646 0
507 646 0
557 646 2
95 647 4
113 647 3
263 647 4
404 647 6
421 647 6
462 647 5
525 647 0
546 647 7
547 647 7
577 647 0
584 647 0
625 647 0
0 648 2
80 648 0
351 648 0
367 648 2
565 648 1
624 648 0
644 648 4
20 649 3
105 649 0
177 649 4
366 649 0
519 649 3
533 649 0
551 649 3
597 649 5
80 650 0
122 650 1
135 650 0
188 650 0
217 650 1
221 650 0
309 650 0
506 650 3
64 651 0
189 651 1
319 651 1
386 651 0
589 651 4
49 652 3
148 652 4
171 652 4
206 652 3
262 652 4
352 652 0
397 652 0
418 652 0
430 652 6
496 652 6
563 652 6
601 652 6
21 653 0
25 653 5
95 653 0
100 653 4
131 653 0
181 653 3
292 653 0
370 653 0
380 653 6
439 653 6
449 653 5
476 653 0
497 653 6
592 653 6
35 654 3
89 654 1
313 654 4
333 654 1
409 654 2
486 654 5
520 654 1
543 654 0
611 654 6
637 654 0
178 655 0
300 655 4
329 655 0
340 655 4
587 655 8
595 655 6
38 656 0
166 656 0
244 656 2
314 656 0
334 656 4
421 656 0
492 656 4
503 656 4
609 656 5
621 656 0
2 657 2
79 657 2
303 657 3
312 657 0
411 657 0
437 657 0
467 657 1
518 657 0
523 657 3
575 657 2
590 657 2
422 658 0
521 658 0
562 658 1
599 658 0
126 659 3
238 659 0
276 659 3
327 659 1
444 659 4
481 659 3
489 659 0
498 659 1
534 659 1
574 659 0
606 659 0
71 660 0
188 660 1
192 660 2
296 660 0
467 660 3
501 660 0
502 660 1
570 660 5
596 660 0
634 660 3
202 661 4
434 661 0
506 661 1
545 661 7
589 661 6
651 661 7
14 662 0
166 662 0
368 662 4
425 662 0
436 662 0
440 662 0
534 662 6
555 662 0
575 662 5
120 663 4
204 663 1
306 663 3
320 663 6
451 663 6
456 663 1
593 663 1
650 663 0
182 664 0
322 664 1
398 664 3
518 664 4
532 664 3
639 664 5
660 664 1
283 665 0
285 665 5
371 665 0
481 665 1
517 665 0
530 665 7
543 665 5
577 665 5
626 665 7
244 666 1
285 666 4
430 666 1
453 666 0
522 666 5
530 666 5
543 666 5
561 666 0
626 666 6
640 666 6
656 666 2
665 666 9
35 667 2
164 667 0
190 667 2
274 667 3
313 667 3
331 667 0
391 667 0
429 667 4
486 667 5
611 667 5
654 667 7
32 668 1
54 668 0
106 668 0
147 668 3
265 668 4
315 668 3
477 668 3
541 668 0
576 668 0
590 668 0
664 668 3
17 669 1
23 669 0
143 669 0
339 669 3
372 669 0
411 669 2
443 669 1
569 669 0
589 669 2
616 669 2
182 670 1
183 670 0
350 670 1
561 670 4
566 670 1
638 670 4
644 670 2
70 671 0
357 671 5
418 671 4
429 671 1
486 671 1
509 671 1
545 671 1
559 671 5
600 671 1
186 672 1
189 672 3
271 672 0
356 672 4
458 672 0
539 672 2
647 672 0
665 672 2
16 673 0
176 673 0
256 673 0
338 673 4
482 673 3
544 673 0
565 673 0
598 673 5
658 673 5
671 673 5
239 674 1
285 674 0
306 674 1
368 674 5
458 674 0
499 674 5
505 674 0
93 675 3
105 675 0
394 675 1
432 675 1
444 675 5
463 675 4
465 675 5
481 675 5
494 675 0
521 675 0
593 675 0
648 675 0
14 676 4
22 676 0
40 676 0
124 676 4
273 676 5
363 676 6
388 676 6
394 676 6
413 676 5
427 676 7
527 676 0
534 676 0
547 676 0
550 676 8
564 676 7
642 676 0
91 677 0
232 677 5
306 677 2
308 677 5
320 677 5
355 677 0
374 677 0
424 677 6
436 677 0
508 677 1
663 677 7
293 678 0
329 678 1
354 678 0
361 678 1
409 678 0
492 678 4
503 678 4
568 678 1
574 678 0
600 678 5
604 678 0
609 678 5
210 679 1
211 679 1
224 679 2
256 679 2
269 679 0
411 679 4
427 679 1
463 679 0
565 679 0
79 680 0
175 680 4
306 680 3
308 680 4
321 680 5
362 680 6
472 680 0
507 680 1
631 680 0
20 681 0
375 681 0
423 681 3
503 681 5
557 681 0
600 681 5
609 681 6
656 681 7
678 681 8
112 682 0
212 682 1
287 682 1
370 682 0
401 682 0
455 682 0
467 682 3
505 682 3
517 682 0
527 682 1
650 682 2
73 683 0
208 683 0
292 683 1
505 683 0
568 683 1
610 683 6
107 684 1
162 684 1
192 684 2
235 684 2
447 684 0
486 684 0
570 684 3
608 684 0
615 684 1
628 684 1
634 684 2
660 684 5
61 685 4
80 685 4
156 685 0
180 685 4
213 685 5
219 685 6
225 685 0
239 685 5
327 685 6
332 685 6
345 685 5
387 685 6
404 685 0
417 685 0
440 685 0
466 685 0
598 685 0
34 686 0
176 686 0
215 686 2
216 686 4
250 686 5
284 686 4
291 686 0
331 686 0
401 686 4
412 686 5
484 686 7
538 686 5
581 686 6
116 687 0
160 687 0
162 687 1
244 687 0
391 687 0
578 687 2
684 687 4
69 688 2
96 688 2
119 688 1
122 688 1
258 688 0
324 688 0
405 688 0
414 688 4
530 688 5
583 688 0
626 688 5
640 688 5
665 688 6
666 688 6
102 689 0
111 689 4
131 689 4
179 689 4
191 689 5
227 689 5
383 689 6
477 689 0
493 689 0
586 689 8
611 689 1
618 689 8
642 689 0
97 690 2
120 690 0
380 690 0
447 690 1
664 690 1
194 691 0
380 691 0
435 691 4
560 691 4
164 692 2
256 692 2
260 692 4
277 692 0
335 692 1
442 692 0
488 692 2
491 692 2
527 692 0
585 692 0
590 692 1
630 692 0
639 692 0
12 693 0
98 693 0
169 693 1
242 693 1
265 693 0
299 693 3
425 693 1
432 693 0
445 693 0
531 693 3
533 693 0
590 693 0
31 694 1
326 694 5
342 694 6
393 694 6
424 694 0
445 694 6
464 694 5
487 694 5
547 694 0
605 694 0
632 694 1
154 695 1
354 695 1
361 695 0
486 695 1
566 695 2
640 695 0
693 695 0
66 696 1
111 696 4
131 696 4
179 696 5
191 696 7
222 696 0
227 696 5
305 696 1
383 696 6
419 696 0
428 696 0
501 696 1
538 696 1
576 696 0
586 696 8
618 696 8
689 696 10
47 697 0
76 697 0
201 697 0
210 697 0
261 697 1
457 697 3
691 697 8
83 698 3
121 698 2
293 698 0
389 698 1
441 698 5
457 698 0
500 698 1
603 698 5
615 698 6
636 698 6
679 698 0
84 699 0
111 699 4
131 699 4
163 699 0
179 699 4
191 699 6
227 699 5
383 699 6
429 699 0
586 699 8
590 699 0
605 699 0
618 699 8
681 699 0
689 699 10
696 699 10
69 700 0
91 700 2
147 700 3
187 700 0
241 700 0
257 700 0
310 700 3
408 700 0
429 700 0
477 700 4
605 700 0
639 700 4
664 700 3
159 701 1
199 701 0
224 701 1
303 701 1
411 701 4
435 701 0
496 701 0
549 701 0
564 701 0
571 701 1
590 701 2
633 701 2
669 701 2
673 701 0
679 701 5
16 702 0
99 702 0
151 702 1
158 702 3
174 702 1
290 702 0
306 702 0
346 702 2
417 702 2
489 702 3
498 702 0
520 702 1
583 702 1
588 702 1
700 702 1
24 703 0
300 703 4
340 703 4
349 703 4
502 703 0
587 703 7
591 703 1
595 703 6
621 703 1
661 703 0
14 704 4
124 704 4
205 704 0
273 704 5
327 704 0
363 704 6
388 704 6
394 704 6
413 704 5
427 704 7
431 704 0
550 704 8
564 704 7
637 704 0
667 704 2
676 704 10
42 705 0
90 705 3
136 705 3
142 705 0
145 705 0
187 705 4
402 705 4
408 705 0
471 705 0
493 705 0
567 705 0
643 705 6
664 705 1
679 705 1
28 706 1
83 706 0
178 706 3
221 706 1
275 706 0
299 706 1
527 706 2
531 706 3
600 706 0
620 706 0
6 707 0
66 707 0
147 707 0
203 707 0
205 707 0
280 707 1
308 707 1
457 707 0
467 707 1
578 707 1
623 707 0
634 707 1
642 707 1
646 707 0
687 707 6
53 708 3
118 708 5
134 708 3
168 708 4
218 708 5
260 708 1
319 708 6
325 708 6
371 708 5
392 708 0
494 708 6
528 708 0
558 708 5
568 708 0
589 708 1
591 708 1
657 708 0
692 708 1
17 709 2
164 709 1
209 709 0
274 709 0
395 709 0
400 709 0
411 709 3
472 709 2
491 709 3
618 709 0
669 709 5
679 709 3
132 710 1
315 710 3
508 710 4
517 710 0
518 710 4
639 710 6
649 710 0
677 710 1
700 710 5
117 711 5
123 711 5
146 711 4
185 711 0
267 711 5
279 711 5
365 711 6
478 711 1
533 711 0
569 711 8
605 711 7
625 711 8
628 711 7
633 711 0
658 711 0
680 711 0
28 712 0
137 712 0
475 712 1
485 712 2
556 712 1
594 712 0
638 712 0
645 712 5
62 713 0
214 713 0
251 713 0
297 713 2
307 713 1
415 713 1
503 713 0
506 713 2
638 713 1
650 713 3
653 713 0
682 713 2
687 713 3
301 714 5
318 714 0
320 714 0
340 714 5
379 714 1
460 714 2
566 714 1
587 714 9
595 714 7
626 714 0
655 714 8
695 714 1
703 714 8
711 714 0
177 715 0
259 715 4
272 715 0
276 715 0
379 715 1
559 715 5
623 715 4
658 715 6
7 716 4
26 716 4
122 716 0
132 716 5
166 716 4
183 716 0
302 716 4
329 716 1
333 716 0
334 716 0
400 716 6
431 716 7
541 716 5
549 716 5
552 716 6
678 716 1
710 716 1
122 717 0
181 717 0
235 717 2
254 717 1
260 717 0
280 717 2
295 717 0
379 717 4
415 717 3
433 717 1
509 717 0
532 717 0
649 717 0
713 717 1
95 718 4
107 718 1
113 718 4
159 718 0
207 718 0
235 718 0
263 718 5
353 718 0
404 718 6
421 718 7
462 718 6
516 718 0
517 718 7
546 718 8
547 718 8
647 718 9
45 719 0
132 719 4
139 719 5
155 719 0
166 719 4
302 719 5
352 719 6
396 719 0
400 719 4
424 719 1
431 719 7
467 719 0
528 719 0
541 719 6
549 719 7
552 719 6
650 719 0
716 719 9
0 720 0
20 720 3
104 720 2
121 720 0
177 720 4
278 720 0
323 720 0
384 720 4
559 720 0
576 720 4
649 720 6
18 721 1
295 721 1
418 721 3
499 721 0
671 721 3
16 722 2
46 722 3
54 722 3
76 722 3
132 722 0
165 722 5
241 722 0
254 722 6
459 722 4
608 722 6
613 722 6
662 722 0
57 723 0
66 723 4
92 723 3
137 723 3
157 723 0
187 723 4
238 723 0
402 723 5
476 723 5
522 723 0
623 723 1
643 723 5
670 723 0
705 723 7
8 724 2
31 724 0
285 724 4
414 724 5
511 724 0
530 724 6
569 724 1
577 724 6
626 724 6
640 724 7
665 724 8
688 724 7
21 725 4
24 725 3
90 725 4
120 725 0
136 725 4
211 725 5
378 725 0
430 725 0
463 725 0
476 725 5
635 725 1
637 725 0
638 725 1
643 725 7
705 725 7
19 726 0
89 726 1
353 726 6
407 726 0
493 726 4
509 726 5
511 726 5
533 726 6
554 726 0
654 726 2
111 727 4
127 727 0
131 727 4
179 727 4
191 727 5
227 727 5
343 727 2
383 727 6
533 727 1
570 727 1
586 727 8
618 727 8
627 727 1
689 727 10
696 727 10
699 727 10
703 727 0
726 727 1
127 728 4
145 728 4
152 728 5
193 728 0
214 728 4
230 728 6
292 728 5
302 728 1
305 728 5
468 728 6
480 728 5
30 729 3
196 729 3
271 729 0
340 729 0
404 729 0
469 729 4
542 729 0
552 729 0
575 729 4
674 729 6
129 730 0
253 730 1
257 730 0
383 730 0
484 730 0
489 730 3
556 730 0
574 730 3
583 730 3
641 730 2
646 730 2
704 730 0
46 731 4
50 731 0
76 731 4
125 731 0
165 731 5
230 731 0
254 731 6
343 731 0
350 731 0
382 731 5
459 731 5
510 731 0
599 731 7
608 731 6
613 731 6
694 731 1
717 731 1
718 731 0
722 731 9
1 732 2
282 732 2
383 732 0
426 732 0
498 732 1
566 732 2
579 732 4
610 732 0
659 732 1
690 732 4
62 733 2
201 733 2
343 733 1
351 733 0
369 733 1
442 733 1
478 733 1
502 733 2
510 733 3
520 733 0
727 733 1
29 734 0
160 734 0
210 734 1
260 734 0
302 734 0
343 734 4
436 734 0
512 734 1
527 734 3
594 734 1
693 734 3
706 734 4
103 735 3
240 735 1
334 735 3
474 735 0
492 735 6
509 735 1
556 735 5
642 735 0
656 735 7
671 735 1
678 735 6
681 735 6
724 735 0
95 736 4
113 736 4
117 736 0
141 736 1
144 736 0
263 736 5
375 736 2
404 736 6
421 736 7
444 736 0
462 736 7
469 736 0
517 736 7
542 736 0
546 736 8
547 736 8
578 736 0
647 736 9
718 736 10
20 737 3
46 737 0
177 737 4
233 737 2
324 737 4
466 737 3
576 737 4
597 737 5
622 737 0
649 737 6
720 737 8
11 738 0
126 738 2
133 738 0
135 738 2
397 738 1
440 738 0
460 738 5
463 738 4
514 738 5
536 738 0
566 738 1
629 738 7
659 738 4
670 738 1
25 739 0
32 739 0
93 739 4
135 739 3
157 739 0
191 739 0
319 739 0
404 739 0
463 739 3
514 739 4
516 739 3
529 739 0
629 739 5
675 739 5
51 740 0
144 740 3
242 740 0
250 740 0
516 740 7
629 740 7
711 740 2
721 740 1
739 740 6
117 741 5
123 741 5
143 741 3
146 741 4
219 741 0
251 741 0
267 741 5
279 741 5
321 741 1
343 741 0
365 741 7
478 741 1
569 741 8
605 741 8
609 741 0
625 741 9
628 741 8
711 741 11
9 742 0
82 742 1
311 742 3
378 742 2
407 742 1
438 742 4
442 742 0
506 742 0
534 742 1
574 742 4
641 742 2
4 743 1
207 743 3
229 743 4
236 743 3
251 743 4
258 743 0
312 743 0
345 743 0
376 743 0
378 743 4
409 743 3
429 743 5
611 743 7
631 743 0
667 743 4
43 744 4
53 744 4
117 744 0
134 744 4
143 744 0
148 744 0
168 744 3
218 744 4
256 744 0
281 744 5
319 744 5
325 744 6
371 744 6
386 744 0
494 744 6
498 744 1
541 744 0
558 744 7
678 744 0
708 744 9
710 744 0
49 745 5
63 745 4
148 745 4
171 745 5
206 745 5
262 745 5
382 745 1
405 745 6
430 745 7
466 745 0
486 745 0
496 745 7
504 745 1
544 745 1
549 745 2
563 745 7
569 745 0
575 745 1
601 745 10
614 745 0
652 745 9
675 745 0
34 746 0
123 746 0
244 746 1
298 746 0
330 746 0
379 746 1
447 746 3
490 746 3
577 746 0
596 746 0
690 746 2
15 747 0
127 747 0
264 747 2
268 747 0
388 747 0
442 747 0
456 747 3
468 747 0
498 747 2
567 747 3
599 747 0
664 747 0
746 747 3
231 748 0
271 748 1
297 748 2
298 748 0
355 748 0
418 748 1
450 748 0
473 748 0
579 748 1
580 748 0
624 748 2
650 748 3
682 748 2
687 748 4
707 748 4
132 749 0
148 749 0
330 749 0
364 749 3
386 749 1
490 749 3
528 749 4
567 749 2
625 749 0
639 749 1
660 749 1
713 749 0
58 750 0
82 750 2
162 750 3
190 750 0
235 750 0
363 750 1
388 750 0
398 750 3
434 750 0
508 750 3
518 750 5
639 750 5
660 750 1
664 750 7
6 751 1
115 751 2
180 751 0
243 751 0
254 751 1
308 751 0
468 751 0
557 751 3
590 751 0
619 751 1
632 751 0
643 751 1
722 751 2
742 751 4
25 752 4
34 752 4
48 752 4
100 752 4
177 752 0
181 752 4
233 752 0
380 752 6
439 752 7
449 752 6
465 752 1
497 752 7
552 752 0
579 752 1
592 752 8
612 752 0
653 752 9
29 753 0
91 753 0
104 753 0
210 753 2
242 753 2
257 753 0
349 753 0
391 753 0
500 753 3
501 753 2
531 753 1
584 753 4
594 753 2
627 753 0
23 754 1
105 754 1
182 754 0
183 754 1
195 754 2
302 754 1
339 754 0
364 754 0
394 754 0
516 754 0
540 754 0
566 754 3
588 754 0
690 754 2
728 754 2
85 755 0
116 755 4
121 755 0
198 755 3
266 755 4
353 755 6
487 755 0
493 755 4
511 755 5
543 755 2
610 755 0
630 755 0
665 755 1
726 755 8
30 756 0
167 756 0
171 756 0
289 756 0
495 756 0
510 756 0
535 756 4
593 756 2
665 756 0
701 756 0
712 756 5
715 756 0
15 757 3
89 757 0
132 757 0
160 757 3
214 757 0
347 757 4
423 757 6
453 757 1
558 757 0
592 757 1
600 757 5
636 757 0
656 757 5
678 757 6
681 757 8
735 757 6
8 758 0
21 758 5
59 758 0
92 758 3
123 758 0
136 758 3
187 758 5
209 758 5
211 758 5
380 758 0
476 758 7
643 758 6
645 758 1
679 758 2
705 758 8
723 758 7
725 758 8
25 759 4
34 759 4
37 759 0
48 759 5
100 759 4
181 759 5
326 759 0
380 759 6
422 759 1
439 759 7
449 759 6
497 759 7
592 759 8
653 759 9
663 759 0
752 759 11
11 760 1
16 760 0
170 760 1
218 760 0
336 760 0
369 760 2
426 760 3
443 760 2
502 760 2
617 760 1
712 760 3
723 760 1
44 761 5
75 761 0
115 761 1
220 761 0
227 761 0
260 761 1
301 761 6
349 761 5
406 761 0
407 761 5
587 761 6
655 761 6
703 761 7
714 761 8
751 761 1
65 762 0
226 762 5
263 762 0
288 762 5
326 762 5
342 762 6
393 762 6
412 762 0
415 762 0
445 762 7
464 762 6
487 762 6
606 762 0
610 762 1
630 762 0
680 762 0
694 762 10
719 762 0
760 762 0
24 763 3
66 763 3
163 763 0
211 763 3
253 763 0
359 763 0
371 763 0
372 763 3
402 763 6
441 763 0
476 763 6
589 763 0
597 763 2
604 763 0
643 763 7
691 763 0
705 763 6
723 763 7
725 763 7
41 764 3
288 764 5
326 764 4
342 764 6
357 764 0
393 764 6
445 764 8
464 764 6
584 764 0
689 764 0
694 764 9
762 764 10
68 765 0
86 765 0
300 765 5
301 765 5
345 765 0
349 765 5
370 765 0
407 765 6
460 765 1
561 765 0
591 765 2
595 765 7
655 765 7
703 765 9
714 765 9
736 765 0
761 765 10
764 765 2
69 766 0
384 766 0
482 766 4
526 766 0
541 766 1
598 766 7
658 766 8
673 766 8
715 766 8
761 766 2
50 767 3
118 767 0
189 767 4
211 767 0
353 767 2
356 767 4
387 767 0
530 767 0
563 767 0
589 767 5
622 767 1
672 767 7
694 767 1
45 768 0
217 768 1
268 768 4
298 768 2
338 768 0
354 768 0
376 768 4
399 768 5
455 768 6
486 768 0
551 768 0
638 768 0
650 768 1
721 768 0
22 769 0
156 769 3
240 769 0
280 769 1
300 769 0
447 769 2
578 769 1
585 769 1
621 769 3
638 769 1
642 769 1
650 769 2
698 769 0
717 769 2
723 769 0
748 769 2
759 769 2
64 770 0
91 770 1
223 770 3
265 770 3
310 770 4
386 770 1
420 770 3
469 770 0
577 770 1
607 770 1
639 770 4
664 770 5
668 770 5
710 770 4
737 770 0
750 770 4
48 771 0
120 771 4
308 771 5
344 771 0
362 771 6
424 771 6
425 771 1
426 771 0
451 771 7
574 771 0
630 771 0
642 771 1
663 771 8
677 771 7
680 771 7
42 772 0
99 772 2
154 772 5
272 772 4
399 772 5
418 772 1
511 772 0
537 772 1
573 772 6
624 772 0
687 772 1
768 772 5
41 773 4
59 773 0
221 773 1
226 773 4
288 773 5
312 773 0
342 773 6
393 773 6
438 773 0
445 773 6
487 773 6
576 773 1
626 773 0
694 773 8
762 773 10
764 773 9
91 774 3
148 774 0
310 774 4
322 774 1
387 774 0
420 774 4
477 774 4
572 774 1
641 774 0
664 774 6
700 774 8
710 774 5
735 774 1
741 774 0
750 774 5
83 775 2
153 775 3
262 775 1
266 775 0
275 775 3
296 775 1
331 775 1
441 775 6
462 775 0
539 775 6
603 775 6
615 775 6
698 775 7
711 775 1
740 775 1
767 775 0
45 776 3
245 776 3
366 776 1
479 776 4
512 776 0
517 776 0
521 776 4
572 776 5
603 776 3
615 776 7
667 776 0
703 776 0
775 776 5
208 777 1
236 777 1
248 777 3
283 777 2
354 777 2
423 777 0
481 777 0
491 777 0
526 777 2
536 777 3
548 777 2
602 777 0
714 777 1
741 777 0
754 777 2
35 778 2
55 778 3
99 778 1
126 778 0
164 778 0
190 778 1
251 778 4
279 778 0
313 778 3
378 778 5
409 778 5
486 778 5
564 778 0
611 778 6
654 778 7
735 778 0
742 778 1
743 778 6
759 778 0
771 778 1
105 779 0
199 779 4
201 779 2
321 779 0
425 779 0
454 779 1
647 779 0
681 779 0
702 779 0
730 779 0
70 780 1
156 780 0
199 780 0
212 780 3
277 780 1
351 780 1
390 780 0
402 780 0
437 780 2
475 780 1
562 780 1
567 780 1
682 780 1
712 780 2
716 780 0
756 780 1
32 781 0
54 781 0
135 781 2
194 781 2
261 781 4
292 781 1
322 781 1
398 781 2
465 781 5
504 781 3
516 781 5
659 781 4
683 781 1
712 781 0
740 781 7
56 782 1
62 782 1
101 782 2
114 782 0
167 782 0
170 782 2
192 782 0
326 782 0
369 782 2
423 782 0
477 782 0
512 782 2
528 782 0
550 782 0
602 782 1
688 782 0
771 782 1
778 782 1
71 783 3
110 783 0
133 783 3
156 783 0
397 783 3
461 783 1
494 783 0
553 783 0
557 783 1
588 783 2
596 783 3
600 783 0
604 783 0
630 783 3
646 783 4
718 783 0
728 783 0
64 784 2
78 784 0
104 784 0
157 784 0
248 784 3
579 784 5
611 784 0
671 784 1
681 784 0
695 784 5
704 784 1
777 784 6
128 785 0
242 785 0
322 785 0
395 785 3
403 785 0
582 785 1
692 785 0
695 785 5
735 785 1
754 785 4
777 785 5
0 786 4
107 786 0
219 786 0
225 786 3
273 786 0
297 786 0
316 786 0
328 786 3
367 786 4
381 786 0
494 786 0
607 786 4
612 786 0
637 786 5
644 786 5
648 786 5
677 786 0
691 786 1
782 786 0
126 787 2
261 787 4
465 787 7
488 787 1
516 787 6
523 787 0
579 787 1
603 787 0
636 787 0
659 787 5
675 787 5
681 787 1
740 787 7
752 787 2
781 787 9
5 788 0
96 788 3
154 788 0
232 788 0
285 788 5
414 788 5
416 788 0
481 788 1
522 788 5
530 788 5
543 788 7
626 788 7
640 788 7
665 788 10
666 788 9
672 788 2
718 788 0
724 788 8
725 788 0
57 789 4
94 789 0
109 789 4
215 789 4
216 789 5
237 789 0
250 789 5
284 789 5
314 789 5
347 789 0
401 789 6
412 789 6
433 789 0
484 789 7
538 789 8
581 789 8
594 789 2
595 789 0
686 789 9
753 789 2
7 790 0
356 790 0
389 790 2
432 790 2
450 790 4
502 790 0
565 790 6
594 790 0
637 790 3
638 790 4
648 790 3
670 790 4
680 790 0
684 790 0
749 790 2
204 791 0
318 791 1
426 791 3
454 791 4
535 791 2
649 791 0
655 791 1
672 791 0
687 791 1
712 791 3
741 791 0
754 791 1
756 791 4
760 791 5
779 791 1
253 792 1
351 792 0
373 792 1
383 792 0
447 792 0
478 792 0
639 792 0
646 792 5
729 792 1
742 792 6
774 792 0
1 793 0
8 793 0
56 793 2
95 793 0
388 793 0
454 793 2
470 793 0
556 793 1
602 793 4
629 793 1
645 793 4
706 793 2
722 793 1
740 793 1
791 793 4
102 794 1
141 794 0
167 794 1
212 794 2
240 794 0
281 794 0
322 794 3
357 794 1
567 794 3
635 794 4
688 794 0
747 794 5
772 794 1
236 795 1
336 795 0
399 795 0
458 795 5
578 795 1
598 795 6
606 795 7
656 795 1
671 795 7
673 795 8
715 795 6
766 795 9
777 795 1
789 795 0
41 796 4
226 796 5
231 796 0
232 796 0
234 796 1
288 796 5
326 796 5
342 796 6
393 796 6
430 796 0
445 796 7
464 796 7
487 796 7
668 796 0
694 796 10
723 796 0
732 796 1
762 796 12
764 796 11
773 796 12
104 797 5
324 797 4
343 797 0
466 797 6
499 797 1
512 797 1
519 797 6
529 797 5
539 797 0
551 797 6
575 797 1
582 797 5
597 797 7
649 797 7
720 797 6
737 797 7
763 797 1
5 798 0
18 798 0
106 798 0
162 798 0
178 798 3
210 798 2
248 798 0
290 798 3
406 798 2
499 798 0
500 798 4
527 798 3
589 798 1
592 798 0
624 798 0
661 798 1
706 798 4
753 798 4
209 799 1
426 799 2
475 799 1
478 799 1
480 799 0
485 799 3
510 799 4
544 799 4
593 799 3
640 799 0
652 799 0
730 799 1
758 799 2
126 800 0
138 800 2
174 800 0
260 800 3
335 800 3
339 800 2
472 800 1
593 800 0
604 800 4
620 800 1
669 800 5
692 800 5
737 800 1
747 800 0
749 800 0
761 800 1
791 800 0
80 801 0
128 801 1
220 801 3
289 801 0
316 801 0
346 801 0
375 801 2
435 801 3
528 801 0
571 801 1
613 801 0
627 801 2
683 801 2
691 801 4
697 801 5
747 801 0
86 802 0
195 802 1
222 802 5
225 802 0
247 802 0
253 802 1
356 802 4
385 802 0
545 802 7
651 802 6
668 802 1
690 802 1
721 802 0
730 802 2
767 802 7
798 802 0
164 803 1
257 803 2
258 803 3
270 803 1
291 803 3
313 803 0
343 803 4
359 803 0
401 803 1
406 803 4
435 803 0
473 803 4
527 803 4
584 803 3
601 803 0
632 803 0
734 803 5
211 804 0
353 804 1
356 804 4
446 804 6
469 804 0
530 804 1
545 804 7
559 804 1
560 804 0
579 804 0
651 804 7
661 804 8
672 804 7
738 804 0
776 804 1
802 804 10
291 805 0
406 805 0
427 805 0
445 805 1
471 805 0
489 805 4
528 805 0
557 805 4
574 805 4
622 805 1
630 805 1
646 805 4
742 805 5
764 805 3
765 805 1
792 805 8
344 806 4
373 806 1
493 806 0
603 806 2
610 806 6
611 806 0
627 806 4
683 806 7
691 806 5
698 806 1
27 807 1
146 807 0
238 807 2
252 807 4
328 807 4
345 807 0
408 807 2
435 807 0
450 807 4
490 807 1
542 807 4
545 807 1
601 807 0
661 807 1
670 807 4
786 807 4
790 807 5
108 808 2
115 808 0
135 808 0
229 808 1
340 808 0
373 808 5
390 808 3
410 808 1
452 808 2
490 808 4
492 808 0
498 808 2
528 808 3
572 808 1
728 808 0
746 808 4
749 808 4
792 808 2
29 809 1
44 809 4
55 809 0
300 809 6
301 809 6
349 809 5
407 809 6
425 809 0
457 809 0
496 809 0
579 809 1
587 809 7
595 809 9
620 809 1
621 809 2
633 809 0
655 809 8
703 809 10
714 809 11
761 809 12
765 809 12
777 809 3
44 810 4
63 810 0
133 810 0
168 810 0
169 810 0
172 810 0
300 810 5
301 810 7
340 810 5
352 810 0
372 810 0
407 810 5
587 810 8
595 810 8
655 810 9
681 810 0
703 810 9
714 810 10
724 810 1
756 810 0
761 810 10
765 810 10
809 810 12
6 811 1
87 811 0
133 811 1
141 811 3
158 811 2
281 811 1
385 811 0
413 811 1
514 811 1
519 811 0
520 811 1
550 811 1
583 811 3
641 811 2
661 811 0
736 811 1
751 811 4
758 811 1
773 811 0
783 811 3
93 812 0
255 812 3
341 812 0
407 812 0
449 812 1
482 812 0
510 812 2
512 812 3
518 812 2
536 812 1
540 812 1
544 812 3
578 812 1
734 812 1
760 812 4
781 812 0
782 812 2
791 812 3
793 812 4
799 812 3
10 813 3
20 813 5
33 813 0
47 813 0
159 813 0
194 813 0
324 813 3
384 813 4
464 813 0
466 813 4
529 813 7
531 813 0
551 813 4
582 813 4
597 813 6
640 813 0
649 813 8
720 813 6
731 813 0
737 813 7
797 813 10
41 814 4
190 814 0
200 814 0
226 814 6
259 814 1
288 814 5
326 814 5
342 814 6
393 814 7
445 814 7
464 814 6
487 814 7
621 814 0
694 814 10
696 814 0
762 814 12
764 814 11
773 814 11
796 814 13
18 815 3
199 815 2
286 815 0
312 815 1
344 815 0
424 815 1
591 815 2
593 815 1
604 815 1
749 815 1
759 815 1
30 816 0
43 816 0
59 816 4
118 816 1
127 816 5
145 816 5
152 816 6
183 816 0
214 816 5
230 816 6
232 816 0
292 816 6
299 816 0
305 816 6
468 816 7
480 816 7
580 816 8
607 816 1
710 816 0
728 816 11
794 816 0
804 816 0
814 816 0
9 817 3
27 817 1
36 817 2
66 817 0
243 817 3
297 817 0
303 817 0
382 817 1
387 817 1
457 817 2
506 817 0
558 817 1
580 817 0
644 817 0
801 817 2
806 817 6
10 818 1
39 818 4
46 818 4
54 818 4
76 818 4
83 818 0
152 818 0
165 818 5
206 818 1
254 818 5
262 818 0
382 818 6
459 818 6
481 818 2
501 818 0
599 818 8
608 818 7
613 818 8
675 818 1
722 818 10
731 818 11
87 819 0
170 819 1
180 819 0
233 819 0
275 819 0
427 819 0
502 819 2
510 819 2
512 819 2
535 819 4
627 819 0
645 819 4
712 819 4
733 819 4
770 819 1
787 819 0
799 819 6
10 820 3
104 820 2
177 820 4
233 820 5
304 820 0
324 820 4
384 820 5
466 820 3
576 820 7
582 820 5
594 820 1
597 820 5
643 820 0
720 820 7
737 820 9
797 820 8
801 820 1
9 821 1
11 821 2
123 821 0
220 821 3
221 821 0
423 821 0
435 821 1
442 821 2
520 821 0
542 821 0
560 821 3
568 821 3
606 821 0
627 821 3
648 821 1
687 821 1
752 821 1
772 821 1
801 821 6
817 821 5
128 822 0
155 822 4
181 822 1
217 822 0
329 822 5
391 822 4
454 822 1
499 822 6
651 822 0
674 822 8
712 822 0
729 822 7
759 822 1
793 822 1
60 823 3
110 823 1
186 823 0
259 823 4
266 823 0
366 823 5
400 823 0
544 823 0
623 823 4
658 823 7
671 823 6
710 823 0
743 823 1
766 823 8
795 823 9
59 824 4
127 824 5
145 824 5
150 824 1
152 824 5
214 824 6
216 824 0
230 824 5
292 824 6
305 824 6
419 824 2
468 824 7
472 824 1
480 824 7
558 824 1
580 824 8
623 824 0
637 824 0
662 824 0
709 824 1
728 824 11
816 824 13
540 825 5
544 825 0
546 825 0
566 825 2
568 825 1
632 825 3
636 825 0
690 825 6
715 825 1
730 825 0
732 825 8
771 825 0
785 825 6
791 825 1
796 825 1
9 826 2
19 826 3
96 826 1
178 826 0
209 826 0
236 826 0
254 826 0
255 826 0
361 826 2
430 826 0
435 826 3
483 826 3
543 826 1
610 826 5
683 826 5
729 826 1
797 826 1
806 826 8
817 826 4
6 827 0
59 827 4
96 827 0
127 827 5
145 827 5
150 827 1
152 827 5
214 827 5
230 827 5
292 827 6
305 827 6
394 827 0
415 827 0
423 827 1
464 827 0
468 827 7
480 827 7
580 827 8
700 827 1
708 827 0
728 827 12
816 827 13
824 827 14
79 828 4
81 828 3
303 828 3
355 828 2
523 828 2
575 828 3
590 828 5
604 828 3
616 828 2
634 828 1
657 828 6
701 828 4
722 828 0
745 828 1
757 828 0
764 828 0
15 829 0
144 829 0
175 829 4
204 829 1
259 829 0
305 829 0
306 829 5
320 829 5
321 829 5
362 829 6
366 829 0
372 829 0
424 829 5
425 829 2
451 829 7
490 829 1
520 829 0
634 829 0
663 829 9
680 829 9
771 829 10
819 829 0
44 830 4
77 830 1
87 830 0
243 830 1
300 830 5
301 830 6
340 830 6
349 830 5
378 830 0
407 830 6
429 830 0
507 830 1
587 830 8
595 830 8
598 830 1
655 830 9
703 830 10
714 830 10
761 830 12
765 830 11
766 830 2
794 830 0
809 830 13
810 830 13
825 830 1
0 831 1
11 831 2
71 831 0
72 831 0
122 831 0
127 831 0
128 831 2
304 831 0
435 831 3
440 831 0
483 831 4
568 831 2
610 831 3
683 831 5
691 831 6
697 831 5
757 831 0
776 831 0
806 831 10
817 831 4
106 832 1
148 832 0
162 832 0
300 832 0
325 832 0
331 832 0
418 832 1
555 832 1
568 832 0
587 832 1
597 832 1
620 832 5
721 832 5
753 832 1
779 832 6
780 832 0
803 832 2
815 832 5
149 833 4
163 833 4
207 833 0
241 833 1
266 833 5
353 833 6
360 833 6
475 833 6
498 833 0
509 833 6
524 833 4
533 833 7
726 833 8
755 833 7
797 833 0
1 834 3
169 834 0
179 834 0
233 834 0
288 834 1
327 834 0
395 834 3
469 834 0
505 834 0
540 834 2
548 834 3
621 834 0
632 834 3
641 834 1
655 834 0
661 834 0
670 834 0
690 834 5
750 834 0
784 834 4
794 834 0
15 835 4
44 835 1
160 835 5
197 835 0
277 835 0
347 835 4
423 835 8
434 835 1
492 835 7
495 835 0
503 835 7
556 835 6
588 835 1
591 835 0
609 835 6
622 835 0
656 835 8
678 835 8
681 835 9
698 835 0
735 835 8
757 835 10
761 835 1
796 835 0
13 836 0
23 836 2
161 836 0
249 836 0
389 836 1
436 836 0
470 836 3
474 836 0
540 836 4
556 836 0
580 836 0
599 836 0
690 836 5
785 836 7
823 836 0
825 836 9
834 836 7
138 837 0
172 837 4
257 837 3
258 837 3
299 837 2
377 837 1
473 837 3
474 837 3
496 837 0
557 837 1
584 837 3
690 837 0
691 837 0
693 837 4
768 837 0
774 837 2
798 837 3
803 837 8
9 838 0
131 838 1
271 838 1
307 838 3
317 838 4
370 838 2
379 838 3
419 838 3
505 838 1
555 838 0
564 838 0
578 838 3
632 838 0
634 838 3
642 838 0
686 838 0
692 838 0
717 838 3
759 838 0
805 838 0
812 838 1
814 838 1
830 838 0
225 839 1
304 839 0
343 839 1
350 839 0
389 839 2
432 839 1
433 839 3
450 839 2
562 839 0
636 839 0
637 839 4
638 839 1
641 839 0
644 839 5
648 839 3
686 839 0
727 839 1
739 839 0
744 839 0
750 839 0
807 839 3
119 840 0
140 840 1
159 840 2
231 840 1
243 840 0
260 840 2
314 840 0
355 840 3
457 840 0
491 840 2
514 840 0
523 840 2
586 840 1
589 840 1
604 840 5
664 840 1
669 840 4
690 840 2
691 840 0
746 840 1
800 840 6
804 840 0
22 841 2
61 841 0
62 841 1
247 841 0
280 841 0
290 841 3
291 841 1
319 841 0
341 841 2
370 841 0
384 841 0
501 841 5
584 841 3
693 841 4
734 841 4
737 841 1
753 841 4
787 841 0
794 841 0
798 841 5
828 841 0
839 841 0
87 842 3
192 842 0
294 842 0
338 842 4
357 842 3
366 842 6
418 842 4
482 842 5
526 842 1
559 842 4
594 842 2
606 842 4
609 842 1
611 842 1
619 842 0
658 842 5
689 842 1
737 842 2
740 842 0
795 842 6
801 842 1
820 842 4
823 842 7
841 842 1
51 843 1
230 843 1
244 843 0
248 843 0
312 843 0
446 843 1
449 843 1
454 843 2
535 843 3
581 843 1
636 843 0
697 843 2
712 843 3
733 843 4
756 843 5
758 843 1
799 843 5
812 843 4
819 843 6
177 844 4
200 844 0
233 844 4
294 844 0
324 844 4
384 844 5
396 844 0
466 844 5
519 844 6
529 844 4
536 844 0
576 844 6
578 844 0
582 844 7
597 844 7
649 844 6
658 844 0
666 844 0
695 844 0
720 844 7
755 844 0
797 844 10
813 844 9
820 844 11
828 844 0
3 845 0
16 845 0
79 845 1
81 845 2
210 845 1
270 845 0
305 845 0
355 845 2
396 845 1
411 845 3
441 845 0
488 845 1
620 845 2
621 845 0
625 845 0
658 845 0
679 845 4
701 845 3
709 845 3
790 845 0
800 845 3
826 845 0
828 845 4
840 845 4
120 846 4
308 846 5
320 846 6
321 846 5
362 846 6
367 846 1
379 846 0
394 846 0
424 846 6
451 846 7
501 846 0
647 846 0
663 846 9
677 846 8
680 846 8
771 846 12
820 846 1
826 846 0
829 846 11
844 846 2
1 847 2
23 847 2
64 847 1
98 847 0
175 847 1
195 847 2
200 847 0
291 847 0
346 847 0
396 847 1
548 847 3
566 847 2
642 847 1
657 847 0
658 847 0
695 847 5
728 847 2
754 847 5
771 847 1
785 847 6
797 847 0
817 847 0
834 847 5
836 847 4
14 848 0
120 848 0
170 848 2
180 848 0
255 848 3
318 848 2
365 848 0
454 848 1
485 848 2
516 848 0
527 848 0
544 848 3
607 848 0
629 848 0
669 848 0
756 848 2
760 848 5
799 848 4
845 848 0
227 849 0
252 849 2
318 849 0
358 849 0
453 849 3
455 849 0
474 849 0
553 849 4
617 849 3
636 849 0
728 849 1
807 849 1
815 849 8
827 849 1
832 849 4
2 850 3
76 850 0
81 850 1
110 850 0
140 850 1
234 850 1
251 850 0
263 850 1
296 850 0
308 850 0
339 850 4
473 850 0
491 850 3
555 850 0
571 850 0
655 850 0
658 850 0
669 850 4
692 850 4
703 850 0
709 850 4
790 850 0
800 850 5
828 850 3
21 851 0
110 851 3
154 851 5
197 851 0
270 851 5
272 851 5
332 851 0
455 851 6
513 851 5
517 851 0
573 851 7
683 851 0
733 851 0
755 851 0
768 851 7
772 851 8
846 851 1
2 852 1
52 852 4
110 852 3
270 852 5
272 852 4
373 852 1
376 852 6
455 852 6
513 852 5
550 852 0
573 852 6
595 852 0
651 852 0
657 852 2
664 852 0
767 852 0
768 852 6
776 852 0
793 852 0
823 852 2
839 852 0
851 852 11
10 853 2
131 853 2
156 853 3
231 853 2
287 853 2
370 853 0
515 853 0
570 853 3
588 853 1
621 853 4
660 853 3
676 853 0
684 853 5
687 853 5
691 853 1
707 853 2
713 853 2
734 853 1
769 853 3
810 853 0
820 853 2
88 854 0
139 854 0
196 854 4
229 854 0
235 854 0
329 854 5
374 854 5
513 854 0
534 854 6
662 854 8
674 854 7
709 854 0
729 854 7
784 854 1
812 854 0
822 854 9
88 855 3
119 855 3
174 855 2
205 855 5
247 855 3
267 855 1
286 855 5
294 855 6
311 855 0
348 855 4
403 855 0
411 855 0
448 855 5
515 855 5
569 855 2
612 855 7
616 855 0
622 855 7
631 855 6
640 855 1
724 855 2
762 855 0
790 855 1
45 856 1
99 856 4
121 856 1
129 856 5
166 856 0
298 856 4
354 856 1
376 856 5
399 856 5
411 856 1
429 856 0
455 856 5
513 856 6
573 856 7
710 856 0
737 856 0
772 856 7
787 856 0
852 856 8
18 857 0
73 857 0
165 857 0
212 857 3
289 857 1
364 857 4
426 857 0
456 857 2
462 857 0
490 857 4
519 857 0
528 857 3
617 857 2
746 857 4
747 857 6
749 857 5
765 857 0
780 857 4
790 857 2
794 857 5
848 857 1
852 857 0
855 857 1
15 858 4
103 858 4
232 858 1
239 858 0
253 858 0
273 858 0
334 858 6
347 858 4
486 858 0
492 858 6
503 858 6
516 858 1
556 858 5
600 858 7
609 858 9
652 858 0
656 858 9
678 858 9
681 858 9
686 858 0
729 858 0
735 858 10
748 858 0
757 858 9
760 858 0
811 858 0
819 858 0
821 858 0
835 858 12
67 859 0
232 859 5
235 859 0
308 859 7
320 859 6
321 859 5
362 859 6
368 859 1
424 859 7
443 859 0
451 859 7
456 859 1
553 859 1
635 859 0
663 859 9
666 859 0
668 859 0
677 859 9
680 859 8
707 859 1
771 859 11
799 859 1
828 859 0
829 859 11
846 859 13
848 859 2
8 860 3
96 860 4
254 860 0
285 860 5
414 860 6
464 860 0
500 860 0
522 860 7
530 860 7
543 860 8
577 860 7
626 860 8
640 860 10
665 860 11
666 860 10
672 860 4
680 860 0
688 860 9
699 860 1
724 860 11
781 860 1
788 860 13
820 860 1
37 861 4
44 861 0
196 861 3
226 861 1
228 861 0
391 861 6
398 861 0
422 861 0
434 861 5
469 861 4
470 861 3
499 861 4
524 861 0
541 861 0
644 861 1
662 861 7
768 861 0
778 861 0
822 861 8
827 861 0
854 861 8
16 862 3
39 862 4
46 862 4
54 862 4
64 862 0
76 862 4
133 862 0
165 862 5
238 862 1
254 862 5
382 862 6
446 862 1
459 862 7
540 862 0
590 862 2
599 862 8
608 862 8
609 862 0
613 862 8
722 862 11
731 862 11
818 862 13
822 862 2
5 863 0
12 863 2
225 863 3
252 863 4
320 863 0
328 863 4
389 863 1
432 863 1
467 863 0
482 863 2
533 863 0
542 863 4
580 863 0
585 863 1
625 863 0
637 863 4
638 863 3
648 863 3
669 863 1
670 863 4
691 863 2
697 863 1
778 863 0
786 863 8
800 863 1
807 863 7
54 864 0
239 864 0
384 864 0
426 864 4
454 864 3
468 864 0
478 864 1
502 864 5
512 864 4
554 864 0
602 864 2
614 864 2
645 864 2
660 864 1
687 864 0
754 864 1
812 864 1
848 864 4
859 864 1
27 865 1
182 865 0
217 865 0
350 865 1
367 865 4
433 865 3
450 865 5
468 865 0
510 865 0
565 865 3
607 865 7
638 865 5
644 865 4
645 865 0
667 865 1
769 865 1
786 865 6
790 865 7
800 865 0
807 865 6
810 865 0
846 865 2
24 866 0
40 866 0
67 866 0
93 866 3
126 866 1
135 866 3
147 866 1
276 866 3
307 866 0
460 866 4
465 866 4
488 866 1
504 866 4
514 866 5
654 866 2
667 866 2
686 866 0
699 866 0
711 866 1
726 866 2
739 866 7
740 866 7
815 866 1
52 867 4
129 867 4
137 867 1
154 867 5
161 867 0
230 867 1
270 867 6
295 867 0
373 867 1
376 867 5
384 867 0
513 867 7
552 867 1
573 867 8
612 867 0
614 867 0
658 867 0
728 867 1
772 867 7
851 867 11
852 867 11
856 867 11
40 868 4
50 868 4
51 868 5
101 868 0
171 868 1
189 868 3
246 868 4
315 868 0
338 868 0
363 868 1
383 868 1
417 868 1
425 868 1
446 868 7
589 868 7
695 868 0
708 868 1
743 868 3
767 868 9
786 868 0
796 868 0
802 868 8
804 868 8
823 868 2
829 868 1
843 868 2
2 869 1
173 869 1
179 869 1
212 869 4
289 869 3
337 869 0
356 869 0
364 869 5
411 869 1
437 869 4
441 869 0
491 869 0
499 869 0
617 869 1
747 869 2
749 869 6
769 869 0
780 869 5
808 869 3
856 869 1
857 869 9
86 870 0
98 870 2
193 870 0
274 870 0
296 870 2
328 870 0
381 870 3
406 870 0
453 870 3
550 870 1
553 870 3
557 870 0
601 870 1
617 870 3
619 870 3
639 870 0
713 870 0
741 870 0
779 870 4
815 870 4
851 870 0
13 871 2
120 871 0
138 871 0
264 871 2
277 871 2
294 871 1
336 871 1
350 871 0
359 871 0
378 871 1
390 871 4
567 871 4
575 871 0
579 871 0
635 871 5
697 871 1
709 871 0
721 871 1
733 871 1
746 871 4
747 871 6
749 871 2
808 871 5
838 871 1
843 871 2
855 871 1
38 872 3
94 872 1
138 872 2
161 872 2
175 872 1
227 872 1
249 872 1
260 872 2
281 872 1
303 872 1
381 872 1
396 872 3
487 872 1
491 872 6
620 872 1
657 872 3
670 872 0
692 872 4
709 872 3
713 872 0
811 872 1
840 872 5
845 872 5
850 872 5
13 873 2
33 873 0
60 873 0
115 873 1
165 873 0
203 873 1
277 873 3
310 873 0
330 873 1
336 873 2
509 873 1
544 873 0
603 873 0
635 873 4
747 873 5
752 873 1
780 873 4
794 873 6
797 873 0
869 873 6
870 873 0
871 873 8
4 874 1
99 874 3
110 874 3
129 874 4
201 874 1
223 874 0
268 874 5
298 874 5
335 874 1
399 874 5
416 874 0
451 874 1
455 874 6
497 874 0
513 874 7
537 874 2
573 874 6
720 874 0
743 874 1
768 874 8
773 874 1
785 874 0
801 874 0
851 874 9
856 874 11
867 874 8
71 875 1
73 875 1
85 875 2
257 875 0
364 875 0
397 875 1
416 875 2
572 875 0
583 875 5
613 875 0
641 875 2
645 875 1
679 875 1
752 875 1
780 875 0
792 875 6
805 875 3
811 875 4
821 875 2
822 875 0
833 875 0
860 875 1
78 876 1
102 876 0
255 876 3
318 876 2
332 876 0
440 876 1
602 876 4
645 876 2
653 876 0
655 876 1
664 876 1
705 876 1
709 876 0
756 876 3
760 876 4
782 876 3
785 876 1
791 876 7
793 876 5
812 876 6
817 876 0
843 876 4
848 876 4
860 876 1
875 876 2
28 877 1
37 877 1
172 877 2
192 877 2
257 877 2
343 877 4
367 877 0
458 877 0
473 877 2
474 877 4
483 877 1
489 877 0
500 877 7
524 877 1
571 877 1
584 877 5
693 877 3
698 877 1
706 877 4
734 877 6
780 877 1
798 877 5
801 877 1
803 877 7
837 877 10
841 877 5
856 877 1
867 877 1
10 878 1
52 878 4
154 878 5
196 878 0
227 878 0
268 878 4
270 878 5
272 878 5
367 878 0
369 878 0
376 878 6
399 878 7
436 878 0
437 878 1
455 878 7
535 878 0
573 878 8
609 878 0
702 878 0
764 878 1
768 878 10
772 878 10
851 878 12
852 878 12
856 878 10
867 878 12
874 878 10
130 879 0
169 879 3
178 879 3
221 879 3
258 879 5
330 879 1
356 879 0
365 879 0
406 879 2
474 879 5
501 879 2
531 879 4
559 879 0
588 879 1
594 879 3
670 879 0
693 879 5
703 879 1
706 879 6
756 879 0
788 879 0
793 879 1
803 879 5
815 879 0
837 879 6
841 879 4
45 880 4
94 880 5
186 880 6
235 880 0
245 880 3
262 880 1
317 880 0
323 880 0
358 880 4
433 880 0
441 880 7
486 880 0
529 880 1
539 880 6
550 880 0
572 880 5
603 880 5
615 880 8
617 880 0
636 880 6
640 880 0
685 880 0
698 880 8
699 880 0
738 880 0
775 880 9
776 880 9
785 880 0
807 880 0
872 880 1
85 881 3
151 881 1
185 881 2
206 881 1
318 881 0
347 881 1
417 881 3
430 881 2
438 881 1
525 881 1
548 881 0
600 881 1
605 881 0
641 881 3
646 881 4
651 881 0
666 881 2
702 881 4
724 881 0
732 881 0
751 881 2
792 881 7
807 881 0
864 881 1
875 881 5
74 882 4
117 882 1
129 882 1
155 882 3
156 882 0
283 882 2
329 882 4
359 882 0
374 882 7
391 882 3
392 882 5
534 882 8
562 882 0
575 882 5
587 882 1
662 882 9
674 882 5
742 882 1
854 882 10
856 882 1
861 882 8
72 883 1
99 883 1
133 883 1
285 883 0
311 883 2
438 883 3
443 883 1
557 883 4
574 883 3
583 883 4
588 883 3
596 883 3
630 883 1
655 883 1
682 883 1
715 883 1
726 883 0
730 883 6
740 883 2
749 883 0
751 883 3
778 883 1
785 883 1
802 883 1
875 883 2
75 884 2
81 884 1
161 884 2
179 884 0
224 884 1
234 884 2
256 884 1
318 884 0
371 884 1
488 884 4
523 884 5
541 884 0
596 884 1
602 884 0
604 884 4
619 884 1
657 884 3
726 884 0
800 884 4
840 884 8
845 884 5
856 884 0
872 884 6
86 885 3
88 885 4
119 885 4
205 885 5
240 885 5
247 885 4
286 885 5
294 885 5
348 885 5
409 885 0
514 885 0
515 885 7
534 885 1
571 885 7
572 885 2
574 885 0
578 885 0
589 885 1
612 885 8
622 885 7
631 885 7
633 885 7
664 885 1
683 885 0
733 885 0
774 885 2
821 885 0
855 885 12
219 886 1
253 886 0
354 886 2
443 886 4
507 886 6
525 886 0
579 886 7
581 886 0
617 886 0
642 886 1
648 886 0
685 886 1
692 886 0
696 886 0
723 886 0
732 886 6
777 886 6
784 886 7
810 886 0
825 886 8
833 886 1
836 886 6
6 887 0
73 887 1
174 887 1
239 887 1
356 887 0
375 887 0
377 887 0
487 887 1
491 887 1
500 887 1
520 887 3
574 887 5
630 887 2
646 887 6
666 887 1
702 887 4
726 887 0
730 887 5
742 887 5
754 887 0
757 887 0
783 887 3
792 887 9
820 887 0
875 887 5
881 887 7
1 888 1
51 888 5
142 888 4
261 888 0
278 888 1
304 888 5
451 888 1
534 888 0
589 888 7
594 888 0
606 888 0
615 888 1
651 888 8
654 888 0
661 888 8
672 888 7
681 888 0
764 888 0
767 888 8
776 888 2
802 888 9
804 888 11
825 888 0
868 888 10
120 889 4
175 889 3
232 889 4
294 889 0
320 889 6
321 889 5
362 889 7
389 889 2
424 889 8
451 889 7
471 889 0
547 889 2
553 889 1
662 889 1
663 889 9
677 889 8
680 889 8
698 889 1
702 889 0
719 889 1
763 889 0
771 889 11
829 889 12
836 889 2
845 889 0
846 889 13
854 889 3
859 889 14
22 890 0
38 890 2
238 890 4
252 890 4
349 890 0
352 890 0
433 890 6
489 890 1
492 890 0
542 890 4
561 890 4
607 890 3
637 890 8
644 890 8
648 890 5
670 890 6
715 890 2
717 890 1
766 890 2
790 890 7
807 890 9
839 890 7
862 890 1
863 890 8
865 890 7
884 890 2
66 891 4
90 891 4
92 891 4
117 891 0
121 891 0
136 891 3
137 891 4
187 891 5
209 891 4
288 891 2
347 891 0
372 891 6
402 891 5
452 891 0
459 891 0
460 891 1
476 891 7
597 891 1
643 891 8
705 891 10
715 891 2
723 891 12
725 891 8
748 891 0
758 891 10
763 891 10
834 891 1
890 891 2
6 892 0
75 892 1
82 892 2
91 892 3
214 892 0
240 892 2
265 892 5
306 892 0
310 892 4
378 892 0
420 892 5
477 892 5
508 892 3
518 892 4
531 892 0
532 892 5
539 892 0
543 892 0
557 892 0
586 892 0
664 892 6
668 892 7
710 892 7
735 892 2
764 892 0
770 892 9
774 892 10
817 892 0
48 893 0
65 893 1
97 893 1
183 893 3
195 893 2
264 893 0
282 893 4
303 893 0
316 893 0
344 893 0
348 893 0
395 893 3
419 893 1
443 893 5
507 893 4
689 893 0
695 893 3
732 893 5
757 893 0
760 893 1
822 893 0
825 893 7
836 893 5
850 893 0
865 893 1
867 893 1
886 893 8
111 894 0
124 894 0
158 894 3
344 894 0
348 894 0
374 894 1
416 894 3
489 894 5
525 894 1
557 894 3
574 894 5
685 894 0
697 894 0
706 894 0
730 894 5
751 894 5
776 894 0
792 894 8
803 894 0
805 894 8
811 894 6
853 894 2
875 894 7
882 894 2
887 894 6
135 895 5
144 895 3
150 895 1
173 895 0
276 895 3
327 895 1
398 895 2
444 895 5
465 895 6
472 895 0
510 895 0
629 895 8
655 895 0
659 895 7
675 895 6
689 895 0
738 895 6
739 895 6
740 895 10
781 895 9
786 895 0
787 895 8
845 895 0
857 895 0
866 895 8
885 895 1
886 895 1
28 896 0
259 896 5
280 896 0
338 896 4
357 896 4
360 896 1
418 896 3
439 896 0
559 896 5
578 896 1
606 896 6
623 896 6
658 896 7
663 896 0
671 896 9
673 896 8
690 896 1
702 896 0
715 896 10
723 896 3
760 896 1
766 896 8
795 896 11
823 896 9
891 896 2
6 897 0
138 897 2
159 897 3
164 897 2
234 897 2
245 897 0
287 897 0
335 897 2
360 897 0
448 897 0
454 897 0
472 897 3
491 897 1
512 897 0
523 897 4
590 897 2
600 897 0
604 897 5
616 897 3
639 897 0
663 897 1
669 897 3
679 897 2
684 897 0
840 897 7
876 897 1
879 897 0
884 897 5
68 898 4
116 898 5
149 898 4
163 898 5
168 898 1
171 898 0
195 898 1
255 898 0
353 898 6
360 898 5
449 898 1
450 898 0
475 898 6
485 898 0
509 898 6
511 898 8
524 898 4
527 898 0
533 898 8
538 898 0
573 898 0
660 898 0
726 898 9
738 898 0
739 898 0
755 898 9
822 898 0
833 898 13
894 898 0
40 899 4
50 899 3
139 899 0
163 899 0
182 899 0
222 899 5
248 899 0
304 899 5
394 899 0
446 899 6
485 899 0
506 899 1
545 899 7
616 899 0
651 899 7
661 899 9
672 899 6
728 899 1
743 899 2
759 899 0
773 899 0
785 899 0
794 899 0
802 899 10
804 899 13
862 899 1
868 899 11
888 899 11
62 900 3
78 900 3
167 900 1
352 900 0
371 900 0
415 900 0
454 900 4
488 900 2
512 900 4
581 900 1
608 900 0
706 900 1
733 900 5
760 900 5
787 900 1
791 900 5
805 900 0
814 900 0
842 900 0
843 900 7
850 900 0
864 900 7
866 900 2
876 900 5
878 900 0
2 901 2
3 901 1
35 901 0
38 901 3
134 901 0
138 901 3
221 901 0
242 901 1
335 901 2
339 901 1
355 901 2
390 901 0
396 901 2
408 901 0
411 901 2
428 901 0
488 901 1
584 901 1
607 901 1
679 901 3
687 901 0
701 901 2
720 901 1
724 901 1
737 901 1
753 901 2
795 901 0
840 901 3
850 901 4
872 901 7
884 901 4
120 902 4
167 902 1
175 902 4
232 902 4
306 902 5
308 902 6
320 902 6
321 902 5
341 902 0
362 902 7
368 902 1
433 902 0
451 902 6
457 902 0
488 902 0
509 902 0
547 902 2
565 902 0
636 902 0
640 902 0
649 902 0
663 902 10
677 902 9
680 902 10
744 902 0
771 902 11
829 902 12
837 902 0
846 902 13
854 902 2
859 902 14
889 902 16
25 903 0
56 903 2
139 903 0
255 903 4
313 903 0
369 903 2
475 903 0
518 903 2
557 903 2
573 903 0
574 903 3
593 903 2
602 903 2
645 903 4
663 903 1
756 903 4
760 903 5
768 903 0
789 903 0
793 903 6
812 903 6
819 903 4
830 903 0
843 903 6
848 903 5
857 903 1
883 903 3
900 903 5
0 904 2
8 904 0
106 904 0
196 904 0
225 904 3
238 904 1
266 904 0
328 904 3
408 904 0
433 904 4
450 904 5
482 904 1
509 904 0
523 904 0
536 904 0
561 904 2
607 904 6
637 904 8
644 904 5
649 904 1
761 904 0
786 904 8
790 904 4
808 904 0
813 904 1
839 904 6
846 904 1
863 904 6
865 904 8
876 904 0
890 904 11
891 904 1
8 905 4
69 905 4
96 905 4
122 905 1
158 905 1
246 905 0
285 905 5
323 905 0
376 905 0
389 905 1
414 905 6
492 905 0
522 905 8
530 905 7
531 905 0
543 905 8
577 905 9
626 905 8
640 905 9
645 905 1
665 905 10
666 905 10
676 905 0
688 905 11
712 905 1
724 905 12
770 905 1
783 905 0
787 905 0
788 905 12
860 905 15
901 905 1
73 906 0
108 906 2
179 906 1
277 906 2
289 906 1
311 906 0
364 906 4
373 906 4
437 906 3
456 906 1
469 906 0
496 906 1
523 906 0
528 906 3
642 906 0
652 906 1
746 906 2
749 906 4
773 906 2
781 906 2
790 906 1
794 906 5
869 906 9
873 906 6
874 906 3
896 906 0
15 907 0
80 907 1
288 907 1
295 907 0
309 907 0
328 907 1
426 907 5
454 907 5
485 907 3
535 907 3
611 907 1
645 907 5
683 907 0
708 907 0
712 907 7
733 907 4
754 907 2
756 907 5
766 907 1
791 907 8
799 907 5
818 907 0
828 907 0
843 907 9
864 907 8
884 907 0
891 907 1
900 907 10
903 907 6
15 908 4
100 908 0
103 908 4
151 908 0
160 908 5
291 908 0
334 908 6
423 908 7
441 908 0
492 908 7
503 908 7
540 908 0
556 908 7
593 908 0
600 908 6
609 908 8
638 908 1
656 908 10
665 908 1
666 908 2
678 908 10
681 908 10
725 908 1
735 908 10
757 908 10
772 908 0
827 908 1
835 908 13
852 908 0
858 908 14
879 908 0
896 908 1
24 909 0
62 909 2
108 909 0
222 909 0
249 909 1
255 909 2
359 909 1
369 909 4
466 909 1
478 909 3
615 909 2
619 909 1
706 909 3
717 909 0
734 909 2
782 909 5
793 909 6
799 909 6
811 909 0
819 909 6
843 909 6
844 909 1
853 909 1
864 909 6
876 909 7
897 909 1
900 909 9
903 909 7
907 909 7
84 910 0
100 910 0
170 910 3
231 910 0
250 910 0
274 910 0
291 910 1
299 910 0
440 910 3
459 910 0
529 910 1
535 910 2
545 910 0
556 910 2
593 910 3
615 910 1
645 910 5
676 910 0
691 910 0
712 910 6
733 910 3
753 910 0
756 910 3
782 910 3
793 910 6
799 910 4
819 910 8
864 910 4
909 910 8
5 911 4
85 911 1
94 911 4
153 911 3
186 911 4
241 911 3
249 911 0
269 911 0
275 911 3
358 911 5
461 911 5
479 911 5
521 911 8
572 911 8
573 911 1
615 911 7
618 911 0
636 911 8
637 911 1
687 911 0
698 911 5
721 911 1
741 911 0
776 911 7
779 911 1
803 911 0
817 911 1
880 911 10
885 911 1
904 911 1
83 912 0
90 912 2
92 912 1
201 912 3
252 912 1
387 912 0
444 912 0
461 912 1
537 912 3
555 912 3
614 912 4
616 912 0
617 912 7
630 912 2
748 912 1
779 912 7
783 912 2
788 912 0
815 912 6
849 912 10
851 912 3
21 913 4
66 913 5
90 913 5
92 913 5
137 913 5
181 913 1
187 913 5
209 913 4
211 913 5
272 913 2
372 913 7
402 913 5
416 913 0
476 913 8
532 913 0
551 913 0
643 913 8
693 913 0
694 913 1
696 913 1
705 913 9
723 913 11
725 913 9
758 913 11
763 913 10
824 913 0
849 913 2
867 913 2
891 913 16
905 913 0
912 913 5
86 914 4
88 914 4
119 914 5
174 914 4
205 914 4
240 914 5
247 914 5
286 914 5
294 914 4
348 914 6
435 914 0
448 914 6
462 914 0
515 914 7
531 914 0
560 914 0
571 914 7
589 914 2
612 914 9
622 914 7
633 914 8
638 914 1
670 914 1
705 914 0
719 914 0
747 914 0
770 914 1
855 914 13
885 914 16
17 915 0
55 915 3
150 915 2
172 915 0
190 915 4
195 915 0
198 915 0
207 915 4
229 915 6
236 915 5
251 915 5
264 915 2
274 915 4
294 915 0
306 915 0
313 915 5
378 915 3
394 915 0
429 915 6
452 915 2
486 915 9
611 915 8
649 915 0
654 915 6
657 915 0
667 915 9
695 915 1
743 915 10
774 915 0
778 915 10
832 915 0
124 916 0
156 916 2
231 916 2
234 916 0
235 916 5
271 916 0
284 916 0
379 916 6
424 916 1
479 916 1
506 916 4
519 916 1
543 916 0
578 916 6
616 916 0
621 916 5
650 916 3
684 916 6
687 916 5
717 916 5
746 916 1
759 916 2
769 916 7
806 916 0
815 916 3
853 916 9
32 917 2
56 917 0
91 917 3
96 917 0
107 917 0
115 917 1
147 917 4
204 917 3
219 917 0
223 917 2
265 917 4
315 917 5
354 917 0
396 917 0
420 917 5
477 917 5
512 917 1
532 917 6
646 917 0
648 917 2
668 917 8
670 917 0
674 917 0
700 917 7
710 917 6
750 917 3
769 917 0
774 917 9
831 917 0
848 917 0
873 917 1
892 917 10
900 917 1
49 918 0
287 918 2
307 918 3
309 918 2
317 918 3
385 918 0
415 918 3
419 918 4
476 918 0
570 918 4
621 918 3
624 918 4
634 918 5
662 918 0
687 918 4
699 918 1
707 918 4
710 918 0
717 918 4
739 918 0
748 918 4
807 918 0
813 918 0
818 918 0
835 918 0
838 918 6
860 918 1
914 918 1
916 918 4
94 919 0
169 919 0
200 919 1
212 919 3
213 919 0
244 919 1
264 919 2
344 919 0
386 919 2
447 919 1
490 919 2
493 919 0
504 919 0
522 919 1
562 919 1
585 919 3
629 919 0
672 919 2
677 919 1
727 919 0
772 919 1
794 919 5
796 919 0
820 919 1
838 919 1
860 919 3
869 919 6
871 919 4
873 919 6
906 919 5
61 920 0
338 920 4
341 920 0
366 920 5
458 920 6
473 920 1
482 920 5
559 920 8
562 920 1
598 920 7
602 920 0
606 920 6
623 920 7
637 920 0
658 920 8
671 920 6
683 920 1
695 920 0
715 920 8
766 920 9
770 920 0
795 920 11
804 920 1
806 920 1
813 920 0
818 920 0
820 920 1
823 920 11
842 920 12
849 920 1
852 920 1
875 920 0
18 921 0
68 921 0
69 921 1
119 921 1
170 921 2
242 921 0
293 921 1
301 921 0
360 921 0
373 921 0
420 921 0
426 921 4
440 921 4
510 921 3
512 921 3
544 921 3
593 921 2
602 921 3
641 921 0
688 921 2
733 921 4
763 921 0
791 921 4
793 921 5
801 921 0
848 921 4
864 921 9
900 921 8
907 921 7
909 921 6
910 921 8
30 922 4
155 922 5
329 922 5
334 922 0
368 922 4
391 922 3
392 922 4
434 922 4
446 922 1
469 922 4
480 922 0
499 922 5
503 922 0
511 922 0
534 922 7
541 922 1
575 922 6
674 922 8
729 922 10
734 922 0
766 922 1
784 922 2
822 922 11
833 922 1
854 922 9
873 922 1
885 922 1
7 923 0
76 923 0
84 923 3
96 923 0
120 923 0
146 923 0
150 923 0
186 923 0
307 923 2
445 923 1
459 923 0
471 923 4
555 923 2
615 923 2
619 923 6
620 923 4
623 923 0
631 923 0
684 923 2
721 923 6
815 923 8
849 923 8
869 923 0
870 923 6
904 923 0
909 923 2
912 923 10
916 923 2
14 924 0
262 924 0
291 924 1
322 924 5
330 924 1
332 924 0
351 924 3
364 924 3
366 924 0
395 924 0
444 924 0
452 924 2
498 924 3
528 924 2
536 924 1
567 924 6
633 924 1
701 924 1
734 924 0
747 924 7
780 924 4
781 924 2
794 924 9
798 924 0
839 924 0
857 924 7
871 924 6
873 924 8
878 924 0
884 924 0
894 924 0
906 924 8
910 924 2
919 924 5
31 925 4
117 925 1
138 925 1
144 925 4
194 925 3
206 925 2
261 925 3
460 925 7
463 925 5
471 925 0
481 925 5
504 925 8
514 925 6
516 925 6
555 925 0
629 925 8
738 925 8
740 925 10
787 925 7
792 925 2
808 925 2
818 925 2
853 925 2
858 925 1
866 925 8
882 925 3
894 925 3
895 925 10
899 925 0
903 925 0
911 925 0
916 925 1
13 926 0
55 926 1
70 926 2
102 926 1
108 926 1
112 926 1
151 926 1
200 926 4
203 926 1
330 926 1
335 926 0
336 926 1
364 926 2
437 926 3
471 926 1
477 926 0
479 926 0
498 926 3
585 926 6
590 926 0
647 926 0
677 926 1
685 926 0
688 926 0
729 926 0
756 926 0
799 926 0
837 926 0
869 926 5
887 926 0
895 926 0
906 926 7
919 926 6
67 927 0
84 927 0
107 927 3
122 927 0
188 927 3
227 927 1
231 927 0
271 927 0
297 927 2
307 927 4
309 927 3
370 927 1
401 927 0
467 927 3
505 927 3
570 927 5
634 927 6
642 927 5
660 927 4
718 927 1
721 927 1
769 927 1
828 927 1
872 927 1
886 927 2
902 927 0
908 927 0
914 927 1
918 927 6
921 927 2
35 928 4
55 928 3
102 928 0
150 928 4
189 928 0
207 928 5
229 928 5
236 928 4
251 928 5
274 928 4
313 928 5
333 928 5
378 928 4
429 928 6
438 928 0
477 928 1
486 928 7
522 928 1
525 928 1
597 928 0
611 928 8
629 928 1
654 928 8
661 928 0
667 928 11
704 928 1
732 928 0
743 928 10
747 928 0
757 928 0
778 928 10
865 928 1
884 928 0
894 928 1
895 928 2
905 928 1
915 928 16
74 929 4
149 929 0
269 929 0
306 929 1
308 929 0
368 929 5
374 929 6
376 929 1
392 929 5
424 929 0
434 929 5
452 929 0
469 929 5
475 929 0
495 929 0
499 929 5
534 929 7
535 929 0
608 929 0
615 929 0
644 929 1
662 929 9
674 929 10
703 929 0
729 929 7
790 929 0
822 929 10
854 929 12
861 929 12
882 929 12
927 929 0
206 930 0
212 930 0
243 930 1
269 930 3
296 930 4
340 930 1
374 930 1
375 930 1
384 930 0
432 930 0
539 930 2
555 930 5
591 930 4
614 930 5
617 930 5
619 930 4
620 930 4
630 930 1
640 930 0
736 930 1
775 930 4
779 930 4
830 930 2
832 930 5
861 930 0
890 930 0
912 930 11
918 930 0
923 930 9
53 931 0
56 931 2
62 931 2
97 931 0
255 931 3
342 931 0
379 931 2
410 931 0
440 931 3
443 931 1
456 931 0
485 931 3
502 931 4
518 931 2
544 931 2
602 931 5
611 931 3
617 931 1
645 931 5
712 931 6
714 931 1
722 931 1
733 931 5
743 931 1
760 931 9
767 931 0
776 931 0
793 931 8
812 931 6
848 931 6
900 931 6
903 931 12
907 931 8
910 931 6
84 932 4
123 932 0
224 932 0
238 932 0
259 932 0
286 932 0
377 932 3
381 932 5
439 932 0
453 932 4
466 932 0
471 932 3
537 932 2
550 932 1
591 932 4
650 932 0
694 932 2
720 932 0
721 932 5
731 932 1
738 932 1
779 932 7
832 932 4
846 932 0
870 932 8
891 932 1
912 932 8
913 932 4
923 932 8
926 932 1
931 932 0
68 933 4
116 933 4
149 933 5
163 933 5
168 933 1
173 933 1
175 933 2
197 933 3
198 933 3
266 933 6
328 933 0
353 933 6
360 933 6
403 933 0
475 933 8
493 933 6
499 933 0
509 933 6
511 933 7
513 933 1
533 933 8
563 933 0
626 933 0
659 933 0
692 933 2
726 933 10
729 933 0
737 933 1
755 933 11
800 933 2
833 933 13
847 933 2
867 933 1
872 933 2
898 933 16
11 934 3
36 934 3
70 934 0
135 934 0
165 934 2
220 934 6
302 934 0
324 934 0
376 934 0
403 934 5
442 934 6
457 934 5
483 934 5
610 934 6
625 934 0
648 934 2
656 934 1
661 934 0
683 934 7
697 934 8
729 934 3
779 934 1
792 934 2
795 934 2
801 934 6
806 934 8
821 934 8
826 934 9
881 934 1
891 934 0
911 934 2
917 934 1
922 934 1
37 935 3
155 935 5
162 935 0
196 935 4
301 935 2
327 935 0
329 935 6
367 935 0
374 935 6
392 935 5
434 935 6
476 935 3
478 935 0
537 935 0
538 935 0
551 935 0
575 935 7
612 935 1
626 935 0
652 935 0
662 935 8
690 935 0
729 935 8
758 935 1
822 935 11
854 935 13
861 935 11
862 935 2
870 935 1
882 935 14
922 935 11
929 935 12
77 936 0
84 936 4
90 936 3
100 936 0
106 936 2
107 936 0
295 936 2
313 936 1
323 936 0
341 936 0
344 936 0
374 936 1
381 936 4
412 936 0
453 936 5
608 936 1
614 936 5
620 936 6
642 936 0
711 936 0
725 936 1
755 936 1
836 936 0
849 936 9
892 936 1
898 936 1
912 936 11
923 936 10
930 936 9
932 936 10
27 937 3
104 937 1
130 937 3
328 937 0
339 937 0
344 937 4
361 937 4
403 937 5
435 937 4
436 937 5
491 937 0
503 937 0
506 937 0
512 937 1
516 937 0
517 937 0
560 937 6
606 937 0
610 937 7
683 937 6
691 937 9
697 937 9
774 937 1
797 937 4
801 937 7
822 937 1
823 937 1
826 937 9
859 937 0
860 937 0
934 937 11
199 938 3
205 938 1
278 938 4
295 938 1
296 938 2
317 938 0
326 938 0
471 938 3
524 938 1
537 938 3
541 938 0
553 938 5
586 938 1
591 938 4
599 938 1
605 938 0
606 938 2
614 938 4
742 938 1
779 938 7
795 938 2
798 938 0
818 938 1
820 938 1
832 938 8
843 938 0
849 938 7
896 938 3
905 938 0
923 938 6
930 938 8
106 939 1
125 939 3
183 939 0
199 939 2
228 939 1
258 939 0
361 939 0
381 939 3
429 939 0
465 939 0
483 939 2
546 939 0
567 939 0
591 939 4
614 939 5
617 939 5
619 939 6
652 939 0
665 939 0
721 939 5
750 939 0
775 939 1
779 939 5
813 939 1
815 939 8
828 939 0
833 939 2
877 939 1
912 939 11
914 939 0
923 939 8
929 939 0
930 939 12
932 939 8
18 940 3
199 940 4
259 940 1
278 940 2
307 940 2
313 940 1
316 940 0
453 940 3
468 940 0
471 940 4
476 940 0
553 940 4
610 940 0
613 940 0
617 940 3
661 940 1
716 940 0
721 940 7
726 940 0
750 940 0
779 940 6
815 940 9
832 940 5
849 940 12
870 940 8
881 940 0
892 940 1
894 940 0
912 940 8
923 940 11
927 940 3
936 940 9
938 940 9
142 941 4
202 941 4
222 941 5
237 941 1
246 941 4
285 941 0
304 941 5
324 941 0
372 941 1
446 941 6
542 941 1
545 941 8
582 941 0
589 941 9
613 941 1
651 941 9
661 941 10
672 941 8
706 941 0
728 941 1
766 941 2
767 941 8
784 941 1
802 941 11
804 941 12
815 941 1
823 941 2
868 941 12
882 941 1
888 941 14
890 941 2
899 941 15
913 941 1
914 941 1
935 941 1
64 942 3
83 942 0
91 942 0
97 942 2
134 942 0
187 942 0
248 942 3
266 942 1
276 942 0
283 942 5
478 942 0
507 942 5
536 942 5
540 942 4
545 942 0
548 942 4
585 942 0
680 942 1
690 942 5
695 942 6
709 942 0
777 942 11
784 942 10
785 942 8
791 942 1
809 942 2
814 942 0
825 942 8
839 942 0
847 942 6
882 942 1
883 942 1
886 942 8
922 942 1
933 942 2
11 943 0
17 943 0
57 943 0
107 943 5
113 943 0
116 943 2
157 943 1
192 943 3
216 943 0
280 943 2
297 943 3
307 943 3
309 943 1
317 943 4
318 943 0
362 943 0
379 943 4
387 943 0
388 943 0
467 943 3
526 943 0
578 943 3
621 943 3
628 943 1
682 943 3
684 943 5
732 943 0
779 943 0
816 943 0
837 943 0
838 943 5
898 943 1
906 943 0
916 943 6
927 943 6
942 943 0
0 944 3
12 944 3
13 944 0
24 944 0
25 944 0
33 944 0
153 944 0
195 944 0
238 944 3
251 944 0
252 944 4
271 944 0
367 944 3
389 944 4
408 944 3
432 944 4
490 944 1
558 944 0
560 944 1
561 944 5
637 944 6
638 944 6
644 944 8
648 944 8
670 944 7
734 944 0
786 944 8
789 944 0
790 944 9
792 944 0
806 944 2
807 944 11
831 944 2
839 944 8
863 944 12
865 944 7
874 944 0
890 944 12
20 945 1
40 945 4
51 945 4
142 945 4
202 945 4
222 945 5
246 945 4
304 945 5
323 945 1
342 945 0
410 945 1
414 945 0
510 945 1
545 945 7
607 945 0
651 945 8
661 945 9
672 945 8
732 945 0
739 945 0
767 945 7
799 945 1
800 945 0
802 945 11
804 945 11
808 945 1
813 945 1
836 945 0
861 945 0
864 945 1
868 945 11
888 945 14
892 945 1
899 945 14
900 945 1
919 945 1
941 945 17
70 946 2
102 946 0
108 946 2
112 946 1
116 946 0
130 946 0
170 946 0
173 946 3
196 946 0
203 946 3
229 946 2
244 946 2
247 946 0
254 946 0
264 946 2
298 946 0
322 946 3
336 946 2
364 946 2
373 946 4
490 946 3
542 946 0
588 946 0
720 946 0
724 946 1
752 946 2
775 946 1
780 946 5
806 946 1
808 946 6
837 946 1
857 946 5
869 946 8
873 946 6
877 946 2
915 946 2
919 946 6
940 946 0
1 947 3
4 947 0
49 947 1
194 947 0
203 947 0
283 947 2
339 947 0
345 947 0
373 947 0
397 947 0
412 947 0
470 947 3
507 947 6
536 947 4
548 947 4
574 947 0
579 947 5
587 947 0
620 947 0
653 947 0
690 947 6
695 947 6
732 947 8
745 947 1
784 947 8
824 947 0
825 947 8
834 947 8
847 947 6
851 947 2
886 947 10
893 947 8
907 947 0
912 947 1
919 947 0
942 947 12
82 948 1
94 948 0
151 948 2
160 948 0
185 948 1
237 948 1
311 948 6
397 948 1
438 948 5
525 948 2
557 948 3
578 948 1
582 948 0
588 948 5
596 948 5
610 948 1
622 948 1
641 948 5
654 948 1
691 948 0
703 948 1
722 948 1
730 948 6
742 948 11
751 948 7
762 948 1
784 948 0
792 948 8
799 948 2
805 948 7
879 948 3
883 948 9
887 948 6
916 948 3
53 949 0
66 949 0
68 949 4
116 949 4
149 949 5
153 949 0
163 949 5
197 949 4
198 949 4
231 949 0
266 949 5
322 949 1
334 949 1
353 949 6
360 949 6
362 949 0
395 949 0
398 949 0
449 949 1
475 949 7
489 949 0
493 949 7
509 949 7
511 949 7
524 949 7
533 949 8
594 949 0
651 949 0
694 949 0
726 949 10
755 949 12
833 949 15
869 949 1
870 949 0
886 949 1
898 949 17
908 949 1
933 949 19
1 950 2
30 950 0
105 950 1
142 950 1
216 950 0
223 950 1
237 950 0
283 950 2
330 950 0
395 950 2
443 950 2
507 950 2
540 950 5
579 950 5
592 950 0
618 950 1
650 950 0
684 950 0
690 950 5
695 950 4
732 950 5
753 950 0
777 950 6
784 950 7
785 950 8
799 950 0
825 950 8
834 950 6
836 950 7
886 950 12
895 950 2
900 950 1
921 950 2
925 950 2
927 950 3
942 950 11
34 951 0
75 951 1
85 951 0
159 951 3
161 951 2
164 951 5
187 951 1
256 951 4
271 951 0
355 951 4
382 951 0
427 951 1
472 951 4
488 951 2
524 951 2
529 951 1
563 951 1
590 951 5
604 951 5
607 951 0
669 951 6
679 951 6
683 951 0
692 951 6
701 951 5
709 951 5
724 951 0
784 951 0
800 951 7
828 951 6
840 951 6
850 951 6
873 951 0
889 951 1
897 951 9
910 951 1
938 951 1
18 952 3
65 952 0
108 952 0
269 952 4
295 952 2
349 952 1
377 952 5
404 952 0
428 952 0
461 952 0
471 952 4
479 952 1
486 952 1
501 952 0
534 952 2
614 952 5
619 952 6
659 952 1
700 952 0
772 952 1
815 952 8
837 952 1
848 952 0
849 952 8
870 952 7
913 952 2
915 952 1
922 952 3
930 952 8
932 952 10
936 952 13
939 952 9
940 952 8
4 953 0
94 953 0
106 953 3
125 953 4
172 953 0
250 953 0
277 953 3
278 953 2
295 953 5
334 953 0
421 953 0
453 953 4
471 953 3
537 953 4
555 953 3
571 953 0
602 953 1
673 953 0
674 953 0
721 953 7
757 953 1
773 953 3
796 953 1
806 953 0
813 953 1
829 953 0
833 953 1
849 953 8
871 953 2
876 953 1
906 953 2
912 953 9
930 953 8
936 953 12
938 953 10
939 953 11
952 953 11
52 954 4
99 954 3
104 954 0
129 954 4
142 954 0
154 954 5
268 954 4
270 954 5
272 954 6
376 954 6
399 954 6
430 954 0
455 954 7
507 954 0
513 954 6
538 954 0
566 954 0
570 954 2
573 954 8
627 954 2
657 954 1
768 954 11
772 954 11
783 954 1
808 954 0
831 954 1
833 954 1
844 954 1
846 954 2
851 954 14
852 954 14
856 954 14
867 954 15
874 954 13
878 954 17
897 954 0
913 954 2
923 954 0
26 955 0
71 955 4
72 955 2
97 955 0
133 955 2
151 955 1
188 955 1
207 955 0
226 955 1
253 955 2
293 955 0
346 955 5
401 955 0
407 955 1
416 955 4
438 955 3
476 955 2
520 955 1
548 955 0
568 955 0
583 955 4
596 955 6
628 955 0
742 955 7
748 955 0
751 955 5
753 955 0
783 955 5
792 955 8
875 955 6
879 955 1
888 955 0
894 955 7
916 955 1
919 955 0
935 955 1
948 955 11
70 956 3
173 956 2
265 956 0
301 956 1
322 956 6
373 956 3
378 956 1
390 956 4
447 956 3
452 956 2
498 956 5
567 956 3
585 956 4
635 956 4
649 956 0
691 956 1
704 956 0
724 956 2
746 956 6
755 956 2
769 956 2
775 956 3
794 956 7
808 956 8
810 956 2
857 956 5
871 956 8
897 956 0
906 956 6
912 956 2
913 956 1
924 956 9
926 956 5
930 956 4
937 956 1
944 956 0
946 956 8
949 956 3
200 957 2
244 957 3
322 957 4
325 957 2
390 957 5
456 957 5
465 957 0
498 957 7
514 957 1
539 957 1
562 957 0
585 957 4
591 957 1
606 957 1
617 957 2
635 957 7
646 957 0
648 957 0
651 957 0
656 957 1
744 957 2
746 957 9
747 957 8
789 957 0
794 957 8
808 957 5
857 957 7
862 957 0
871 957 8
873 957 7
874 957 1
893 957 1
906 957 8
922 957 2
924 957 10
926 957 6
930 957 4
956 957 14
5 958 4
17 958 1
69 958 0
83 958 4
94 958 3
121 958 5
153 958 4
170 958 1
233 958 1
236 958 0
241 958 4
245 958 5
275 958 4
386 958 0
441 958 4
461 958 5
479 958 6
520 958 0
521 958 6
572 958 6
590 958 1
615 958 8
632 958 0
636 958 8
646 958 0
698 958 9
714 958 1
739 958 0
775 958 10
776 958 9
782 958 1
809 958 2
820 958 2
853 958 1
855 958 0
880 958 11
911 958 15
927 958 1
950 958 2
956 958 1
68 959 4
116 959 4
149 959 6
163 959 5
197 959 4
198 959 4
222 959 0
266 959 5
302 959 0
353 959 6
360 959 6
419 959 2
475 959 7
493 959 7
497 959 0
509 959 8
511 959 8
522 959 0
524 959 7
533 959 8
543 959 1
586 959 0
598 959 1
615 959 1
643 959 2
676 959 0
726 959 10
749 959 1
755 959 13
776 959 1
805 959 0
816 959 0
833 959 14
869 959 3
873 959 2
893 959 1
898 959 16
920 959 1
927 959 0
933 959 19
949 959 22
956 959 2
4 960 2
11 960 2
60 960 0
78 960 1
101 960 3
172 960 0
293 960 3
318 960 2
337 960 2
367 960 0
368 960 0
369 960 3
426 960 6
440 960 3
502 960 5
512 960 5
614 960 3
616 960 0
622 960 0
712 960 5
726 960 1
760 960 8
782 960 5
793 960 4
799 960 6
803 960 2
815 960 3
819 960 7
832 960 4
848 960 6
864 960 10
866 960 3
900 960 9
907 960 8
909 960 10
910 960 10
921 960 11
931 960 9
938 960 2
941 960 1
52 961 4
105 961 0
110 961 4
129 961 4
152 961 0
154 961 5
189 961 0
229 961 0
263 961 0
268 961 5
270 961 5
272 961 5
298 961 4
358 961 0
376 961 7
399 961 6
432 961 0
455 961 7
513 961 7
519 961 1
567 961 0
573 961 8
668 961 0
704 961 0
758 961 0
764 961 2
768 961 11
772 961 10
789 961 0
805 961 1
822 961 1
851 961 14
852 961 14
856 961 13
867 961 14
874 961 15
878 961 18
886 961 0
889 961 0
906 961 1
916 961 1
929 961 2
954 961 19
62 962 1
71 962 2
73 962 1
85 962 1
108 962 0
141 962 2
162 962 0
185 962 2
346 962 2
376 962 0
399 962 0
416 962 5
436 962 1
442 962 1
455 962 1
482 962 1
489 962 5
514 962 2
541 962 0
583 962 4
588 962 4
641 962 4
665 962 0
674 962 0
701 962 0
730 962 6
758 962 1
777 962 0
783 962 4
792 962 5
805 962 4
811 962 7
841 962 1
881 962 4
883 962 4
894 962 7
918 962 1
948 962 8
955 962 8
22 963 2
28 963 1
89 963 2
127 963 0
155 963 0
172 963 2
178 963 3
210 963 2
221 963 2
289 963 0
291 963 5
303 963 0
330 963 1
343 963 4
351 963 0
406 963 6
407 963 0
425 963 2
473 963 4
500 963 3
527 963 5
608 963 0
617 963 2
693 963 5
730 963 0
734 963 7
751 963 0
766 963 1
773 963 1
798 963 8
803 963 9
833 963 1
836 963 0
837 963 7
841 963 7
879 963 9
904 963 0
912 963 2
918 963 0
939 963 3
23 964 1
28 964 0
105 964 2
225 964 0
248 964 5
353 964 1
409 964 0
431 964 1
470 964 6
497 964 0
526 964 1
535 964 1
536 964 5
540 964 5
579 964 5
607 964 2
632 964 4
671 964 2
695 964 7
716 964 1
721 964 3
777 964 8
784 964 10
785 964 9
825 964 11
836 964 11
851 964 2
864 964 0
867 964 2
876 964 1
886 964 10
889 964 1
893 964 8
901 964 1
942 964 11
947 964 12
950 964 12
11 965 5
114 965 1
128 965 3
130 965 3
140 965 0
148 965 1
184 965 0
213 965 0
243 965 4
338 965 1
343 965 0
344 965 5
375 965 5
387 965 1
392 965 0
403 965 5
436 965 6
441 965 1
446 965 0
449 965 0
483 965 5
559 965 1
560 965 5
655 965 0
697 965 7
737 965 0
742 965 0
756 965 0
806 965 9
817 965 11
821 965 6
826 965 7
831 965 9
911 965 2
934 965 13
937 965 12
957 965 1
960 965 1
18 966 0
41 966 0
64 966 2
65 966 1
105 966 1
191 966 1
263 966 0
323 966 1
354 966 4
507 966 3
536 966 3
548 966 5
566 966 3
579 966 6
582 966 1
591 966 2
606 966 1
632 966 3
667 966 1
674 966 1
690 966 7
699 966 1
704 966 2
732 966 5
735 966 1
754 966 5
761 966 2
765 966 3
777 966 9
784 966 8
785 966 6
809 966 5
834 966 6
836 966 4
841 966 0
856 966 1
861 966 1
886 966 9
896 966 2
909 966 0
932 966 1
942 966 11
947 966 10
72 967 0
82 967 4
86 967 1
147 967 5
153 967 1
162 967 4
185 967 0
204 967 4
223 967 5
310 967 6
315 967 6
319 967 1
345 967 0
398 967 5
420 967 7
456 967 0
477 967 6
508 967 5
518 967 5
532 967 5
591 967 0
633 967 1
637 967 0
651 967 3
652 967 0
668 967 8
700 967 8
710 967 9
750 967 9
770 967 8
774 967 10
827 967 1
837 967 2
855 967 0
866 967 1
875 967 0
892 967 14
917 967 14
945 967 3
951 967 1
129 968 0
130 968 4
185 968 1
220 968 3
224 968 0
243 968 4
255 968 0
286 968 0
375 968 4
417 968 1
436 968 7
442 968 3
452 968 0
462 968 1
483 968 5
560 968 6
575 968 0
587 968 0
590 968 1
605 968 1
607 968 1
610 968 8
627 968 4
639 968 0
643 968 0
683 968 6
686 968 0
691 968 8
697 968 8
784 968 0
787 968 0
806 968 11
817 968 6
827 968 0
831 968 10
862 968 1
865 968 1
921 968 0
934 968 12
937 968 12
965 968 15
19 969 1
47 969 2
125 969 3
201 969 3
203 969 1
269 969 4
349 969 1
370 969 0
377 969 4
380 969 1
381 969 4
414 969 0
416 969 0
439 969 1
471 969 5
619 969 6
641 969 1
721 969 9
733 969 1
740 969 1
814 969 1
815 969 7
826 969 1
849 969 9
865 969 1
882 969 2
903 969 0
923 969 11
930 969 9
935 969 2
936 969 11
939 969 11
940 969 9
950 969 1
952 969 17
953 969 12
956 969 1
964 969 3
77 970 1
154 970 1
169 970 3
172 970 3
178 970 4
211 970 0
258 970 4
283 970 0
290 970 3
308 970 0
323 970 3
343 970 5
474 970 7
481 970 1
500 970 8
501 970 4
524 970 1
531 970 4
540 970 1
584 970 7
594 970 6
635 970 0
638 970 1
695 970 1
706 970 6
713 970 2
734 970 7
753 970 8
789 970 2
798 970 9
803 970 9
837 970 9
841 970 9
877 970 12
879 970 12
945 970 1
958 970 0
963 970 10
5 971 3
45 971 4
94 971 4
113 971 1
121 971 6
145 971 0
153 971 6
186 971 4
222 971 0
241 971 5
245 971 5
275 971 4
358 971 5
360 971 2
398 971 1
405 971 1
424 971 2
441 971 7
461 971 5
479 971 6
480 971 0
539 971 7
569 971 0
570 971 2
603 971 8
615 971 9
636 971 8
677 971 1
697 971 3
698 971 9
735 971 0
746 971 0
775 971 10
776 971 9
801 971 2
833 971 3
856 971 3
880 971 15
896 971 1
911 971 15
937 971 3
954 971 3
958 971 17
967 971 2
60 972 4
87 972 4
115 972 0
167 972 2
199 972 0
202 972 2
213 972 0
259 972 5
331 972 1
338 972 6
357 972 8
366 972 5
413 972 0
455 972 0
458 972 6
473 972 2
482 972 6
559 972 8
568 972 0
598 972 9
606 972 7
626 972 1
658 972 9
671 972 9
673 972 10
715 972 9
766 972 12
775 972 1
788 972 1
794 972 2
795 972 13
797 972 0
823 972 12
842 972 13
843 972 0
854 972 3
863 972 2
896 972 14
902 972 2
920 972 17
929 972 1
944 972 1
963 972 2
30 973 3
74 973 4
155 973 5
213 973 1
329 973 6
368 973 6
374 973 6
391 973 5
392 973 6
434 973 6
469 973 5
471 973 1
476 973 1
521 973 0
534 973 8
575 973 6
621 973 1
647 973 1
662 973 10
670 973 0
674 973 8
737 973 0
746 973 1
783 973 1
788 973 0
822 973 12
849 973 2
854 973 12
861 973 11
881 973 0
882 973 17
922 973 18
928 973 0
929 973 16
931 973 1
935 973 17
937 973 2
943 973 1
954 973 1
957 973 3
969 973 5
15 974 0
88 974 0
107 974 3
131 974 3
157 974 2
188 974 3
192 974 3
228 974 0
280 974 3
317 974 5
375 974 0
379 974 6
415 974 2
417 974 0
419 974 6
474 974 2
500 974 3
505 974 6
578 974 3
583 974 0
608 974 0
624 974 5
682 974 4
717 974 6
740 974 0
764 974 1
765 974 1
824 974 1
838 974 9
853 974 3
877 974 3
882 974 0
916 974 7
918 974 9
921 974 1
926 974 0
927 974 7
933 974 0
940 974 2
943 974 13
30 975 4
37 975 3
74 975 4
218 975 0
258 975 0
270 975 0
301 975 2
316 975 0
324 975 0
329 975 6
368 975 6
374 975 5
379 975 1
392 975 6
434 975 6
439 975 0
469 975 6
470 975 2
499 975 7
534 975 7
575 975 9
612 975 2
662 975 9
674 975 10
680 975 0
729 975 9
796 975 0
822 975 11
828 975 1
833 975 1
861 975 13
862 975 2
870 975 1
882 975 13
897 975 0
914 975 1
915 975 0
922 975 16
929 975 17
931 975 2
935 975 19
964 975 2
966 975 2
973 975 20
49 976 0
61 976 0
79 976 0
82 976 4
92 976 0
133 976 0
147 976 6
162 976 4
204 976 4
223 976 4
265 976 5
310 976 6
315 976 6
329 976 1
398 976 5
420 976 8
444 976 1
451 976 1
478 976 1
492 976 0
498 976 0
518 976 7
532 976 7
635 976 1
639 976 6
648 976 1
664 976 10
668 976 8
673 976 0
700 976 8
710 976 9
720 976 0
722 976 1
750 976 10
770 976 12
774 976 10
819 976 2
837 976 2
888 976 1
892 976 13
917 976 15
960 976 1
964 976 2
967 976 20
975 976 2
1 977 1
33 977 0
98 977 3
145 977 0
169 977 1
198 977 0
201 977 3
284 977 0
350 977 0
377 977 3
399 977 1
400 977 0
437 977 1
532 977 0
553 977 5
587 977 1
617 977 6
620 977 7
712 977 0
721 977 8
727 977 0
771 977 0
815 977 9
821 977 0
832 977 9
849 977 12
870 977 8
878 977 2
884 977 0
888 977 1
911 977 1
912 977 11
922 977 2
923 977 12
930 977 11
936 977 11
938 977 9
939 977 10
952 977 13
953 977 12
969 977 14
970 977 2
974 977 0
84 978 3
89 978 0
98 978 3
106 978 3
200 978 0
201 978 4
202 978 0
206 978 0
294 978 0
296 978 2
372 978 0
381 978 5
383 978 0
453 978 4
455 978 1
479 978 2
495 978 0
514 978 1
537 978 5
595 978 1
614 978 4
620 978 6
721 978 6
752 978 1
753 978 1
772 978 2
779 978 7
788 978 0
804 978 1
820 978 1
832 978 10
870 978 9
899 978 1
916 978 1
932 978 12
936 978 13
938 978 10
946 978 1
952 978 11
953 978 11
962 978 2
969 978 9
977 978 13
64 979 0
93 979 0
97 979 2
164 979 1
183 979 3
195 979 3
238 979 0
248 979 1
268 979 0
282 979 2
323 979 3
342 979 1
395 979 4
401 979 1
443 979 4
470 979 4
507 979 3
536 979 2
566 979 3
573 979 1
654 979 0
669 979 1
690 979 7
754 979 5
785 979 5
797 979 1
802 979 2
803 979 5
825 979 8
831 979 0
832 979 3
834 979 4
836 979 8
839 979 0
854 979 1
881 979 0
886 979 7
893 979 13
937 979 1
947 979 10
957 979 1
960 979 2
964 979 9
970 979 2
978 979 1
33 980 3
99 980 0
107 980 2
110 980 0
122 980 2
192 980 3
194 980 0
271 980 2
297 980 4
317 980 5
396 980 1
411 980 0
416 980 1
419 980 4
467 980 5
505 980 4
516 980 0
570 980 2
617 980 0
621 980 5
645 980 0
660 980 4
682 980 6
687 980 5
693 980 0
707 980 5
713 980 4
720 980 0
728 980 1
748 980 8
759 980 1
769 980 3
785 980 3
806 980 2
809 980 2
826 980 1
847 980 4
918 980 9
943 980 9
950 980 2
958 980 2
959 980 1
962 980 2
974 980 9
18 981 2
29 981 0
43 981 0
44 981 0
46 981 0
47 981 3
74 981 1
98 981 3
269 981 2
275 981 0
277 981 1
352 981 1
377 981 5
413 981 0
440 981 0
502 981 1
553 981 2
559 981 0
576 981 1
591 981 4
614 981 7
617 981 3
619 981 3
620 981 4
632 981 2
641 981 3
675 981 0
713 981 0
742 981 2
748 981 1
773 981 2
779 981 6
812 981 0
815 981 8
825 981 1
832 981 7
851 981 1
912 981 11
932 981 9
936 981 9
938 981 9
939 981 12
952 981 13
953 981 10
969 981 12
977 981 15
978 981 12
2 982 4
3 982 1
38 982 3
63 982 0
138 982 6
140 982 3
161 982 3
164 982 3
188 982 1
224 982 4
256 982 4
295 982 0
335 982 4
346 982 1
396 982 3
490 982 0
502 982 1
523 982 4
535 982 2
590 982 4
604 982 7
635 982 1
657 982 6
663 982 1
679 982 5
725 982 1
740 982 3
781 982 2
800 982 6
814 982 1
828 982 6
835 982 0
850 982 7
864 982 1
872 982 8
884 982 11
885 982 1
890 982 2
895 982 4
897 982 10
901 982 10
925 982 3
951 982 11
955 982 2
967 982 1
2 983 2
31 983 4
93 983 4
141 983 0
194 983 4
276 983 3
348 983 1
425 983 0
444 983 6
460 983 8
463 983 7
465 983 6
481 983 9
485 983 0
504 983 6
514 983 7
516 983 7
585 983 0
587 983 2
590 983 1
592 983 0
627 983 1
629 983 9
659 983 7
667 983 1
675 983 9
738 983 8
739 983 9
740 983 10
770 983 2
781 983 10
787 983 9
806 983 2
808 983 2
857 983 1
862 983 1
866 983 12
869 983 5
882 983 2
883 983 2
906 983 2
914 983 2
925 983 17
944 983 1
970 983 1
60 984 4
73 984 0
87 984 4
111 984 0
154 984 0
259 984 6
327 984 0
338 984 6
339 984 0
357 984 6
366 984 7
418 984 5
458 984 7
480 984 0
484 984 1
531 984 1
545 984 2
559 984 8
598 984 8
604 984 2
606 984 8
623 984 7
658 984 9
671 984 11
673 984 9
686 984 1
693 984 1
715 984 10
749 984 1
755 984 0
766 984 10
776 984 1
780 984 0
791 984 0
795 984 13
802 984 1
814 984 2
815 984 3
823 984 13
842 984 13
849 984 2
896 984 16
920 984 17
948 984 0
972 984 21
982 984 2
65 985 1
183 985 3
195 985 2
226 985 4
237 985 3
282 985 3
283 985 2
323 985 1
354 985 4
393 985 1
395 985 4
437 985 1
443 985 3
470 985 7
489 985 1
507 985 2
603 985 1
614 985 0
632 985 7
651 985 1
652 985 0
672 985 1
695 985 7
722 985 1
732 985 4
782 985 0
784 985 5
785 985 7
805 985 1
806 985 3
814 985 2
825 985 7
831 985 1
834 985 6
836 985 7
847 985 7
861 985 3
865 985 1
872 985 0
893 985 14
941 985 4
947 985 11
955 985 1
964 985 10
976 985 2
980 985 4
19 986 2
27 986 4
36 986 2
120 986 0
128 986 3
130 986 4
165 986 2
344 986 4
361 986 5
375 986 4
382 986 1
403 986 5
457 986 4
462 986 3
464 986 2
477 986 0
479 986 0
483 986 5
540 986 1
558 986 2
568 986 5
627 986 7
670 986 0
691 986 6
697 986 8
715 986 1
716 986 1
719 986 1
722 986 1
736 986 2
764 986 1
768 986 1
806 986 9
817 986 10
821 986 6
823 986 1
824 986 1
825 986 4
830 986 1
831 986 11
875 986 1
918 986 0
934 986 12
937 986 12
954 986 3
965 986 15
968 986 14
10 987 3
17 987 0
71 987 2
72 987 1
141 987 2
237 987 1
279 987 0
311 987 3
346 987 1
397 987 4
417 987 2
438 987 5
511 987 1
520 987 5
527 987 1
560 987 0
570 987 2
574 987 6
588 987 3
596 987 4
646 987 6
654 987 2
682 987 1
715 987 0
738 987 2
742 987 9
751 987 6
783 987 8
792 987 8
805 987 6
811 987 5
818 987 1
819 987 1
853 987 4
859 987 0
863 987 0
878 987 1
881 987 6
887 987 9
894 987 8
903 987 2
927 987 1
932 987 3
936 987 2
948 987 13
952 987 2
955 987 12
970 987 0
40 988 4
50 988 4
51 988 4
63 988 0
142 988 4
158 988 0
168 988 0
189 988 5
202 988 4
207 988 0
222 988 5
246 988 5
304 988 5
356 988 6
421 988 0
446 988 6
460 988 1
545 988 7
553 988 0
584 988 0
589 988 9
627 988 0
646 988 0
650 988 0
651 988 10
661 988 10
667 988 0
668 988 2
669 988 2
672 988 9
686 988 0
694 988 1
698 988 0
709 988 1
767 988 13
802 988 13
804 988 13
828 988 0
851 988 1
868 988 15
888 988 15
899 988 16
941 988 19
945 988 20
962 988 0
963 988 0
967 988 3
9 989 2
11 989 3
19 989 3
27 989 3
39 989 0
65 989 0
142 989 1
163 989 0
175 989 0
220 989 3
243 989 4
253 989 0
313 989 0
337 989 0
344 989 5
361 989 4
403 989 5
416 989 1
435 989 4
436 989 6
442 989 5
504 989 1
545 989 0
560 989 5
570 989 1
647 989 1
663 989 0
673 989 1
683 989 6
691 989 9
697 989 9
733 989 1
795 989 2
806 989 10
826 989 10
831 989 9
925 989 2
934 989 14
937 989 18
950 989 2
957 989 2
962 989 3
965 989 16
968 989 15
971 989 3
973 989 3
974 989 0
986 989 13
29 990 0
79 990 0
112 990 3
146 990 0
163 990 0
203 990 3
212 990 2
277 990 0
289 990 3
322 990 3
336 990 3
340 990 0
351 990 3
386 990 5
390 990 2
437 990 2
447 990 3
456 990 2
467 990 1
514 990 1
557 990 0
567 990 3
585 990 5
632 990 0
635 990 2
639 990 2
660 990 2
678 990 1
706 990 0
710 990 1
732 990 0
746 990 2
749 990 5
824 990 0
846 990 0
854 990 0
869 990 7
888 990 0
896 990 2
908 990 2
910 990 1
919 990 8
924 990 6
926 990 8
938 990 1
946 990 6
952 990 1
957 990 9
969 990 2
3 991 0
60 991 3
87 991 4
119 991 0
218 991 0
259 991 6
290 991 1
338 991 7
357 991 6
366 991 6
379 991 2
418 991 8
441 991 1
458 991 6
459 991 1
482 991 7
546 991 0
559 991 9
598 991 8
623 991 7
635 991 0
658 991 9
671 991 11
673 991 10
682 991 2
715 991 12
721 991 3
741 991 0
766 991 12
772 991 1
795 991 12
798 991 1
817 991 1
823 991 13
842 991 13
854 991 2
862 991 1
872 991 0
883 991 2
889 991 2
896 991 15
907 991 1
920 991 16
940 991 3
951 991 1
965 991 4
972 991 22
974 991 3
984 991 22
39 992 0
40 992 4
50 992 4
51 992 4
109 992 0
127 992 0
134 992 1
142 992 4
184 992 0
189 992 4
202 992 4
222 992 5
246 992 5
304 992 5
353 992 2
356 992 6
446 992 6
519 992 1
539 992 1
545 992 7
552 992 0
558 992 1
581 992 0
589 992 7
622 992 2
661 992 10
672 992 11
743 992 2
767 992 13
795 992 0
802 992 11
804 992 13
814 992 2
838 992 1
844 992 1
851 992 2
855 992 1
860 992 1
865 992 1
868 992 16
873 992 0
888 992 14
899 992 16
912 992 2
940 992 3
941 992 18
945 992 18
969 992 3
988 992 24
16 993 0
33 993 3
36 993 0
96 993 0
122 993 3
131 993 2
152 993 0
159 993 0
235 993 4
261 993 2
280 993 3
297 993 6
299 993 0
307 993 3
317 993 3
326 993 0
379 993 4
401 993 0
419 993 4
500 993 4
505 993 2
506 993 6
577 993 0
624 993 4
642 993 3
650 993 5
660 993 3
684 993 6
687 993 8
707 993 6
713 993 8
748 993 6
781 993 1
791 993 1
792 993 2
807 993 0
853 993 8
884 993 0
887 993 3
914 993 0
916 993 10
920 993 0
943 993 9
948 993 3
965 993 0
970 993 2
974 993 12
980 993 14
985 993 1
31 994 4
126 994 5
144 994 5
230 994 2
261 994 6
276 994 5
309 994 0
386 994 1
416 994 0
442 994 1
444 994 7
460 994 7
463 994 6
465 994 7
481 994 7
504 994 7
514 994 6
516 994 6
552 994 0
607 994 2
629 994 9
659 994 9
673 994 0
675 994 8
697 994 3
738 994 10
740 994 11
759 994 0
763 994 0
764 994 0
767 994 1
770 994 3
779 994 0
780 994 0
781 994 10
787 994 12
816 994 2
843 994 2
854 994 2
866 994 11
883 994 2
895 994 14
925 994 17
935 994 1
947 994 1
979 994 2
983 994 22
988 994 2
72 995 2
85 995 2
115 995 1
158 995 4
164 995 0
209 995 0
279 995 1
337 995 0
346 995 3
402 995 0
452 995 1
459 995 0
489 995 7
515 995 1
569 995 1
583 995 6
587 995 2
588 995 4
596 995 4
630 995 3
646 995 5
655 995 2
679 995 1
683 995 0
700 995 1
702 995 8
718 995 0
730 995 7
742 995 6
751 995 8
792 995 9
805 995 8
811 995 5
835 995 1
840 995 1
864 995 1
875 995 11
881 995 8
883 995 11
884 995 3
887 995 10
890 995 2
893 995 0
894 995 10
903 995 2
915 995 1
931 995 1
948 995 10
955 995 10
970 995 0
84 996 4
125 996 3
136 996 1
199 996 3
244 996 0
269 996 2
278 996 5
287 996 2
324 996 0
353 996 2
381 996 5
475 996 1
528 996 0
535 996 4
553 996 5
586 996 1
591 996 3
601 996 2
607 996 1
619 996 4
620 996 5
645 996 1
682 996 1
721 996 8
767 996 1
779 996 7
799 996 3
819 996 3
849 996 11
870 996 11
902 996 0
912 996 8
918 996 1
922 996 3
923 996 13
932 996 11
936 996 13
938 996 12
940 996 13
948 996 1
952 996 13
953 996 11
964 996 5
969 996 15
970 996 1
973 996 3
977 996 15
978 996 13
982 996 1
30 997 4
37 997 5
74 997 5
155 997 5
196 997 4
213 997 1
239 997 2
283 997 2
301 997 2
354 997 1
364 997 2
365 997 0
368 997 6
374 997 6
391 997 6
434 997 7
438 997 1
469 997 6
485 997 0
488 997 0
499 997 7
508 997 1
522 997 0
534 997 7
536 997 3
575 997 9
639 997 1
662 997 10
674 997 11
707 997 0
727 997 0
729 997 11
795 997 1
819 997 1
822 997 12
823 997 1
854 997 13
861 997 15
876 997 1
882 997 15
887 997 1
909 997 2
922 997 16
924 997 2
929 997 17
935 997 17
949 997 0
973 997 21
975 997 21
985 997 3
31 998 4
93 998 4
100 998 0
135 998 5
154 998 0
194 998 4
252 998 0
255 998 0
261 998 4
279 998 0
321 998 0
391 998 0
398 998 2
431 998 0
436 998 0
444 998 6
460 998 7
463 998 7
465 998 7
481 998 6
504 998 6
514 998 7
516 998 7
556 998 0
560 998 0
563 998 1
583 998 0
629 998 10
640 998 1
675 998 10
681 998 1
706 998 1
738 998 9
739 998 11
740 998 10
761 998 1
766 998 1
781 998 13
787 998 11
833 998 0
860 998 2
866 998 12
869 998 1
879 998 1
895 998 14
921 998 0
925 998 17
951 998 1
983 998 22
994 998 20
19 999 3
25 999 1
36 999 3
75 999 0
101 999 2
134 999 2
145 999 0
220 999 5
245 999 0
277 999 0
325 999 1
340 999 0
344 999 4
375 999 4
403 999 5
426 999 4
436 999 6
442 999 7
457 999 4
490 999 1
548 999 0
560 999 8
568 999 4
610 999 7
627 999 5
653 999 1
674 999 0
689 999 0
691 999 8
697 999 9
746 999 1
750 999 1
760 999 1
766 999 0
774 999 2
801 999 9
806 999 10
817 999 8
821 999 9
826 999 8
853 999 1
864 999 1
934 999 15
937 999 14
952 999 1
965 999 14
968 999 15
989 999 15
994 999 2
996 999 1
