6
26
15
22
23
23
8
6
11
14
20
1
20
14
11
15
20
18
9
13
29
9
1
7
17
8
23
8
15
29
21
9
23
3
22
10
15
1
1
24
6
1
26
8
3
20
23
14
18
10
14
8
24
20
16
30
11
30
21
19
19
27
16
14
15
18
6
6
15
27
1
25
2
25
26
3
17
13
16
8
5
5
19
4
8
4
24
7
11
10
25
20
13
11
10
26
20
20
16
8
6
1
14
9
9
1
24
27
17
16
22
13
2
6
3
14
23
14
24
15
24
7
11
30
15
14
27
22
5
1
19
17
27
28
27
7
14
5
6
26
8
1
11
15
21
8
13
27
17
16
1
8
25
23
14
20
10
25
19
13
8
29
21
22
22
30
23
19
7
16
15
26
24
29
1
25
14
27
25
16
12
30
30
30
19
6
20
28
7
14
24
5
2
29
3
5
30
30
26
3
28
14
1
1
8
25
13
10
28
22
12
9
3
24
3
11
8
25
12
26
16
24
4
15
19
17
1
25
26
28
1
5
10
8
7
30
26
15
8
16
7
22
16
21
18
10
2
6
26
18
8
19
4
30
1
1
17
8
8
10
3
20
22
8
20
29
21
30
15
12
1
2
19
25
13
20
7
14
3
13
6
8
27
30
26
15
30
3
2
21
13
1
28
19
3
28
21
8
21
16
8
8
2
10
22
16
29
9
17
23
11
25
3
17
7
10
17
21
22
26
26
15
18
25
1
1
12
4
5
14
2
14
14
28
20
21
8
13
26
1
2
25
22
20
28
13
29
22
17
6
26
17
20
22
19
25
30
4
17
14
11
10
19
13
29
16
5
14
29
8
18
3
23
14
2
1
8
24
10
10
16
30
4
21
10
7
20
20
28
18
23
4
3
9
14
18
24
7
8
24
10
22
12
14
18
16
30
17
7
2
23
16
4
27
5
7
12
26
16
15
17
8
19
21
22
28
22
9
20
23
21
22
19
8
21
4
16
10
3
25
18
3
24
27
26
21
19
29
18
5
30
21
24
21
12
26
15
26
20
24
16
17
5
9
7
30
23
14
18
17
3
16
20
20
19
19
28
16
17
5
27
22
21
20
25
11
1
9
24
26
7
19
29
10
20
28
25
27
9
5
12
1
24
1
11
16
30
9
20
4
18
24
4
5
4
14
8
17
15
12
26
13
25
20
22
16
12
1
23
30
27
27
29
21
29
26
28
9
8
14
21
20
6
5
29
7
28
9
7
8
14
7
26
29
6
6
30
8
3
25
7
24
18
15
28
15
24
12
30
2
7
11
22
19
18
4
5
19
17
7
22
27
8
16
15
21
10
24
19
4
11
12
2
8
15
13
5
8
3
7
10
10
1
3
19
15
18
23
27
3
24
14
25
10
1
25
9
10
26
8
7
21
12
19
17
22
16
26
16
24
22
25
25
3
8
19
6
10
22
1
18
10
25
17
28
21
30
8
25
7
8
16
7
20
4
4
25
27
11
23
8
10
6
18
26
6
8
16
16
1
28
17
22
7
22
21
17
15
28
14
4
21
7
24
18
10
13
11
1
17
4
17
22
10
8
28
30
17
17
7
2
21
3
8
29
1
18
19
25
8
13
30
29
28
17
10
28
9
17
11
12
25
21
29
12
26
1
26
27
13
30
8
20
16
26
22
17
30
9
30
2
8
11
26
26
3
6
21
21
10
5
17
23
30
16
7
19
1
6
29
5
23
13
15
14
28
6
14
15
21
28
4
21
22
12
7
21
12
22
3
1
8
25
2
20
8
16
27
15
14
16
2
18
21
28
5
6
26
4
30
22
4
8
2
2
3
25
14
10
1
16
18
21
17
2
1
3
21
24
6
28
18
24
20
17
16
2
16
30
2
1
24
16
12
3
12
11
3
23
14
10
7
28
26
3
28
29
19
13
19
3
6
20
13
23
22
19
11
20
10
22
13
29
19
1
3
14
16
8
10
13
30
20
18
15
30
1
25
20
17
15
2
28
13
3
8
9
30
3
12
23
9
28
6
19
19
8
25
7
5
23
9
17
30
26
10
28
24
14
8
26
20
19
25
16
22
19
6
13
28
13
26
3
6
19
17
3
1
30
15
3
7
16
8
16
26
24
26
24
7
30
8
17
26
30
14
15
22
30
14
30
19
1
30
7
3
21
21
19
3
24
26
8
7
24
7
25
26
7
1
30
1
22
1
25
3
7
10
10
16
19
21
17
14
16
30
1
1
17
8
7
8
3
8
8
8
30
1
16
16
