13
33
18
21
14
31
20
29
17
21
16
8
18
5
12
22
10
19
4
11
11
16
11
21
9
26
10
7
21
6
33
32
2
9
32
17
16
11
4
20
19
16
23
31
15
12
25
5
13
27
29
11
23
27
29
11
26
6
18
3
12
25
28
24
13
31
14
1
2
4
18
33
2
7
18
28
31
32
32
2
31
14
23
29
31
3
5
26
32
15
22
20
29
31
10
29
23
17
24
31
18
18
6
3
1
9
6
28
25
4
33
25
9
11
26
14
24
31
19
13
3
17
31
15
26
30
21
7
2
21
4
16
19
7
10
21
1
11
27
27
22
12
18
23
15
22
13
11
23
2
12
6
23
25
31
32
11
1
16
7
11
17
23
27
14
8
26
17
6
28
33
26
33
10
28
9
1
27
31
25
32
33
18
2
30
1
18
22
31
12
9
20
2
19
15
21
31
19
18
7
32
4
6
11
22
31
5
32
4
23
3
12
25
25
2
11
17
9
30
4
18
2
3
24
29
33
26
27
11
9
30
33
29
2
1
12
7
2
11
24
26
10
28
29
1
2
28
12
28
7
31
16
16
30
9
27
4
24
26
7
4
22
21
3
24
23
14
24
12
25
29
18
7
33
9
23
1
28
11
13
27
17
11
5
29
17
7
31
23
4
33
1
10
5
12
7
22
30
31
3
1
32
15
32
30
7
8
5
16
9
23
19
4
18
17
3
10
26
11
12
12
15
29
32
14
2
2
28
31
32
8
9
18
33
4
25
31
22
23
2
2
13
31
5
1
14
18
20
18
9
22
27
2
4
9
18
12
20
25
3
32
22
10
12
1
33
3
9
12
10
26
31
15
17
24
22
16
4
11
22
20
26
9
7
11
13
4
11
17
18
23
4
5
3
27
25
18
14
2
28
16
19
29
26
24
30
20
32
26
18
30
9
32
2
20
21
29
27
8
14
15
14
24
29
14
16
28
22
9
17
28
15
18
13
1
31
30
28
7
13
18
27
17
2
16
18
32
32
22
9
29
24
1
33
20
2
11
10
28
4
28
23
24
11
17
23
22
8
11
7
19
1
9
11
30
15
15
7
11
30
6
11
9
16
27
13
1
2
22
29
13
30
14
24
21
16
21
8
31
11
2
13
21
11
24
12
31
26
6
33
26
20
9
29
11
5
8
15
19
23
5
22
6
2
12
26
32
13
16
29
18
20
23
22
12
9
1
26
25
25
25
18
31
21
11
2
19
19
3
5
31
30
33
24
28
6
22
22
18
19
9
28
10
10
24
22
2
2
17
14
3
24
22
17
18
16
28
17
26
23
17
16
18
29
15
3
28
16
16
8
1
23
32
20
1
22
10
31
20
33
25
26
31
11
15
14
6
28
1
13
29
28
14
24
30
16
27
21
10
17
14
9
30
25
31
30
19
14
9
25
27
28
30
21
4
6
5
18
16
10
6
18
5
6
2
3
10
29
18
23
22
21
14
26
29
11
6
21
9
27
9
8
22
19
33
13
13
22
2
25
23
20
22
22
21
11
30
3
26
32
30
29
12
30
22
19
33
22
6
26
21
2
26
3
10
24
23
24
7
16
26
4
20
18
6
6
16
13
14
2
25
23
2
8
14
21
10
4
15
4
15
9
2
5
15
26
22
4
7
24
11
15
16
15
22
15
28
25
28
10
2
11
31
29
18
24
24
30
18
11
29
23
19
6
29
5
14
26
25
10
32
9
7
28
1
15
2
28
2
5
15
29
20
5
26
17
15
8
7
11
31
21
24
7
28
3
29
22
19
16
24
3
26
17
31
18
9
2
25
27
26
18
22
20
21
23
23
5
15
11
4
4
24
1
11
22
9
22
14
18
8
25
2
22
13
6
8
23
3
31
26
6
15
9
20
23
10
25
10
20
9
25
16
24
7
17
3
16
21
7
33
1
26
24
11
27
18
26
14
21
17
13
9
19
5
23
11
1
20
28
8
24
21
20
10
11
29
2
11
5
21
11
17
17
14
29
16
6
2
25
23
1
21
17
10
19
32
29
21
13
4
24
24
17
4
22
4
8
27
26
29
6
33
10
18
32
12
6
13
8
8
17
8
8
18
11
24
7
20
26
3
29
23
7
14
14
18
22
2
19
22
21
4
18
31
7
7
31
11
4
31
19
23
18
11
15
28
22
9
24
22
23
4
32
16
22
9
1
15
6
20
30
26
7
30
6
17
29
21
10
31
18
23
26
11
31
17
24
28
2
26
17
2
4
18
11
29
2
22
2
