10
18
6
11
3
2
32
12
10
10
5
9
24
1
4
23
21
7
22
11
10
5
28
5
20
10
23
16
7
15
13
27
27
23
26
12
24
17
16
31
11
19
21
19
12
19
5
16
14
28
6
26
13
25
20
32
11
23
2
1
17
4
12
16
7
17
21
15
12
3
31
9
16
14
11
6
1
4
32
23
9
18
6
24
14
25
27
20
11
5
6
22
4
32
11
32
4
5
11
11
17
20
5
3
28
28
31
3
2
3
12
12
28
16
30
14
5
27
2
17
26
17
3
27
6
1
12
9
31
10
11
8
21
8
31
20
1
31
1
11
1
28
1
5
24
31
13
24
6
28
29
16
27
25
14
28
19
6
7
11
4
13
21
27
1
32
32
4
4
12
28
19
18
26
1
16
3
20
4
10
29
32
19
23
31
30
16
1
27
30
5
23
23
29
3
9
13
32
11
8
32
26
25
25
21
32
5
32
16
28
27
4
1
1
32
32
4
16
6
27
10
11
16
31
23
28
10
17
21
4
5
17
16
8
23
32
11
3
25
8
20
29
21
6
10
5
27
11
32
5
18
29
12
13
29
23
25
26
11
21
19
23
24
12
5
4
1
18
26
4
11
32
20
25
14
2
10
23
15
23
10
25
5
15
32
23
17
27
19
14
18
16
14
12
3
1
9
9
3
21
8
29
8
16
2
28
24
27
32
10
6
6
20
16
27
29
10
12
12
27
30
24
24
31
24
15
2
2
13
15
27
15
31
26
31
4
30
11
31
22
28
1
32
5
16
4
18
16
29
1
26
22
12
3
26
16
19
9
8
28
17
7
13
9
26
23
27
12
32
2
6
32
28
29
14
24
20
16
29
11
5
16
5
2
4
2
3
10
2
12
7
13
8
15
6
3
19
8
19
13
26
4
20
17
18
27
3
24
28
3
8
3
10
7
23
28
31
10
23
15
23
3
4
16
30
23
4
9
28
23
8
30
13
15
3
28
3
21
24
13
19
3
18
20
4
10
13
11
28
18
6
3
5
19
6
29
21
27
3
2
2
11
11
17
29
24
10
1
14
25
19
9
20
6
21
32
16
13
12
15
8
7
27
15
26
23
2
20
14
6
5
25
15
26
32
30
16
15
24
4
29
25
17
23
15
22
27
23
21
22
4
25
6
7
22
2
12
6
13
16
8
13
25
19
32
20
28
16
25
28
25
27
29
10
29
12
16
4
3
32
17
30
3
7
29
2
13
21
16
15
11
3
32
10
22
7
29
9
5
22
15
13
2
14
32
14
3
30
8
17
25
5
16
3
31
15
10
28
32
6
28
10
10
3
18
10
7
13
18
1
23
27
7
29
16
16
11
6
1
16
12
32
12
26
1
25
12
11
32
11
32
11
20
20
2
23
19
32
25
4
28
9
32
8
11
30
16
7
14
4
27
15
10
23
31
29
3
29
14
17
1
22
6
30
26
28
10
26
30
17
23
1
31
2
2
4
24
31
8
15
10
22
30
19
32
29
10
23
12
24
15
11
2
6
24
13
8
32
6
28
7
3
24
14
28
9
30
2
26
30
22
17
22
14
26
20
11
29
7
4
21
6
13
28
1
13
14
1
5
29
17
28
29
28
6
21
2
19
4
24
5
31
27
3
6
25
10
17
9
29
1
11
8
6
5
32
6
16
31
31
12
16
17
6
10
15
8
14
5
32
32
24
4
23
29
32
25
13
4
5
2
25
28
28
2
15
12
11
22
27
14
29
24
23
25
26
3
27
6
32
12
24
2
25
31
30
4
27
26
10
9
21
3
29
10
10
16
7
31
27
13
24
2
24
10
30
11
12
8
5
27
32
3
8
10
18
18
3
23
6
27
5
9
31
10
5
3
2
27
1
27
31
18
6
22
25
21
3
2
29
9
19
27
25
21
32
13
11
25
22
2
13
32
1
8
7
1
30
8
4
3
11
28
1
6
29
28
11
3
5
25
28
9
32
4
23
14
27
24
19
1
21
18
3
31
5
16
26
5
18
1
29
5
1
11
15
11
13
2
19
22
3
21
3
27
7
20
9
16
10
22
13
23
32
2
7
27
13
2
29
29
10
12
14
16
20
2
5
32
14
18
31
21
19
30
19
6
24
4
32
10
13
11
25
10
28
15
28
30
1
14
28
3
5
2
11
17
26
8
22
6
2
2
23
25
23
11
22
32
29
31
18
2
30
11
15
9
25
28
26
25
5
2
17
30
5
25
24
4
6
24
25
10
9
19
12
31
11
19
18
