14
21
4
29
23
1
26
30
22
10
12
29
9
16
30
8
21
2
29
29
13
15
16
9
8
4
30
24
20
2
7
29
28
12
25
22
26
11
8
30
8
26
16
8
13
29
24
17
12
19
3
23
18
13
3
14
23
2
16
2
14
10
11
12
23
22
21
23
24
2
28
22
16
30
4
1
11
23
5
1
7
3
2
16
23
12
10
10
1
1
1
26
25
11
26
14
1
24
24
29
7
8
28
1
22
11
30
3
11
4
12
23
17
1
9
12
29
10
30
7
1
14
5
21
21
16
7
9
26
4
27
30
9
29
21
8
14
21
24
2
24
13
17
30
30
10
12
8
19
4
17
30
13
3
11
8
10
4
6
26
30
15
9
16
10
6
27
22
1
13
29
13
14
21
26
12
25
1
8
13
12
21
23
16
12
30
18
13
3
25
12
15
30
15
8
28
30
4
14
13
2
24
19
22
23
5
29
9
17
14
29
30
5
26
12
13
23
4
5
6
9
4
1
6
12
23
14
2
24
7
9
19
12
26
10
1
6
7
25
29
9
21
21
29
12
1
25
14
9
7
20
10
6
18
29
4
21
22
1
22
16
4
8
30
22
10
17
27
22
22
23
16
5
6
12
1
6
16
1
30
29
20
2
5
23
3
24
23
11
19
18
5
16
2
13
12
16
13
16
29
23
16
17
1
15
18
8
28
26
4
7
3
12
8
17
21
15
7
10
29
3
8
23
9
14
2
20
21
11
26
16
29
5
8
2
13
23
14
21
8
23
7
24
30
1
24
29
30
1
5
27
10
20
30
16
25
24
6
11
30
30
8
21
25
14
21
24
12
12
24
1
30
14
1
12
29
27
14
11
12
16
24
22
13
23
29
9
16
28
2
29
13
9
12
16
28
5
24
26
20
23
2
8
11
30
19
20
9
23
29
12
17
21
2
23
14
10
23
25
23
4
19
13
18
2
24
23
29
13
8
26
2
29
11
18
19
23
27
21
25
16
16
24
14
2
21
25
17
14
29
2
16
1
16
6
21
9
7
30
25
8
17
17
15
30
24
1
10
17
29
15
26
18
7
24
13
24
7
3
2
10
10
27
10
16
25
30
17
25
19
13
17
5
5
3
11
26
5
18
30
25
16
27
8
7
12
30
23
19
20
4
10
8
4
30
15
26
25
25
10
8
23
28
30
20
4
2
15
21
24
2
20
14
17
1
22
26
29
16
4
22
3
9
1
27
13
22
10
24
1
5
7
25
9
5
11
8
26
14
23
18
3
24
3
24
7
12
15
3
12
17
30
10
20
28
2
24
16
16
6
15
2
6
24
29
1
3
6
5
13
14
7
9
5
14
7
26
6
16
13
18
13
1
22
21
10
10
24
6
2
3
30
1
27
2
1
2
8
13
3
27
24
15
24
23
5
15
7
1
6
18
5
8
19
29
10
10
27
18
13
16
18
11
5
30
18
4
21
6
27
3
17
28
10
26
26
1
15
16
24
16
16
24
18
24
14
20
18
4
1
22
16
10
3
25
16
14
21
8
2
13
17
3
3
30
15
6
8
18
20
15
27
14
6
30
2
17
1
16
14
14
12
18
17
24
14
19
23
18
29
6
13
5
28
17
1
16
18
13
6
4
13
2
3
14
18
6
26
8
24
23
17
5
2
3
19
9
17
5
26
14
30
15
18
13
2
21
17
21
13
15
23
25
8
23
29
11
20
28
4
2
18
29
16
16
1
6
8
29
10
4
15
2
11
14
21
16
23
20
12
7
18
22
29
1
29
5
4
24
8
2
21
15
14
19
22
27
4
10
7
15
12
29
18
11
18
16
24
17
16
20
22
19
28
26
1
15
15
23
23
18
21
2
28
21
14
21
3
17
16
19
28
7
1
14
13
19
30
25
27
15
21
27
22
20
24
29
10
10
13
4
8
29
19
10
30
21
2
8
2
1
14
27
7
29
2
23
9
15
24
2
17
9
14
1
21
8
9
30
21
1
6
23
28
23
14
9
8
3
28
25
30
8
11
15
16
28
8
4
8
29
18
1
30
24
2
1
19
2
7
14
16
14
23
15
4
28
12
16
10
2
10
17
25
8
1
5
10
28
19
11
11
18
1
19
16
20
30
21
30
26
30
30
5
10
3
7
3
4
23
19
7
9
29
9
5
4
20
20
30
30
13
9
13
22
22
13
23
4
1
3
30
3
10
19
10
16
24
13
8
26
3
27
2
2
21
18
5
13
3
9
23
1
29
18
11
17
3
27
28
