3
27
16
12
19
26
19
27
9
13
1
3
20
27
12
12
19
13
4
4
14
9
9
14
14
17
28
18
14
15
14
13
3
15
1
17
7
23
22
25
12
13
8
13
26
13
11
8
15
31
18
13
7
4
19
25
17
21
11
3
16
7
27
18
1
13
19
16
13
18
22
4
13
23
2
17
20
15
3
7
27
31
10
30
9
6
7
11
8
11
14
30
6
19
17
28
31
9
26
28
24
24
16
2
4
29
3
26
10
24
7
10
1
6
27
3
14
28
22
14
10
5
29
31
5
11
24
9
3
2
13
25
30
14
3
7
21
19
25
27
17
8
13
25
24
11
1
30
22
8
29
29
22
21
11
31
30
10
31
4
25
1
25
11
3
3
24
3
2
16
29
9
9
5
21
14
23
12
7
16
11
12
12
11
19
18
3
17
11
5
9
18
23
29
21
8
17
22
6
30
13
8
13
13
26
30
11
1
12
14
7
26
24
12
27
5
14
3
25
6
3
29
23
7
12
12
13
13
16
19
5
25
2
12
19
18
7
26
28
1
30
29
12
17
22
9
12
7
20
1
17
25
26
15
22
6
27
9
4
13
1
25
3
29
23
8
10
2
29
21
23
23
25
21
25
29
13
6
10
22
7
1
20
30
26
22
5
9
24
20
17
17
4
21
13
6
14
13
11
13
19
9
31
4
30
15
31
22
14
7
20
8
26
25
24
13
1
31
10
28
6
4
15
10
16
7
28
3
14
4
22
30
15
12
1
29
22
22
7
9
13
22
26
2
17
24
11
13
11
24
3
12
6
8
13
24
28
14
22
2
4
31
13
24
22
29
12
13
17
12
22
20
20
21
4
2
17
17
5
21
3
10
20
22
17
25
1
16
15
14
3
22
22
29
13
5
13
27
19
23
1
1
10
22
22
11
2
27
9
4
26
24
3
3
22
26
15
29
17
25
24
27
7
11
23
27
31
27
4
24
10
9
27
22
27
11
29
4
6
13
15
10
13
4
10
7
27
26
16
4
16
10
13
4
23
26
31
10
12
1
9
18
16
28
18
7
24
30
4
18
7
5
2
24
7
26
18
9
5
5
12
10
31
9
1
10
1
3
13
25
4
4
28
27
21
21
26
29
27
7
27
4
7
13
23
22
22
16
6
6
15
22
1
20
6
6
29
21
5
1
11
16
31
11
27
24
8
4
5
18
28
31
11
10
7
16
27
30
12
9
19
19
15
13
15
14
22
16
20
18
22
17
10
17
10
18
12
5
29
27
31
3
28
13
1
18
12
22
3
27
5
29
11
24
17
13
5
1
12
9
17
28
15
28
5
19
14
9
15
22
17
13
18
18
23
9
25
12
27
6
22
11
12
18
18
12
16
9
11
25
16
2
11
23
20
3
27
13
16
12
17
22
26
13
22
17
18
10
25
19
28
8
13
3
17
28
11
22
17
2
12
31
16
21
6
17
28
13
21
28
14
29
9
8
31
2
15
14
3
24
3
21
9
16
18
21
1
16
5
6
6
4
2
24
25
6
13
8
25
22
1
30
3
11
17
25
25
11
29
23
30
3
27
22
6
13
2
18
13
4
12
13
11
12
13
9
7
18
15
25
20
29
24
13
25
13
30
3
12
10
31
21
12
11
20
18
18
16
17
10
31
20
1
6
3
12
24
27
17
26
23
20
20
6
10
4
19
18
14
18
8
9
11
16
5
23
27
4
9
4
9
17
1
23
12
30
5
9
8
12
18
14
31
15
8
3
7
19
19
20
11
30
4
18
12
15
3
18
14
12
9
29
24
13
9
5
25
24
1
28
23
28
19
31
10
29
13
6
1
20
7
3
9
12
12
20
5
17
28
24
2
15
11
26
30
28
5
2
11
15
10
30
8
28
27
13
18
13
24
26
7
29
11
19
3
9
16
19
16
14
22
3
27
8
26
9
28
13
4
12
26
23
24
13
13
24
17
15
26
13
6
3
5
2
15
26
4
6
21
4
8
1
14
2
11
12
2
21
27
29
12
10
17
20
15
6
14
26
18
22
8
7
24
9
5
10
28
31
14
26
2
3
31
8
29
7
30
18
19
27
29
9
29
18
4
17
17
15
16
9
17
5
13
17
13
10
31
24
5
15
14
3
27
18
1
12
1
15
29
18
14
12
22
24
12
12
12
1
24
12
9
18
29
15
4
7
7
18
29
12
10
13
17
3
22
24
9
13
1
11
24
27
4
3
18
11
22
22
18
3
13
27
27
27
9
9
3
13
9
13
