21
15
15
12
12
23
23
3
18
26
18
15
21
7
13
4
1
20
13
19
28
3
18
11
22
17
19
4
25
10
10
20
14
14
24
17
24
10
15
23
20
8
10
8
21
10
6
17
3
17
22
8
13
1
9
5
5
11
9
16
1
28
12
25
18
7
24
6
1
6
20
26
20
26
26
18
23
3
23
4
3
5
18
10
7
23
26
9
11
16
8
12
16
10
1
3
18
5
24
1
15
14
11
7
17
11
18
13
28
13
10
3
17
18
9
19
25
14
22
5
17
16
12
17
5
24
28
3
22
22
26
16
1
1
24
10
18
24
18
14
17
24
4
13
10
24
19
3
4
15
22
15
10
14
9
17
24
19
13
15
12
14
27
10
8
24
1
22
25
25
18
17
9
11
11
19
9
15
9
8
9
6
26
10
18
1
1
22
24
20
6
10
15
1
19
23
4
21
28
5
27
21
9
22
6
21
12
9
20
24
18
17
13
17
28
13
20
1
28
3
28
14
1
14
17
9
3
19
22
1
25
25
11
23
26
24
7
20
7
11
13
2
13
25
27
7
20
2
12
24
14
9
13
24
12
3
22
12
20
28
1
24
13
27
13
24
1
7
14
18
20
10
18
3
18
14
6
25
26
23
12
1
12
2
20
16
11
10
1
9
23
28
1
2
12
5
17
4
17
20
24
5
11
11
24
26
2
12
17
16
19
8
20
17
10
2
26
28
10
19
3
12
13
11
26
9
5
10
16
8
19
18
12
12
13
28
12
8
23
26
13
23
21
18
4
11
3
21
18
26
28
8
24
24
2
26
1
23
18
11
17
6
7
26
13
5
15
23
8
12
18
24
4
10
5
10
10
14
6
11
22
21
9
20
3
28
26
1
12
24
23
17
27
14
12
21
22
5
10
12
11
26
16
10
5
16
7
11
25
2
1
14
14
13
1
5
9
6
26
14
21
26
23
8
21
7
11
9
4
17
13
8
7
23
17
23
24
22
24
23
27
7
23
20
3
9
16
17
23
21
10
2
22
15
28
2
20
2
18
12
26
8
12
3
13
15
13
19
10
8
12
24
28
22
6
3
13
21
28
13
23
2
8
12
5
28
7
24
3
11
17
15
2
11
20
9
16
9
27
11
4
9
17
8
28
23
20
7
13
3
5
17
28
4
26
5
26
28
14
2
10
3
1
24
19
20
24
12
21
18
15
7
1
18
4
17
14
24
10
4
17
9
4
1
9
17
14
11
21
15
24
16
25
5
11
17
1
27
18
1
19
17
11
23
2
19
10
18
28
15
28
2
12
24
26
27
6
2
8
8
2
14
3
3
4
9
26
1
23
24
5
24
8
2
17
5
4
7
8
5
18
25
2
3
1
19
16
4
13
16
17
13
28
27
13
11
17
14
8
12
11
6
18
12
25
14
1
18
15
18
14
8
12
18
28
24
8
25
7
22
9
1
6
17
20
9
8
7
6
9
26
3
21
21
12
11
16
24
2
15
24
10
8
13
2
23
18
12
13
27
6
18
26
14
14
18
5
5
8
23
3
19
28
23
5
5
2
13
14
12
16
25
2
14
9
22
2
24
2
26
1
10
17
24
9
16
19
4
23
13
8
1
9
16
11
15
21
11
12
1
11
4
1
26
23
8
17
1
21
15
23
20
13
13
16
10
15
8
20
8
25
14
27
15
24
21
9
26
20
21
2
21
2
21
21
28
24
25
13
1
23
17
8
21
17
10
3
13
19
1
12
22
7
3
5
13
12
20
17
24
27
12
13
18
6
11
17
24
18
8
24
26
1
27
14
24
10
13
11
23
11
26
20
8
14
27
8
24
15
3
1
7
22
26
24
19
4
4
8
4
17
3
12
3
18
26
13
23
12
27
15
14
17
16
13
12
4
20
17
28
9
26
8
22
21
1
1
12
12
11
12
24
5
11
19
8
15
24
15
5
1
16
28
15
27
25
5
7
27
6
1
25
6
22
10
11
28
2
28
15
3
20
17
26
14
19
18
28
28
1
18
8
11
21
26
8
9
24
18
3
15
16
22
7
11
18
11
21
11
22
13
10
15
2
13
2
7
22
15
9
26
26
18
27
12
23
26
16
22
6
4
18
25
13
1
18
26
13
1
23
20
26
27
28
7
6
8
8
20
14
13
1
22
19
17
27
21
4
12
20
11
6
4
9
23
27
21
3
8
14
13
12
15
13
25
6
26
14
10
4
17
15
3
12
15
4
28
10
26
24
4
24
14
24
26
28
9
2
25
18
