4
20
1
14
6
3
22
14
23
29
21
21
1
23
2
3
17
5
28
22
11
22
29
2
21
5
23
6
4
21
27
29
8
4
3
26
1
25
17
17
17
8
15
14
25
4
27
18
10
14
7
20
30
30
4
10
16
9
26
20
4
11
10
21
1
1
12
10
7
6
1
10
13
20
1
30
30
24
19
16
13
30
30
18
28
24
7
6
27
17
4
8
25
22
14
2
11
4
7
29
22
4
16
12
21
17
12
7
4
7
20
24
10
2
17
17
13
26
11
29
25
15
12
17
9
27
6
2
9
5
1
18
9
25
22
17
30
29
17
3
2
24
14
12
12
16
23
10
1
13
23
21
16
13
19
6
24
9
23
18
18
3
17
12
9
23
28
4
23
12
14
10
22
20
26
29
2
2
26
28
30
18
9
6
27
20
17
16
28
10
17
22
30
23
10
21
18
11
11
14
21
23
16
30
2
29
18
1
3
15
12
18
14
23
17
30
5
13
4
9
12
8
14
18
23
9
12
12
10
11
9
19
8
7
30
15
3
22
30
23
1
26
23
19
27
21
22
18
8
28
29
16
3
14
23
1
12
13
2
14
10
19
10
2
17
7
29
5
14
3
22
15
4
10
27
22
17
18
26
13
11
14
10
28
25
6
22
27
23
20
30
25
10
23
29
1
23
19
9
7
11
13
18
4
16
4
7
28
10
10
9
30
3
30
24
10
16
23
7
7
18
29
8
23
27
19
5
3
17
12
20
18
23
7
15
19
30
12
21
7
21
28
21
4
9
30
16
26
11
6
12
10
5
21
1
10
4
3
17
9
26
29
23
26
28
3
22
10
9
8
19
1
12
8
26
30
15
15
1
12
6
6
15
4
14
1
2
17
10
30
25
14
28
29
8
17
17
2
29
5
25
12
20
25
22
11
2
1
19
3
24
25
23
21
7
13
18
8
26
23
30
24
18
14
12
15
10
2
7
6
19
17
29
30
11
27
15
20
4
2
8
2
20
23
3
1
7
6
16
30
20
15
1
17
6
18
14
23
20
2
4
19
7
20
7
12
6
19
23
8
6
29
19
10
22
4
23
28
11
30
20
1
15
14
22
1
24
5
22
2
7
9
14
12
7
22
29
15
8
1
22
30
2
19
27
30
12
21
23
16
22
5
5
20
8
27
18
3
17
20
23
23
20
28
7
23
2
9
9
15
25
17
23
29
30
28
5
25
14
30
27
11
13
6
26
19
13
19
22
6
7
13
9
13
14
28
30
3
30
27
10
2
9
27
21
3
13
10
7
16
28
30
26
2
5
27
2
17
10
10
8
21
27
20
13
14
5
6
1
17
24
7
2
16
13
17
12
23
14
20
15
24
14
3
5
13
21
25
27
14
9
4
27
12
5
26
2
11
7
1
11
15
11
25
13
16
16
21
10
2
23
22
1
10
8
1
27
3
22
10
24
30
13
13
23
28
9
11
23
27
4
7
27
12
25
23
11
12
20
24
26
9
17
2
16
23
19
14
8
8
28
14
24
17
1
30
20
5
4
4
19
24
26
19
10
5
4
12
21
9
12
23
21
1
28
28
8
19
3
20
16
18
7
11
30
3
14
2
26
26
15
12
26
2
29
7
23
30
11
2
7
19
27
29
9
8
3
10
1
15
2
10
29
24
1
12
1
26
10
22
17
4
18
10
27
8
4
7
9
30
20
21
9
3
24
7
2
10
4
3
2
5
19
6
23
26
30
25
22
1
24
12
25
4
21
18
24
4
18
8
21
28
1
27
24
14
10
3
2
13
8
30
25
2
26
18
10
22
10
6
6
4
7
11
14
25
18
23
1
20
22
1
18
24
27
14
29
15
27
9
29
14
22
9
5
9
26
8
9
10
30
13
3
30
5
1
9
15
23
15
10
20
20
14
22
22
27
6
12
4
18
9
15
10
2
25
22
7
12
16
30
4
10
22
27
27
9
4
18
17
5
16
30
2
30
15
23
18
8
17
24
1
13
10
16
5
9
27
17
6
12
4
17
7
3
2
27
23
19
29
8
21
23
2
27
27
25
30
12
30
27
13
24
27
13
20
21
10
4
16
27
17
24
26
4
28
3
22
4
29
16
21
15
4
12
4
9
9
3
1
19
18
5
21
16
20
18
4
5
27
9
9
19
27
18
2
29
21
5
12
1
1
18
18
19
1
7
4
5
4
18
2
9
23
3
2
14
22
19
5
19
10
18
23
22
1
2
10
2
18
14
22
22
17
9
2
17
30
18
27
