1
6
10
7
19
30
22
30
30
7
13
14
4
6
22
24
23
21
32
17
3
25
8
18
12
11
13
23
25
12
18
5
3
9
15
32
15
27
30
1
15
1
16
23
23
2
22
7
22
31
27
1
33
9
20
8
18
27
29
30
4
1
2
1
32
33
15
2
29
16
4
9
15
27
11
21
27
5
3
5
19
29
4
22
11
32
2
2
15
14
30
19
4
26
12
23
32
11
29
6
11
17
21
15
6
14
33
9
7
12
8
9
20
10
11
30
22
5
12
5
27
10
12
15
20
31
25
5
33
32
14
28
1
4
18
5
21
15
11
18
23
28
33
8
15
19
21
22
11
5
12
13
33
28
5
5
4
27
18
11
7
17
25
29
15
20
29
20
2
11
33
31
10
19
2
10
32
2
33
2
21
17
14
14
2
32
28
12
26
9
13
10
27
5
11
6
31
29
31
27
30
22
12
15
4
13
25
2
26
23
32
31
7
23
26
20
12
33
12
28
21
8
26
3
26
23
20
9
23
12
11
26
11
11
21
27
13
6
19
10
1
23
21
14
8
3
26
28
11
30
7
11
32
9
30
20
21
15
27
4
9
19
8
33
28
8
21
23
29
29
13
20
23
31
5
16
25
20
15
1
30
13
31
26
28
23
26
31
22
19
18
4
6
20
3
21
21
9
6
18
10
33
11
2
23
21
9
3
21
18
18
19
13
18
2
15
7
12
13
29
3
9
18
15
30
13
8
7
11
11
21
11
23
23
22
25
31
26
10
5
5
13
6
6
5
17
3
3
24
3
6
22
30
3
11
29
5
12
19
10
27
7
3
7
17
17
29
24
7
23
20
23
14
5
29
24
23
24
33
21
4
16
19
20
19
31
27
16
28
24
20
11
9
9
5
24
17
12
9
12
12
14
12
12
17
12
1
29
16
17
22
14
26
8
11
23
29
22
3
18
21
10
7
9
15
26
1
21
11
3
25
13
10
27
32
31
31
2
18
22
27
18
29
8
2
29
11
14
11
23
29
11
33
25
17
9
32
33
27
11
21
19
17
21
19
18
6
21
19
18
4
28
5
29
22
9
7
23
24
2
20
22
22
23
1
25
33
7
2
28
20
31
26
9
5
25
30
20
14
32
7
4
15
15
13
21
24
22
12
29
15
26
5
18
30
7
25
20
8
33
29
5
24
27
11
23
28
24
15
22
21
26
6
24
27
21
24
22
10
8
21
33
27
4
19
18
16
17
17
21
3
30
32
1
15
33
2
1
8
5
18
2
16
5
18
29
29
6
11
6
18
13
29
8
16
1
31
23
12
16
13
12
14
1
14
11
7
11
21
1
28
21
8
3
25
4
19
8
1
25
4
11
2
8
30
2
29
2
26
33
25
29
17
18
29
7
27
8
1
4
19
33
15
17
25
24
3
14
1
11
23
32
28
33
10
18
15
12
28
21
2
24
13
5
29
2
11
21
10
20
10
7
9
29
29
15
11
22
15
11
1
32
4
21
16
28
24
33
18
16
30
9
21
12
16
27
25
3
17
27
7
27
11
31
18
2
23
16
15
10
26
6
15
30
6
31
25
29
16
16
33
12
26
33
21
12
29
15
20
14
31
3
3
15
13
12
12
27
18
21
33
26
18
9
14
2
14
5
26
15
8
15
29
11
27
11
30
2
29
3
8
33
5
29
28
25
33
1
33
12
18
20
23
32
5
17
5
5
12
19
33
12
5
2
12
23
20
10
12
29
18
33
23
29
25
2
9
15
19
11
20
13
1
11
3
28
33
15
27
1
11
10
8
1
13
10
21
23
15
33
15
3
21
8
33
27
28
12
28
15
18
28
33
7
12
14
11
2
31
17
11
13
26
29
7
25
17
6
15
27
22
15
33
22
2
32
11
16
33
25
27
30
24
11
11
11
3
11
6
4
12
14
11
23
32
21
26
7
8
11
33
7
12
8
3
18
27
8
1
3
33
2
7
30
1
20
23
4
7
18
8
2
13
16
16
5
6
15
22
9
29
13
18
31
1
12
27
19
30
20
9
4
23
18
14
32
31
24
21
2
13
7
19
9
27
21
18
32
18
12
25
16
29
32
7
21
3
11
33
11
19
6
1
21
32
27
9
19
32
26
2
10
14
21
6
24
1
1
33
10
24
11
21
7
10
16
29
3
2
21
26
3
5
21
20
25
4
10
10
8
5
22
9
27
11
2
10
12
27
29
1
19
8
26
2
10
11
27
11
23
18
33
29
29
15
11
11
12
11
23
