2
26
1
17
30
23
33
10
2
30
32
4
5
19
10
29
29
23
12
29
27
15
11
3
7
14
4
9
11
24
30
32
11
5
27
31
4
28
8
1
7
4
34
28
18
6
13
29
27
21
23
10
7
18
14
20
12
31
20
8
21
28
2
12
27
32
29
3
19
19
32
4
21
27
32
3
5
13
15
2
2
10
15
26
3
15
33
34
27
6
29
21
31
8
12
5
32
16
6
17
6
8
19
9
12
27
8
3
28
25
10
15
1
7
25
13
7
23
15
6
9
12
12
16
3
28
23
21
2
3
30
21
18
17
31
29
1
6
32
19
3
30
30
2
15
29
4
17
22
33
29
2
14
23
14
23
32
9
10
5
6
5
18
13
3
11
8
12
9
33
24
7
23
29
23
3
6
34
19
8
28
5
23
6
30
28
27
18
32
26
33
2
34
12
28
9
29
6
34
19
18
26
33
24
4
24
33
5
18
2
7
29
7
6
33
18
31
5
22
24
25
24
2
5
26
2
20
17
29
8
26
32
33
31
9
11
30
13
11
24
22
12
12
34
6
25
22
3
20
31
8
22
11
27
21
9
12
22
18
29
25
13
4
19
22
11
1
24
26
24
29
14
4
20
16
1
29
4
29
28
19
9
25
25
21
3
19
24
24
24
8
5
4
25
29
12
19
31
20
22
17
31
17
33
4
24
14
22
9
27
5
20
31
27
29
12
15
33
10
24
28
2
14
12
29
13
21
15
13
6
29
22
13
6
17
22
19
15
20
4
3
34
27
29
8
18
6
6
2
10
15
24
4
18
5
23
13
5
4
5
13
29
19
26
23
10
22
9
7
34
16
23
8
4
13
12
4
23
24
17
11
18
21
4
5
28
27
16
23
28
5
33
1
19
21
23
3
24
20
9
30
4
20
19
1
27
21
15
15
31
13
7
34
6
15
25
26
31
10
4
30
17
34
32
15
33
34
10
31
8
25
4
1
33
4
31
22
17
26
11
19
13
1
31
16
29
33
25
10
3
25
24
22
33
5
20
23
4
29
25
17
26
8
23
20
28
29
4
24
4
31
23
13
2
27
6
9
9
10
11
1
24
3
17
6
21
32
20
16
26
19
8
1
10
34
15
31
30
25
14
16
29
11
27
30
34
17
23
34
5
7
9
30
24
4
3
5
14
6
6
30
21
24
33
33
12
19
25
31
1
10
5
19
14
8
22
28
13
9
32
10
7
9
12
7
16
29
26
1
12
8
6
34
17
14
21
13
7
22
13
18
14
6
18
29
28
27
6
34
33
20
5
8
5
8
10
12
9
2
8
24
24
6
16
14
18
32
26
32
12
18
9
3
4
8
25
14
23
7
2
8
1
33
21
13
23
24
6
6
16
30
19
15
6
31
11
25
16
31
30
5
23
13
19
11
6
8
15
4
30
33
11
1
19
30
21
23
25
16
29
5
15
12
6
4
4
29
10
11
7
30
11
34
2
20
20
2
11
2
12
12
2
10
15
15
26
14
33
1
6
18
21
2
9
29
24
28
11
32
32
1
17
17
1
28
28
15
15
10
6
4
27
26
5
4
2
29
23
9
13
6
32
14
20
14
4
13
3
2
19
28
30
5
18
10
9
1
16
11
23
6
2
15
14
8
4
1
2
31
1
2
11
24
9
20
8
33
25
9
14
26
1
23
24
14
26
26
23
4
10
34
12
9
5
31
30
2
29
17
23
11
17
4
22
2
7
13
29
32
9
8
26
18
29
12
15
14
34
16
2
23
3
10
28
13
32
16
6
15
4
10
34
17
25
21
14
32
8
11
19
24
23
6
6
31
1
6
17
25
34
13
22
3
12
34
24
4
27
27
2
3
4
1
4
22
17
18
33
23
14
34
1
22
19
17
8
3
28
20
9
9
8
31
6
4
17
10
14
3
16
31
31
5
12
20
27
26
29
23
6
2
28
9
4
2
12
17
9
20
12
2
16
18
31
31
33
23
21
22
11
3
32
8
5
2
12
3
32
31
26
7
8
29
16
19
8
14
32
5
20
13
28
18
23
1
31
4
21
19
31
20
16
20
24
6
24
4
16
23
5
24
26
7
3
20
7
10
10
32
12
28
13
26
12
33
15
20
20
8
15
17
9
7
4
12
5
31
32
5
26
3
9
30
26
4
12
5
27
22
11
27
10
23
34
4
31
9
12
34
19
22
28
18
5
12
28
33
31
14
29
34
9
8
29
3
29
3
24
2
12
6
19
24
3
2
8
9
4
24
12
