1
10
23
26
4
10
5
16
7
2
10
16
4
24
7
4
28
9
10
23
21
21
14
6
23
9
17
2
2
20
25
18
19
5
23
9
12
27
27
23
4
22
4
7
4
4
3
3
5
15
20
9
20
3
17
21
14
26
11
3
25
19
27
26
3
9
11
13
14
19
22
19
1
28
14
27
21
23
23
17
15
3
27
9
28
9
3
4
3
9
5
22
16
14
26
9
22
9
21
8
28
13
2
4
20
5
14
25
26
11
27
4
11
5
7
5
7
9
5
7
25
8
23
2
4
24
22
6
10
13
2
5
3
5
7
10
23
18
11
17
12
23
10
17
23
9
25
10
23
27
24
3
20
13
6
8
16
14
10
21
13
5
24
8
7
21
11
3
27
14
19
19
16
2
20
13
23
28
3
7
28
14
14
1
28
11
3
18
23
8
11
17
10
27
20
25
14
22
10
20
25
16
2
9
26
21
28
10
1
19
20
2
16
20
9
4
16
5
1
16
14
19
9
19
20
9
7
8
8
24
1
7
20
20
4
10
6
1
21
28
22
28
2
20
19
18
11
12
1
8
14
7
15
12
9
21
10
8
7
14
24
26
6
23
9
19
23
26
5
8
16
4
19
26
5
12
26
22
24
11
3
9
5
5
14
22
11
16
11
17
11
19
14
9
21
5
22
19
16
7
21
3
24
9
23
23
8
16
19
3
14
4
11
27
5
9
25
4
6
6
14
21
11
18
4
28
18
23
1
26
22
17
5
13
21
12
26
20
4
7
16
22
24
10
23
24
5
21
21
21
19
14
21
11
5
27
28
8
21
28
4
11
2
11
16
6
24
17
25
2
25
4
10
5
24
27
26
26
4
4
8
8
24
19
14
27
14
28
10
16
21
4
1
11
7
10
12
26
28
20
20
18
25
11
25
12
2
4
24
10
27
22
2
23
20
25
10
9
21
16
9
15
25
3
12
5
27
5
7
4
6
7
5
21
2
13
27
3
21
21
19
13
10
20
11
21
4
23
2
16
20
7
3
18
24
2
1
9
20
19
16
15
20
4
13
23
5
4
13
4
22
18
22
4
7
19
6
23
11
11
2
25
7
11
23
15
23
12
16
22
9
19
23
18
27
15
13
2
4
16
11
1
17
5
5
26
5
14
4
3
10
9
27
4
15
22
27
19
10
5
4
1
25
14
2
6
13
18
2
9
15
14
24
1
11
11
14
19
24
21
1
21
11
11
2
14
5
11
9
3
3
8
6
10
28
4
28
4
3
22
20
21
9
14
3
12
2
9
13
26
24
7
20
15
6
8
6
12
18
14
19
1
2
17
24
12
18
11
27
2
10
14
9
4
11
21
22
13
7
3
21
8
21
16
11
21
14
12
16
10
26
7
28
16
10
9
10
4
10
14
15
5
9
20
25
8
12
3
2
5
9
8
14
16
8
2
3
22
15
16
9
13
17
4
23
21
2
25
22
25
22
27
20
28
4
2
9
6
17
25
2
21
3
18
5
25
24
21
17
10
14
2
10
27
16
15
12
26
4
26
14
15
22
19
7
20
6
23
4
20
16
26
12
20
24
25
12
22
19
3
15
6
14
26
22
24
8
15
10
16
18
2
20
26
8
28
20
18
9
20
22
27
21
10
9
20
21
9
21
22
2
15
20
23
24
17
21
9
23
5
21
10
19
17
19
9
7
10
16
26
19
22
6
25
9
1
11
2
12
3
17
21
9
22
20
22
5
22
28
27
2
8
9
9
13
3
1
17
24
21
5
2
28
20
20
8
15
24
17
4
2
6
5
2
16
11
2
14
7
9
24
28
9
26
11
3
18
12
7
3
14
6
14
16
24
7
20
5
21
17
4
21
10
20
2
27
1
4
22
4
18
16
15
23
17
19
15
24
2
13
10
9
22
25
7
16
6
21
26
20
24
5
8
25
20
6
9
3
2
19
4
14
22
12
13
22
9
25
24
16
3
5
3
16
8
17
25
10
10
4
17
22
5
23
28
5
20
27
5
5
24
9
10
4
3
24
24
18
23
9
25
3
26
22
4
9
9
19
22
23
21
3
22
20
7
19
21
26
11
10
21
13
2
23
28
5
22
8
28
19
17
21
28
12
9
2
3
5
10
27
19
28
10
1
8
20
28
8
25
16
24
23
25
27
7
25
20
12
20
14
26
14
15
12
23
19
15
23
23
13
24
5
2
27
17
17
21
12
24
3
10
9
20
25
25
10
26
26
1
11
20
20
5
22
19
22
19
11
9
18
