5
32
10
10
10
7
29
32
20
6
20
32
32
13
27
1
19
23
7
14
31
12
1
6
16
15
3
11
16
26
29
18
32
14
7
12
14
21
6
24
6
32
16
26
6
3
25
24
3
29
22
27
15
18
7
12
25
27
2
26
12
16
17
27
3
17
25
9
20
25
27
21
19
16
20
8
31
31
25
27
32
31
10
21
22
21
15
18
7
28
26
8
5
27
23
23
4
4
4
7
17
9
21
19
25
29
19
21
16
12
15
7
13
22
4
17
5
18
29
22
25
26
8
15
25
6
25
21
9
6
27
4
24
5
15
27
18
24
32
1
21
18
13
12
29
6
22
22
3
27
17
19
15
15
1
6
4
31
27
6
9
28
31
23
16
16
5
20
3
13
6
17
14
30
17
14
26
1
13
24
14
21
23
9
1
1
24
27
26
23
27
8
1
4
9
26
29
28
4
16
32
25
19
12
4
32
28
26
27
21
5
15
2
22
2
32
6
12
23
9
14
4
8
18
29
1
24
30
22
23
16
22
16
27
29
23
6
26
28
24
32
9
19
32
21
14
27
29
27
27
31
9
5
26
3
1
1
10
10
17
7
29
17
27
27
3
15
17
31
7
26
7
16
8
29
6
6
9
21
27
20
29
13
14
1
27
23
13
1
31
31
27
14
8
29
18
19
11
31
18
6
28
1
3
8
27
11
15
4
29
29
17
19
5
1
13
18
9
21
32
25
10
25
5
20
27
8
11
8
22
1
13
4
20
21
17
12
10
27
31
6
4
19
23
1
21
8
5
16
8
10
26
6
3
7
31
1
31
3
4
22
22
21
1
32
5
32
32
14
9
22
21
4
14
10
31
5
32
13
29
26
2
2
16
17
11
26
10
30
12
17
7
2
16
5
14
1
10
4
13
10
30
21
23
5
8
31
31
1
23
32
30
5
26
14
2
30
31
24
4
28
18
16
29
25
27
26
8
26
22
2
12
21
13
2
7
3
17
30
29
13
2
7
14
15
21
28
12
1
15
31
12
10
21
16
27
27
11
12
27
13
16
13
23
24
28
4
11
20
1
23
7
30
21
2
15
7
1
11
29
18
9
6
8
28
4
21
29
31
8
21
18
8
24
16
28
27
24
3
31
24
27
5
29
23
8
10
13
13
16
18
3
2
23
6
32
30
20
18
13
13
26
19
31
27
4
15
18
28
15
14
22
14
14
13
13
3
20
32
9
3
18
20
6
21
31
17
4
3
25
14
4
19
12
25
11
27
5
20
16
26
9
30
7
2
14
21
27
8
24
31
3
31
6
4
16
8
28
1
24
11
9
22
8
18
9
21
25
24
6
14
8
26
13
14
22
30
31
14
30
4
32
30
1
21
30
5
3
8
5
10
6
26
16
15
4
16
32
19
26
1
5
2
12
8
10
3
26
25
11
17
11
18
30
30
32
27
16
8
31
7
14
32
31
17
32
29
28
29
10
21
10
10
9
10
13
31
24
31
8
3
25
26
13
4
11
14
10
7
15
6
28
1
1
4
18
5
18
28
26
22
13
12
9
2
32
1
5
5
9
5
17
11
17
16
3
31
3
21
20
9
6
19
30
16
18
8
13
4
9
6
23
23
8
4
17
26
18
4
19
14
21
31
8
13
5
26
32
19
30
4
28
4
7
14
8
25
6
13
19
14
29
6
12
2
29
4
32
5
19
1
29
24
30
28
21
25
21
15
23
18
13
3
7
6
10
31
1
27
31
25
23
19
25
23
15
30
20
21
29
7
5
20
1
17
15
16
6
4
2
1
17
27
30
12
12
15
8
29
1
30
6
1
15
32
27
18
31
3
13
21
32
5
24
28
32
10
13
1
32
4
6
13
23
24
24
10
10
31
8
17
32
3
16
32
3
15
1
5
6
30
32
25
17
10
21
12
24
26
26
11
5
15
18
2
8
6
14
27
27
32
7
32
10
3
20
17
6
1
16
11
8
30
22
2
13
14
27
25
6
1
6
7
23
26
1
31
27
4
30
32
25
27
13
1
13
5
7
26
3
14
3
20
20
14
28
7
27
14
4
19
1
22
21
17
31
27
10
13
20
16
26
10
1
32
17
22
6
32
10
22
26
11
5
31
22
19
4
5
31
11
23
29
6
17
4
18
13
3
3
4
3
4
4
14
4
25
14
4
5
21
6
32
7
29
9
4
9
30
26
26
32
6
27
2
4
28
19
9
11
8
32
8
32
6
6
31
18
11
23
2
27
32
31
29
3
1
14
3
25
