23
9
9
19
20
20
7
28
22
6
12
2
1
8
28
2
3
28
18
1
30
6
11
24
16
19
21
18
12
13
17
13
2
31
10
28
5
4
3
8
28
17
18
31
29
22
13
30
21
30
13
19
2
1
21
31
16
27
18
28
19
8
17
27
5
27
18
23
10
31
15
12
21
13
3
23
7
26
11
27
19
25
19
26
17
13
21
3
22
27
7
24
9
21
25
15
20
28
18
11
6
7
30
25
25
25
8
13
28
13
6
10
4
15
8
18
23
26
22
9
18
20
17
21
9
14
1
12
30
15
29
28
14
1
7
31
2
21
7
15
22
1
7
29
21
16
21
14
1
7
21
1
10
25
26
9
3
11
8
23
14
28
1
10
18
31
18
30
15
17
13
21
25
16
3
17
7
1
11
24
28
10
22
10
21
15
30
11
21
16
30
26
21
7
15
11
13
27
5
27
6
27
18
2
31
11
21
9
14
2
20
16
3
14
24
21
26
1
10
13
30
25
31
19
2
9
1
30
21
29
9
23
17
25
8
6
14
11
18
5
3
22
24
27
11
29
23
13
16
24
8
5
18
11
21
13
25
2
27
22
15
1
18
28
5
20
5
7
3
5
20
26
4
4
31
30
30
12
25
17
30
1
13
7
23
22
11
20
29
7
18
5
28
28
13
23
10
1
11
21
14
23
7
11
13
17
19
18
1
17
21
20
4
26
17
20
26
6
31
20
21
10
13
9
21
29
10
23
20
18
16
17
29
1
31
10
20
15
13
18
31
17
7
22
8
14
2
18
17
4
21
1
13
6
17
23
10
5
11
11
22
15
18
23
6
30
30
30
25
24
27
21
2
5
9
4
21
17
9
4
5
18
17
1
19
14
29
7
12
9
5
18
21
1
25
14
17
1
30
2
9
12
13
25
27
23
30
26
29
1
12
25
18
5
15
23
23
3
24
29
6
5
2
26
22
7
13
16
19
22
10
8
9
9
13
18
17
26
9
13
29
7
15
21
28
10
28
23
25
7
13
4
6
21
1
6
26
9
31
14
17
14
9
6
3
7
24
30
22
13
10
27
19
30
20
26
4
2
7
30
25
13
10
2
9
9
18
9
27
9
21
27
23
15
4
10
2
1
5
4
7
2
25
30
27
8
26
8
28
13
7
19
11
16
22
1
21
14
13
18
25
4
25
29
5
1
28
11
12
30
25
24
17
3
9
31
2
16
9
10
12
9
19
5
12
9
21
9
9
17
9
12
3
17
14
30
25
25
22
11
7
18
17
24
12
11
16
5
11
18
15
12
3
17
14
22
29
24
6
26
4
21
14
17
11
21
12
16
29
30
23
9
16
24
18
30
15
10
3
9
8
26
2
31
26
1
28
26
28
5
1
12
7
21
28
24
17
14
7
21
8
28
29
21
18
24
19
15
20
17
2
26
19
11
31
12
15
2
1
3
18
1
20
2
31
3
8
3
4
26
21
17
9
11
13
29
26
17
15
26
22
4
26
9
1
26
27
3
17
13
6
9
23
13
17
21
10
13
21
25
31
25
6
17
22
20
30
13
21
29
28
13
27
12
17
13
3
25
24
30
18
26
27
14
7
5
7
23
17
26
8
14
24
26
7
29
13
17
16
29
18
10
17
9
1
18
6
17
1
17
16
19
18
1
31
16
18
21
13
11
30
14
30
21
8
18
13
1
4
2
29
15
29
21
30
5
11
1
3
22
21
21
1
1
31
28
26
16
22
19
12
26
20
11
25
8
16
18
1
24
17
3
4
2
30
11
21
13
1
14
1
11
19
18
9
18
13
8
29
25
4
19
28
3
16
24
8
1
28
26
17
4
14
26
19
6
16
17
27
7
11
25
7
11
11
6
9
5
6
6
9
30
9
18
11
28
10
23
21
23
9
20
18
6
22
20
25
22
29
16
23
23
9
18
21
21
30
14
11
12
11
4
20
6
18
6
13
30
17
6
23
30
13
5
16
8
19
18
27
31
24
9
22
31
10
16
21
26
26
27
4
16
20
21
13
4
16
23
29
14
9
26
11
14
27
23
28
30
24
3
27
25
22
16
30
17
17
30
25
14
27
18
28
3
28
20
11
30
24
21
19
11
31
29
13
30
26
9
6
21
13
26
25
29
18
23
24
12
11
14
4
24
23
22
21
28
16
23
25
18
9
17
27
14
1
21
30
15
21
7
18
8
21
22
19
11
14
8
17
24
13
30
31
24
13
1
29
17
6
6
31
12
2
25
1
21
5
13
9
1
