12
4
8
6
7
5
8
20
13
18
2
24
6
15
25
8
1
30
4
16
15
24
20
8
14
31
18
29
26
11
30
14
25
21
10
26
23
12
14
8
29
9
2
13
23
5
22
14
29
23
23
21
24
18
14
3
25
14
8
20
10
28
12
28
27
18
20
3
6
22
4
5
30
7
8
13
19
24
30
26
11
10
17
10
2
14
5
5
18
1
8
17
1
17
21
14
1
15
14
10
28
25
29
2
11
5
14
9
3
20
13
28
22
17
14
24
19
2
5
26
13
27
20
26
14
5
19
13
5
1
26
9
2
21
1
2
24
6
12
25
10
29
29
17
4
16
22
24
18
13
25
17
11
25
1
21
19
2
25
10
13
7
19
1
26
2
17
11
17
16
14
15
13
14
8
8
20
23
14
17
31
6
22
13
2
29
15
1
30
7
16
8
25
1
1
4
17
12
6
21
7
19
20
7
12
31
1
28
14
13
18
4
8
2
13
28
26
22
20
18
22
2
2
16
23
26
29
10
2
21
5
21
26
26
10
4
15
7
26
28
29
8
19
4
16
3
27
25
19
28
8
26
28
24
7
18
24
8
5
18
31
28
21
31
13
13
2
3
24
24
7
14
12
6
23
13
6
22
12
29
24
15
10
14
17
20
10
2
28
21
8
5
3
24
31
5
8
10
2
7
26
29
27
10
6
22
8
17
8
18
8
9
25
23
18
10
1
13
11
3
21
2
11
30
10
23
27
17
5
19
12
27
2
31
10
20
12
26
22
1
7
27
25
24
8
18
17
26
26
28
8
19
15
25
17
22
9
14
25
25
4
15
8
17
15
29
16
31
8
24
3
2
19
24
11
2
7
27
31
17
31
10
29
18
14
29
28
11
4
18
15
30
24
25
16
29
19
7
24
19
22
9
18
27
24
10
5
7
10
13
12
29
15
17
5
9
5
14
12
13
6
1
16
14
6
21
15
8
17
11
11
3
19
21
29
22
10
3
6
21
29
3
20
16
21
10
8
23
10
3
20
13
7
25
31
21
18
29
17
5
20
21
14
26
16
18
12
19
18
25
10
5
7
4
13
14
19
5
3
9
7
8
13
6
14
21
9
10
30
9
5
15
20
26
8
27
14
30
26
14
21
8
3
15
31
7
2
19
27
2
14
19
30
24
16
21
26
18
27
18
5
26
24
7
12
28
20
16
10
21
27
30
29
28
8
30
14
16
18
11
11
5
4
6
16
15
12
11
21
11
19
15
10
22
22
25
9
14
31
18
13
20
26
7
8
12
23
23
2
14
2
15
18
12
8
18
15
4
5
18
14
5
18
25
31
1
31
8
31
25
20
14
20
26
25
30
30
21
15
30
5
8
26
7
10
19
7
31
6
10
4
2
19
17
17
18
17
10
18
30
7
7
8
26
16
9
7
24
19
21
4
9
14
22
26
13
26
14
17
12
23
15
16
15
3
17
26
30
18
9
16
4
17
25
21
7
9
13
13
22
11
31
5
27
1
11
8
20
23
6
26
25
21
16
20
24
8
9
15
10
26
9
12
19
19
4
19
27
29
5
23
15
19
27
12
19
23
15
24
17
25
28
15
30
31
5
24
2
9
3
5
29
20
28
24
26
10
30
6
19
12
6
10
11
5
14
24
7
11
19
30
19
22
12
24
4
15
5
2
29
10
5
20
10
15
3
4
2
4
5
10
31
21
2
28
17
22
23
18
6
26
3
23
27
28
7
18
14
29
21
2
31
3
26
27
21
9
14
25
19
14
13
20
14
26
21
30
24
29
27
26
26
18
27
21
10
31
29
26
5
14
15
25
17
25
17
13
6
15
8
15
8
25
5
11
27
22
26
3
11
23
7
24
3
16
5
18
21
25
5
28
27
29
23
19
19
27
7
11
5
7
15
2
17
27
13
26
8
29
14
31
3
8
10
31
7
5
31
7
3
20
4
10
5
5
21
10
12
20
6
21
18
14
30
1
31
28
13
10
13
16
1
22
9
3
3
5
9
27
15
13
8
5
17
26
14
27
31
7
24
22
27
20
26
11
26
3
21
12
13
5
2
27
21
25
23
24
19
14
31
25
27
24
5
17
10
8
25
24
10
27
31
31
31
13
24
14
7
8
13
28
18
26
23
12
27
9
3
19
15
17
4
23
5
23
28
7
15
3
13
14
14
24
12
6
21
20
8
14
8
1
15
16
9
31
6
29
13
26
2
14
6
8
15
2
19
8
8
13
21
30
21
30
15
2
26
13
8
20
18
