26
29
29
26
16
17
4
16
20
12
20
9
29
7
12
17
9
20
23
3
7
10
5
25
28
22
9
10
21
29
15
29
18
22
1
28
4
13
12
21
1
21
29
11
23
2
22
5
8
7
15
24
1
19
9
18
7
15
19
15
27
6
9
20
24
11
27
14
23
15
10
27
5
9
5
15
1
17
17
19
8
7
4
3
10
26
18
25
17
20
17
13
4
20
8
13
7
2
19
24
7
15
8
23
10
7
9
17
1
12
17
8
26
23
4
18
18
18
3
8
29
18
2
5
14
29
16
3
4
1
10
19
10
6
24
26
18
25
16
22
20
18
22
14
12
14
18
12
21
18
10
6
22
19
6
27
12
2
26
21
13
2
9
5
13
18
9
11
25
17
12
18
5
11
16
25
8
5
22
10
23
28
24
17
2
9
26
25
6
5
15
2
18
18
17
11
11
2
13
27
22
22
15
5
8
2
17
1
11
18
15
3
22
10
14
1
3
26
29
7
10
29
14
17
5
26
27
1
1
25
22
22
3
25
16
1
19
12
2
12
3
1
7
6
29
23
2
3
8
6
8
16
1
3
25
15
13
25
7
17
6
15
7
22
22
4
23
21
1
15
20
29
18
4
22
19
16
6
4
25
4
24
2
14
3
1
17
10
12
6
18
9
22
15
25
25
2
10
18
16
4
22
2
7
29
10
19
18
12
11
18
25
10
9
21
29
19
19
6
29
6
27
20
22
9
20
22
17
10
25
12
13
14
25
23
1
29
19
3
8
14
23
12
6
24
18
11
25
12
23
14
20
2
5
24
1
26
29
28
27
17
7
19
29
27
5
12
13
3
28
23
21
18
20
23
12
8
22
3
19
11
8
20
9
17
3
9
11
14
12
5
26
27
2
8
18
18
22
29
5
7
26
3
22
24
14
12
19
23
22
13
11
25
14
25
8
7
8
15
2
24
15
29
20
14
26
18
11
21
26
20
8
23
9
11
28
9
15
2
17
22
20
8
20
27
21
25
14
21
11
18
22
5
17
28
27
25
22
26
29
28
25
15
7
3
29
8
7
18
18
20
25
14
9
24
20
28
24
8
4
5
2
2
1
4
9
19
8
14
24
27
17
14
17
14
12
16
14
25
29
20
24
16
19
27
3
16
6
20
4
5
2
20
23
22
18
11
19
20
24
23
23
9
14
23
2
20
16
8
5
6
29
3
9
8
6
1
2
24
27
18
8
13
10
25
17
11
5
25
23
13
25
6
9
13
22
18
15
15
14
24
11
18
15
28
13
28
8
10
6
26
9
10
14
8
29
11
27
5
23
22
12
24
13
3
5
5
28
6
6
17
24
17
14
12
20
4
8
18
6
25
2
22
17
20
2
4
24
22
18
8
10
9
16
23
9
20
2
3
7
1
16
14
24
9
10
7
6
25
1
17
9
28
14
18
2
12
6
3
29
16
13
2
6
1
28
25
15
13
23
21
14
18
22
19
10
12
17
7
16
24
2
12
3
22
1
19
24
4
12
3
3
10
25
20
16
1
9
21
7
15
11
25
28
13
9
10
24
29
22
9
12
10
7
15
23
17
9
13
25
13
19
8
11
28
9
26
10
25
14
4
16
1
18
27
3
13
20
7
22
10
13
24
7
22
2
23
6
28
26
12
10
9
10
12
29
17
17
12
24
28
25
21
27
11
15
13
24
20
23
21
7
13
8
4
25
23
19
12
7
7
24
16
3
22
27
3
15
21
23
18
12
9
21
15
14
29
24
22
3
27
10
18
25
12
16
14
1
7
29
15
15
15
18
24
6
26
28
28
18
7
21
29
2
14
24
17
18
24
11
25
28
2
22
13
23
9
14
14
22
3
24
17
13
18
7
11
11
28
7
10
28
3
26
22
25
27
14
11
14
14
2
29
25
24
14
23
21
7
14
20
5
25
22
13
17
22
23
13
22
18
15
12
14
2
11
3
22
2
17
6
17
14
25
1
16
10
13
10
1
4
11
19
28
27
29
12
4
13
2
29
24
14
26
6
22
2
25
1
12
21
21
12
19
25
8
11
3
8
9
12
19
17
17
12
24
23
14
23
6
28
28
26
14
22
15
11
9
3
8
2
9
28
4
12
2
17
16
15
14
6
9
28
19
4
12
28
24
13
2
10
15
23
8
4
12
15
5
23
23
2
26
8
15
2
24
15
11
20
18
15
23
11
23
29
8
13
5
20
12
18
7
14
1
17
9
6
10
19
1
8
13
18
10
3
8
7
9
5
11
