13
11
1
11
6
12
4
14
28
13
18
14
22
4
20
15
19
29
10
29
28
18
27
15
15
1
28
26
26
5
1
18
22
6
7
7
16
10
13
17
21
3
21
26
29
6
14
2
3
29
9
6
31
24
11
28
15
4
7
9
27
22
6
16
27
10
21
14
7
12
18
18
31
19
5
10
5
1
1
25
2
30
3
10
17
30
16
17
29
16
24
19
27
15
6
29
15
17
8
15
1
17
11
23
5
14
31
15
16
5
28
16
18
13
14
27
26
25
25
15
6
10
2
16
15
29
16
22
17
6
14
11
27
28
6
17
15
21
18
19
24
4
1
30
12
5
30
12
5
13
31
30
1
24
31
16
17
26
31
9
8
11
7
29
22
1
29
1
19
22
9
21
16
2
24
23
17
14
11
24
4
4
31
6
20
4
4
24
7
3
15
12
10
15
23
15
22
3
8
13
4
16
16
27
20
6
19
18
10
28
8
5
6
19
24
27
6
10
20
27
19
10
28
8
2
1
23
27
2
14
14
8
1
21
27
24
31
24
16
11
27
26
16
16
9
19
8
7
30
31
15
18
2
15
18
12
27
16
30
17
16
1
26
26
4
11
14
30
19
16
5
29
21
3
11
24
2
28
24
10
5
21
2
20
25
18
10
23
1
7
31
8
18
15
18
2
27
31
15
19
18
20
28
28
27
9
18
24
1
16
20
10
9
7
4
8
15
16
27
1
25
2
30
30
4
28
3
12
16
23
28
26
10
14
22
22
4
25
6
16
1
3
29
18
27
5
8
4
6
2
15
6
21
20
4
19
14
7
16
20
22
24
21
28
10
14
15
2
2
22
5
13
6
5
2
26
9
10
24
5
27
23
7
31
17
24
9
8
16
4
30
28
20
13
1
6
5
2
7
23
5
26
1
20
24
31
23
5
26
5
1
9
17
20
10
30
15
22
17
8
7
2
28
30
11
28
11
23
11
15
4
20
8
31
22
4
23
20
25
13
26
22
15
30
19
31
17
16
15
3
16
25
12
27
27
27
5
30
30
1
18
24
23
9
15
11
21
20
20
13
7
17
25
1
1
13
17
12
8
10
1
11
2
2
29
20
13
2
13
2
8
4
26
7
19
27
4
15
19
22
18
29
10
1
23
26
24
14
27
23
6
17
10
18
15
10
5
12
26
14
8
9
10
16
6
16
20
23
30
8
2
29
14
2
29
10
15
19
27
1
23
18
5
4
15
29
27
4
25
17
9
10
27
25
4
6
25
18
13
16
14
9
12
24
7
1
30
20
1
26
2
29
15
4
15
17
22
23
12
4
5
19
21
6
17
3
10
25
7
23
21
3
9
5
29
11
20
22
27
27
21
15
15
12
20
4
6
16
7
16
9
17
3
12
13
14
27
28
12
25
20
5
4
27
18
14
17
13
30
9
19
26
22
2
21
3
14
22
25
14
5
13
18
23
6
17
7
6
12
11
20
3
6
19
4
28
14
13
5
26
5
30
20
8
28
27
11
7
23
19
13
14
4
10
14
30
3
1
1
14
23
4
30
25
4
17
2
15
19
2
17
14
14
19
3
17
5
23
10
24
9
12
1
1
16
23
11
24
1
27
14
13
21
9
10
16
10
9
19
14
27
3
5
2
5
7
12
24
14
6
17
6
16
4
12
14
25
29
31
3
1
22
23
1
28
26
8
1
17
21
7
15
7
6
23
20
24
3
3
22
10
10
29
16
12
17
6
5
20
16
27
25
24
17
5
25
27
10
22
4
8
8
3
31
17
8
21
7
28
4
12
14
7
13
20
23
11
3
31
14
27
3
18
8
24
5
16
28
14
23
24
26
16
31
28
23
14
1
14
5
10
15
28
16
11
2
6
3
24
27
31
24
16
27
31
1
2
19
27
21
7
15
14
27
27
29
15
20
10
22
16
3
9
24
1
7
18
6
29
14
7
30
29
16
6
8
8
6
28
25
1
23
15
3
27
23
1
27
24
5
14
15
13
5
20
17
2
27
22
21
13
1
28
17
24
6
31
29
16
31
17
8
3
3
8
17
20
8
19
1
30
27
10
6
20
2
20
29
16
19
3
9
19
15
9
25
28
19
30
5
9
13
13
24
30
28
10
11
18
1
7
13
17
6
23
5
25
20
24
13
9
14
18
16
2
16
6
5
19
5
2
14
3
4
27
24
10
23
3
14
7
7
7
24
20
4
17
1
14
5
16
15
4
6
2
27
10
4
15
5
16
16
24
24
20
17
16
24
10
10
