11
21
14
9
24
1
2
10
11
22
3
1
19
26
10
23
6
18
3
23
29
20
7
22
19
20
2
25
9
6
10
7
9
28
23
28
11
16
11
21
7
10
9
8
21
4
15
4
19
19
11
4
11
10
19
12
11
23
17
12
14
12
23
21
1
25
17
6
10
3
2
12
23
25
8
7
12
10
28
29
9
28
7
29
4
4
16
9
11
12
23
27
17
2
24
20
11
10
29
5
25
10
15
28
23
20
1
4
14
10
18
9
4
20
4
5
5
20
22
15
16
25
11
11
11
25
1
10
21
27
16
18
6
9
17
20
9
21
29
15
11
23
25
1
6
8
21
6
1
7
3
4
6
17
20
7
17
10
27
8
1
22
14
2
16
18
2
13
3
2
2
26
17
27
24
19
14
12
24
16
21
5
23
4
29
10
15
7
16
4
14
21
21
16
1
7
8
3
1
16
27
2
26
18
5
2
6
19
25
25
16
7
8
27
6
23
21
17
18
3
17
28
29
3
20
25
19
9
13
9
8
18
5
21
23
7
2
16
5
6
22
2
11
20
3
20
13
1
23
13
27
21
6
6
25
28
6
18
5
14
19
5
16
7
5
29
2
28
20
5
8
7
29
11
27
23
29
18
26
6
7
28
26
1
7
7
8
16
17
8
3
12
18
15
8
1
16
6
27
22
26
6
6
13
16
22
29
16
1
23
18
12
3
25
3
6
17
7
26
25
17
17
8
8
21
24
3
17
16
15
19
9
1
15
24
19
2
2
5
20
10
29
14
29
26
26
3
20
16
23
16
10
23
25
8
29
7
8
15
10
16
2
8
14
23
23
8
25
18
22
23
19
25
15
18
28
12
5
9
22
22
16
19
10
25
22
2
5
17
25
25
8
29
25
5
19
27
18
10
20
19
21
19
11
15
22
5
23
17
13
10
17
22
20
23
14
21
21
3
4
6
4
14
10
16
2
24
18
20
2
9
9
4
22
16
8
5
23
20
7
16
27
14
7
19
22
12
20
9
13
17
20
17
11
11
13
14
12
29
24
17
4
28
22
10
7
17
26
24
5
21
17
17
16
13
9
24
21
15
3
9
23
23
2
7
27
28
9
2
2
10
28
15
7
29
18
10
9
15
21
10
19
8
12
21
17
26
16
5
24
12
18
14
25
20
29
28
17
21
14
21
29
7
28
19
7
7
3
24
10
6
11
9
7
6
20
4
28
8
9
16
21
12
1
25
19
29
6
24
12
23
18
21
17
9
25
18
25
24
17
13
7
23
17
28
25
12
1
22
22
27
12
15
27
22
19
18
7
11
6
16
18
6
28
6
14
27
18
23
6
27
13
28
10
12
7
18
8
29
12
7
7
19
7
11
4
11
8
16
20
28
26
10
18
18
28
28
11
18
8
23
11
25
21
27
18
6
19
9
14
9
7
20
1
28
6
8
20
16
8
24
21
18
28
14
7
20
11
22
20
4
14
17
1
29
18
18
21
1
11
14
23
4
25
2
25
27
7
21
5
23
3
8
13
21
8
25
7
13
18
7
6
15
9
2
17
18
2
10
29
7
8
16
21
21
29
19
22
18
28
22
21
29
22
11
21
18
1
17
22
29
15
15
20
28
10
19
28
23
21
29
16
18
9
18
29
21
9
7
24
24
9
23
29
10
17
7
18
8
17
20
21
7
27
21
10
19
2
29
15
16
19
21
5
29
20
14
21
22
25
13
24
16
13
10
9
10
10
11
26
6
18
2
2
8
14
10
20
9
28
11
9
16
29
20
28
4
14
5
23
14
2
4
8
8
2
6
16
9
16
18
22
11
26
11
26
4
7
10
14
13
21
4
2
22
3
16
3
17
25
25
7
9
11
21
14
21
11
18
16
21
4
26
12
27
26
20
23
21
14
23
12
19
11
2
29
2
19
28
29
29
13
23
20
13
2
9
17
29
10
16
20
10
18
25
1
10
20
28
17
14
29
27
14
10
3
22
27
18
19
23
3
14
19
17
23
8
16
11
8
19
19
18
26
12
15
13
3
29
1
4
24
20
14
20
11
14
11
25
28
28
2
7
14
10
25
16
17
28
8
1
16
24
20
13
12
16
25
8
8
17
5
17
22
28
21
2
25
16
29
15
19
20
7
15
21
23
23
1
19
5
6
14
23
11
25
20
8
8
9
26
13
26
25
22
20
19
23
14
15
5
9
2
22
14
24
16
27
17
8
26
27
25
10
10
29
27
20
12
9
11
18
21
29
5
16
23
18
5
24
