1	5 
2	7 
3	28 
4	15 
5	20 
6	1 
7	21 
8	6 
9	21 
10	21 
11	18 
12	22 
13	24 
14	28 
15	26 
16	6 
17	10 
18	19 
19	11 
20	23 
21	19 
22	19 
23	4 
24	15 
25	6 
26	15 
27	19 
28	17 
29	10 
30	18 
31	25 
32	12 
33	7 
34	23 
35	23 
36	20 
37	1 
38	7 
39	30 
40	10 
41	19 
42	28 
43	27 
44	22 
45	24 
46	20 
47	3 
48	24 
49	10 
50	26 
51	15 
52	9 
53	9 
54	22 
55	29 
56	5 
57	14 
58	2 
59	6 
60	11 
61	12 
62	9 
63	23 
64	29 
65	24 
66	19 
67	30 
68	26 
69	18 
70	14 
71	10 
72	29 
73	11 
74	17 
75	3 
76	16 
77	3 
78	7 
79	11 
80	6 
81	28 
82	23 
83	6 
84	8 
85	18 
86	10 
87	15 
88	22 
89	4 
90	5 
91	19 
92	16 
93	30 
94	30 
95	21 
96	26 
97	29 
98	18 
99	3 
100	22 
101	28 
102	6 
103	21 
104	24 
105	8 
106	21 
107	27 
108	19 
109	2 
110	5 
111	24 
112	14 
113	22 
114	17 
115	8 
116	15 
117	26 
118	21 
119	25 
120	29 
121	2 
122	15 
123	12 
124	8 
125	30 
126	23 
127	7 
128	19 
129	7 
130	30 
131	21 
132	23 
133	30 
134	29 
135	20 
136	17 
137	10 
138	8 
139	1 
140	13 
141	2 
142	19 
143	17 
144	23 
145	4 
146	1 
147	17 
148	10 
149	21 
150	10 
151	22 
152	24 
153	30 
154	21 
155	27 
156	1 
157	5 
158	17 
159	3 
160	3 
161	13 
162	12 
163	2 
164	9 
165	8 
166	15 
167	25 
168	23 
169	5 
170	23 
171	21 
172	9 
173	6 
174	23 
175	3 
176	5 
177	4 
178	22 
179	22 
180	19 
181	5 
182	28 
183	22 
184	14 
185	18 
186	20 
187	30 
188	18 
189	2 
190	24 
191	24 
192	24 
193	20 
194	9 
195	4 
196	8 
197	15 
198	12 
199	21 
200	14 
201	30 
202	29 
203	10 
204	7 
205	19 
206	14 
207	26 
208	30 
209	3 
210	16 
211	26 
212	15 
213	15 
214	14 
215	23 
216	26 
217	28 
218	23 
219	22 
220	9 
221	6 
222	1 
223	8 
224	20 
225	22 
226	10 
227	8 
228	20 
229	3 
230	2 
231	22 
232	18 
233	4 
234	8 
235	9 
236	3 
237	16 
238	7 
239	20 
240	3 
241	5 
242	1 
243	30 
244	8 
245	23 
246	20 
247	11 
248	27 
249	5 
250	21 
251	6 
252	8 
253	20 
254	8 
255	13 
256	23 
257	18 
258	8 
259	4 
260	30 
261	8 
262	14 
263	6 
264	30 
265	22 
266	22 
267	28 
268	13 
269	1 
270	7 
271	30 
272	19 
273	12 
274	27 
275	29 
276	3 
277	16 
278	4 
279	16 
280	20 
281	23 
282	1 
283	3 
284	12 
285	8 
286	18 
287	1 
288	8 
289	30 
290	26 
291	27 
292	28 
293	2 
294	26 
295	30 
296	24 
297	23 
298	22 
299	11 
300	23 
301	2 
302	7 
303	13 
304	29 
305	9 
306	18 
307	25 
308	4 
309	28 
310	12 
311	8 
312	13 
313	18 
314	30 
315	20 
316	14 
317	26 
318	25 
319	9 
320	19 
321	26 
322	11 
323	3 
324	12 
325	8 
326	27 
327	28 
328	10 
329	12 
330	15 
331	21 
332	30 
333	6 
334	28 
335	20 
336	28 
337	23 
338	23 
339	18 
340	30 
341	27 
342	18 
343	3 
344	30 
345	3 
346	19 
347	10 
348	2 
349	8 
350	3 
351	8 
352	16 
353	4 
354	26 
355	5 
356	9 
357	30 
358	27 
359	3 
360	13 
361	19 
362	27 
363	12 
364	17 
365	7 
366	19 
367	27 
368	4 
369	23 
370	20 
371	1 
372	24 
373	8 
374	24 
375	8 
376	7 
377	21 
378	30 
379	28 
380	10 
381	21 
382	15 
383	26 
384	5 
385	17 
386	12 
387	30 
388	20 
389	18 
390	25 
391	20 
392	12 
393	24 
394	11 
395	5 
396	29 
397	13 
398	19 
399	2 
400	4 
401	26 
402	25 
403	18 
404	15 
405	19 
406	3 
407	20 
408	14 
409	27 
410	7 
411	1 
412	23 
413	19 
414	5 
415	23 
416	3 
417	12 
418	3 
419	16 
420	23 
421	19 
422	22 
423	1 
424	8 
425	16 
426	3 
427	22 
428	3 
429	26 
430	23 
431	4 
432	10 
433	4 
434	21 
435	6 
436	11 
437	24 
438	12 
439	22 
440	14 
441	13 
442	23 
443	3 
444	9 
445	8 
446	5 
447	12 
448	11 
449	4 
450	19 
451	23 
452	27 
453	20 
454	19 
455	20 
456	8 
457	28 
458	20 
459	4 
460	9 
461	23 
462	22 
463	20 
464	6 
465	19 
466	23 
467	19 
468	27 
469	15 
470	19 
471	9 
472	2 
473	12 
474	25 
475	13 
476	10 
477	19 
478	7 
479	2 
480	29 
481	28 
482	21 
483	10 
484	16 
485	19 
486	25 
487	12 
488	8 
489	29 
490	6 
491	3 
492	2 
493	4 
494	21 
495	30 
496	14 
497	11 
498	30 
499	19 
500	3 
501	1 
502	28 
503	23 
504	19 
505	25 
506	26 
507	7 
508	13 
509	26 
510	30 
511	29 
512	17 
513	13 
514	10 
515	21 
516	5 
517	15 
518	20 
519	9 
520	14 
521	5 
522	10 
523	28 
524	1 
525	28 
526	22 
527	22 
528	13 
529	19 
530	1 
531	3 
532	23 
533	12 
534	19 
535	20 
536	20 
537	19 
538	8 
539	18 
540	7 
541	20 
542	23 
543	28 
544	5 
545	6 
546	20 
547	1 
548	30 
549	16 
550	5 
551	6 
552	22 
553	21 
554	12 
555	30 
556	16 
557	26 
558	13 
559	30 
560	21 
561	18 
562	3 
563	20 
564	2 
565	24 
566	12 
567	30 
568	4 
569	12 
570	16 
571	4 
572	6 
573	2 
574	12 
575	7 
576	18 
577	6 
578	6 
579	23 
580	8 
581	4 
582	27 
583	19 
584	25 
585	26 
586	10 
587	3 
588	5 
589	22 
590	11 
591	25 
592	14 
593	19 
594	7 
595	8 
596	24 
597	30 
598	12 
599	7 
600	6 
601	7 
602	17 
603	26 
604	29 
605	5 
606	22 
607	15 
608	23 
609	1 
610	15 
611	4 
612	15 
613	16 
614	13 
615	30 
616	22 
617	20 
618	19 
619	21 
620	12 
621	12 
622	25 
623	12 
624	2 
625	4 
626	22 
627	13 
628	22 
629	8 
630	20 
631	6 
632	2 
633	1 
634	12 
635	13 
636	28 
637	1 
638	6 
639	19 
640	13 
641	12 
642	13 
643	6 
644	21 
645	19 
646	1 
647	1 
648	9 
649	8 
650	21 
651	21 
652	3 
653	22 
654	19 
655	21 
656	2 
657	4 
658	30 
659	15 
660	21 
661	26 
662	6 
663	2 
664	5 
665	4 
666	17 
667	16 
668	2 
669	29 
670	21 
671	27 
672	18 
673	6 
674	9 
675	17 
676	15 
677	29 
678	29 
679	22 
680	19 
681	13 
682	1 
683	6 
684	17 
685	13 
686	13 
687	16 
688	5 
689	10 
690	23 
691	30 
692	26 
693	20 
694	29 
695	1 
696	21 
697	30 
698	27 
699	22 
700	4 
701	27 
702	18 
703	30 
704	8 
705	11 
706	15 
707	28 
708	8 
709	5 
710	20 
711	30 
712	9 
713	12 
714	12 
715	25 
716	23 
717	28 
718	12 
719	5 
720	28 
721	22 
722	16 
723	12 
724	11 
725	8 
726	1 
727	19 
728	14 
729	18 
730	22 
731	13 
732	15 
733	16 
734	15 
735	13 
736	23 
737	17 
738	12 
739	20 
740	30 
741	6 
742	28 
743	3 
744	23 
745	18 
746	28 
747	8 
748	10 
749	6 
750	14 
751	28 
752	29 
753	25 
754	4 
755	3 
756	22 
757	12 
758	21 
759	16 
760	13 
761	19 
762	6 
763	22 
764	17 
765	7 
766	27 
767	3 
768	5 
769	25 
770	3 
771	20 
772	13 
773	19 
774	30 
775	10 
776	8 
777	11 
778	1 
779	27 
780	30 
781	1 
782	30 
783	22 
784	10 
785	5 
786	23 
787	20 
788	8 
789	12 
790	14 
791	25 
792	28 
793	26 
794	5 
795	1 
796	16 
797	6 
798	14 
799	29 
800	19 
801	15 
802	28 
803	6 
804	16 
805	6 
806	20 
807	6 
808	19 
809	16 
810	24 
811	30 
812	7 
813	16 
814	30 
815	18 
816	18 
817	29 
818	5 
819	6 
820	22 
821	20 
822	6 
823	12 
824	5 
825	8 
826	29 
827	19 
828	21 
829	18 
830	23 
831	24 
832	11 
833	24 
834	24 
835	6 
836	26 
837	14 
838	21 
839	9 
840	14 
841	21 
842	23 
843	18 
844	23 
845	20 
846	16 
847	12 
848	17 
849	1 
850	11 
851	11 
852	5 
853	22 
854	9 
855	20 
856	2 
857	8 
858	15 
859	3 
860	2 
861	24 
862	1 
863	11 
864	26 
865	15 
866	25 
867	23 
868	26 
869	17 
870	20 
871	13 
872	18 
873	16 
874	10 
875	9 
876	1 
877	5 
878	4 
879	12 
880	15 
881	10 
882	7 
883	18 
884	17 
885	19 
886	14 
887	20 
888	28 
889	12 
890	12 
891	26 
892	28 
893	5 
894	5 
895	6 
896	9 
897	22 
898	4 
899	23 
900	10 
901	29 
902	7 
903	11 
904	14 
905	28 
906	15 
907	6 
908	18 
909	12 
910	1 
911	12 
912	17 
913	10 
914	27 
915	28 
916	12 
917	13 
918	22 
919	17 
920	3 
921	20 
922	25 
923	11 
924	12 
925	8 
926	26 
927	22 
928	10 
929	19 
930	8 
931	28 
932	2 
933	6 
934	13 
935	3 
936	10 
937	25 
938	22 
939	23 
940	3 
941	20 
942	19 
943	27 
944	22 
945	20 
946	12 
947	1 
948	14 
949	6 
950	28 
951	30 
952	23 
953	23 
954	8 
955	8 
956	15 
957	1 
958	25 
959	28 
960	4 
961	23 
962	15 
963	14 
964	23 
965	3 
966	22 
967	13 
968	20 
969	25 
970	19 
971	27 
972	13 
973	5 
974	15 
975	8 
976	10 
977	20 
978	24 
979	20 
980	30 
981	24 
982	8 
983	5 
984	30 
985	5 
986	6 
987	11 
988	1 
989	8 
990	21 
991	6 
992	17 
993	15 
994	4 
995	5 
996	4 
997	30 
998	12 
999	7 
1000	8 
