1	13 
2	6 
3	7 
4	30 
5	13 
6	14 
7	11 
8	2 
9	3 
10	31 
11	12 
12	5 
13	22 
14	18 
15	9 
16	7 
17	27 
18	3 
19	24 
20	15 
21	1 
22	32 
23	5 
24	3 
25	18 
26	27 
27	17 
28	12 
29	22 
30	10 
31	31 
32	10 
33	11 
34	15 
35	14 
36	17 
37	9 
38	19 
39	13 
40	7 
41	32 
42	16 
43	31 
44	22 
45	30 
46	1 
47	24 
48	6 
49	24 
50	29 
51	19 
52	11 
53	9 
54	22 
55	3 
56	23 
57	4 
58	16 
59	32 
60	3 
61	12 
62	4 
63	3 
64	27 
65	2 
66	16 
67	30 
68	23 
69	20 
70	31 
71	29 
72	28 
73	18 
74	5 
75	6 
76	19 
77	21 
78	11 
79	29 
80	27 
81	8 
82	30 
83	13 
84	29 
85	15 
86	1 
87	10 
88	30 
89	14 
90	21 
91	22 
92	3 
93	3 
94	29 
95	14 
96	7 
97	13 
98	10 
99	6 
100	11 
101	16 
102	30 
103	18 
104	12 
105	29 
106	14 
107	22 
108	2 
109	31 
110	23 
111	26 
112	27 
113	20 
114	14 
115	20 
116	19 
117	23 
118	25 
119	24 
120	30 
121	8 
122	13 
123	29 
124	3 
125	9 
126	9 
127	32 
128	12 
129	15 
130	9 
131	14 
132	22 
133	5 
134	13 
135	26 
136	22 
137	30 
138	23 
139	25 
140	31 
141	14 
142	5 
143	19 
144	22 
145	9 
146	18 
147	28 
148	7 
149	5 
150	10 
151	8 
152	18 
153	13 
154	18 
155	25 
156	7 
157	5 
158	9 
159	3 
160	7 
161	21 
162	19 
163	32 
164	12 
165	1 
166	18 
167	31 
168	9 
169	22 
170	10 
171	29 
172	4 
173	4 
174	17 
175	18 
176	6 
177	2 
178	22 
179	16 
180	32 
181	29 
182	14 
183	14 
184	17 
185	18 
186	3 
187	28 
188	24 
189	1 
190	21 
191	27 
192	3 
193	17 
194	1 
195	13 
196	9 
197	18 
198	31 
199	32 
200	25 
201	30 
202	5 
203	20 
204	14 
205	21 
206	18 
207	7 
208	19 
209	6 
210	26 
211	12 
212	28 
213	7 
214	3 
215	10 
216	14 
217	26 
218	30 
219	17 
220	7 
221	31 
222	1 
223	13 
224	2 
225	3 
226	13 
227	9 
228	12 
229	15 
230	18 
231	30 
232	6 
233	9 
234	26 
235	18 
236	16 
237	6 
238	25 
239	22 
240	17 
241	16 
242	19 
243	6 
244	9 
245	15 
246	17 
247	7 
248	30 
249	4 
250	18 
251	1 
252	5 
253	21 
254	1 
255	8 
256	4 
257	8 
258	7 
259	14 
260	9 
261	31 
262	23 
263	32 
264	5 
265	23 
266	17 
267	17 
268	6 
269	5 
270	23 
271	21 
272	23 
273	15 
274	14 
275	32 
276	31 
277	11 
278	6 
279	29 
280	1 
281	28 
282	23 
283	25 
284	21 
285	22 
286	21 
287	28 
288	12 
289	8 
290	14 
291	18 
292	11 
293	25 
294	9 
295	7 
296	16 
297	8 
298	6 
299	26 
300	15 
301	31 
302	14 
303	6 
304	2 
305	14 
306	27 
307	25 
308	3 
309	17 
310	10 
311	26 
312	4 
313	8 
314	12 
315	5 
316	16 
317	16 
318	13 
319	14 
320	17 
321	32 
322	9 
323	17 
324	29 
325	22 
326	16 
327	2 
328	22 
329	3 
330	8 
331	4 
332	8 
333	30 
334	12 
335	21 
336	2 
337	31 
338	7 
339	29 
340	7 
341	14 
342	31 
343	2 
344	9 
345	5 
346	32 
347	30 
348	32 
349	16 
350	3 
351	10 
352	24 
353	17 
354	9 
355	26 
356	31 
357	9 
358	10 
359	7 
360	20 
361	7 
362	19 
363	5 
364	16 
365	20 
366	29 
367	8 
368	6 
369	3 
370	7 
371	11 
372	2 
373	14 
374	31 
375	23 
376	7 
377	27 
378	16 
379	2 
380	3 
381	14 
382	16 
383	2 
384	11 
385	4 
386	6 
387	18 
388	12 
389	30 
390	31 
391	11 
392	4 
393	16 
394	23 
395	25 
396	25 
397	21 
398	31 
399	6 
400	18 
401	21 
402	27 
403	26 
404	24 
405	30 
406	26 
407	4 
408	22 
409	17 
410	17 
411	3 
412	17 
413	22 
414	29 
415	14 
416	25 
417	16 
418	3 
419	28 
420	9 
421	13 
422	8 
423	30 
424	17 
425	30 
426	7 
427	9 
428	17 
429	6 
430	6 
431	28 
432	17 
433	19 
434	14 
435	2 
436	27 
437	4 
438	9 
439	15 
440	28 
441	26 
442	16 
443	21 
444	22 
445	5 
446	10 
447	17 
448	27 
449	23 
450	32 
451	14 
452	12 
453	31 
454	19 
455	29 
456	7 
457	26 
458	32 
459	16 
460	17 
461	9 
462	18 
463	23 
464	8 
465	19 
466	29 
467	14 
468	10 
469	21 
470	20 
471	21 
472	24 
473	4 
474	17 
475	24 
476	2 
477	29 
478	32 
479	32 
480	20 
481	23 
482	12 
483	16 
484	17 
485	10 
486	7 
487	30 
488	24 
489	24 
490	22 
491	9 
492	15 
493	13 
494	31 
495	26 
496	14 
497	19 
498	29 
499	3 
500	7 
501	4 
502	32 
503	25 
504	27 
505	1 
506	25 
507	11 
508	17 
509	10 
510	21 
511	22 
512	7 
513	29 
514	26 
515	9 
516	14 
517	31 
518	18 
519	7 
520	4 
521	24 
522	2 
523	30 
524	32 
525	18 
526	22 
527	32 
528	7 
529	4 
530	11 
531	3 
532	8 
533	28 
534	24 
535	1 
536	31 
537	18 
538	29 
539	25 
540	19 
541	17 
542	21 
543	16 
544	32 
545	9 
546	6 
547	11 
548	21 
549	21 
550	31 
551	11 
552	7 
553	25 
554	25 
555	21 
556	19 
557	12 
558	12 
559	23 
560	13 
561	9 
562	17 
563	12 
564	30 
565	6 
566	31 
567	1 
568	31 
569	6 
570	16 
571	14 
572	18 
573	9 
574	14 
575	1 
576	20 
577	26 
578	32 
579	23 
580	31 
581	23 
582	19 
583	9 
584	1 
585	30 
586	19 
587	16 
588	25 
589	11 
590	12 
591	31 
592	13 
593	31 
594	12 
595	7 
596	19 
597	17 
598	27 
599	29 
600	17 
601	19 
602	32 
603	17 
604	9 
605	8 
606	12 
607	30 
608	24 
609	8 
610	24 
611	10 
612	10 
613	7 
614	25 
615	27 
616	28 
617	1 
618	12 
619	9 
620	26 
621	5 
622	32 
623	18 
624	12 
625	29 
626	31 
627	22 
628	30 
629	12 
630	25 
631	21 
632	12 
633	20 
634	16 
635	9 
636	10 
637	10 
638	4 
639	31 
640	3 
641	9 
642	23 
643	6 
644	4 
645	17 
646	12 
647	12 
648	5 
649	22 
650	18 
651	32 
652	2 
653	19 
654	18 
655	26 
656	26 
657	29 
658	10 
659	13 
660	18 
661	24 
662	14 
663	12 
664	22 
665	17 
666	15 
667	14 
668	2 
669	12 
670	3 
671	12 
672	11 
673	9 
674	18 
675	15 
676	27 
677	17 
678	7 
679	22 
680	2 
681	32 
682	32 
683	9 
684	21 
685	19 
686	31 
687	12 
688	8 
689	18 
690	21 
691	9 
692	6 
693	6 
694	24 
695	13 
696	4 
697	31 
698	20 
699	9 
700	27 
701	10 
702	17 
703	9 
704	3 
705	16 
706	23 
707	32 
708	8 
709	4 
710	18 
711	9 
712	29 
713	1 
714	22 
715	1 
716	21 
717	22 
718	2 
719	24 
720	24 
721	30 
722	12 
723	23 
724	26 
725	20 
726	13 
727	22 
728	11 
729	18 
730	21 
731	28 
732	24 
733	10 
734	20 
735	8 
736	18 
737	13 
738	31 
739	29 
740	16 
741	11 
742	30 
743	19 
744	19 
745	12 
746	16 
747	6 
748	5 
749	7 
750	14 
751	12 
752	18 
753	6 
754	28 
755	30 
756	26 
757	19 
758	31 
759	28 
760	21 
761	22 
762	32 
763	6 
764	15 
765	5 
766	6 
767	15 
768	30 
769	31 
770	22 
771	27 
772	27 
773	3 
774	17 
775	8 
776	17 
777	9 
778	12 
779	16 
780	14 
781	29 
782	31 
783	20 
784	4 
785	16 
786	31 
787	20 
788	18 
789	17 
790	14 
791	9 
792	28 
793	13 
794	20 
795	3 
796	13 
797	32 
798	20 
799	22 
800	4 
801	16 
802	25 
803	22 
804	7 
805	19 
806	19 
807	14 
808	9 
809	28 
810	3 
811	6 
812	2 
813	15 
814	11 
815	31 
816	2 
817	22 
818	16 
819	9 
820	8 
821	6 
822	32 
823	1 
824	20 
825	10 
826	25 
827	10 
828	11 
829	16 
830	13 
831	20 
832	2 
833	32 
834	25 
835	26 
836	16 
837	20 
838	4 
839	17 
840	26 
841	26 
842	7 
843	31 
844	31 
845	22 
846	10 
847	12 
848	8 
849	4 
850	9 
851	7 
852	28 
853	31 
854	26 
855	8 
856	7 
857	28 
858	3 
859	9 
860	9 
861	1 
862	25 
863	11 
864	25 
865	32 
866	28 
867	1 
868	14 
869	19 
870	14 
871	25 
872	9 
873	15 
874	7 
875	22 
876	25 
877	30 
878	12 
879	25 
880	31 
881	29 
882	7 
883	27 
884	3 
885	2 
886	10 
887	3 
888	18 
889	21 
890	17 
891	15 
892	26 
893	9 
894	22 
895	14 
896	3 
897	14 
898	2 
899	29 
900	22 
901	3 
902	21 
903	8 
904	28 
905	16 
906	15 
907	1 
908	7 
909	4 
910	29 
911	22 
912	31 
913	3 
914	8 
915	15 
916	15 
917	30 
918	30 
919	12 
920	1 
921	26 
922	14 
923	13 
924	31 
925	22 
926	8 
927	18 
928	12 
929	24 
930	19 
931	3 
932	27 
933	12 
934	10 
935	7 
936	9 
937	21 
938	3 
939	14 
940	23 
941	32 
942	14 
943	19 
944	31 
945	22 
946	24 
947	5 
948	27 
949	20 
950	18 
951	11 
952	18 
953	22 
954	31 
955	25 
956	24 
957	15 
958	23 
959	16 
960	28 
961	26 
962	29 
963	2 
964	19 
965	22 
966	22 
967	20 
968	21 
969	16 
970	25 
971	10 
972	22 
973	3 
974	14 
975	5 
976	5 
977	7 
978	12 
979	24 
980	9 
981	13 
982	10 
983	24 
984	10 
985	13 
986	6 
987	2 
988	29 
989	12 
990	14 
991	14 
992	32 
993	30 
994	22 
995	31 
996	21 
997	30 
998	14 
999	10 
1000	32 
