1	13 
2	8 
3	25 
4	19 
5	2 
6	21 
7	32 
8	1 
9	29 
10	36 
11	16 
12	32 
13	29 
14	11 
15	6 
16	2 
17	11 
18	9 
19	21 
20	2 
21	16 
22	30 
23	14 
24	36 
25	30 
26	11 
27	27 
28	16 
29	17 
30	16 
31	35 
32	5 
33	10 
34	30 
35	17 
36	16 
37	23 
38	16 
39	16 
40	9 
41	10 
42	6 
43	34 
44	34 
45	6 
46	23 
47	10 
48	22 
49	13 
50	13 
51	6 
52	10 
53	33 
54	36 
55	25 
56	30 
57	28 
58	36 
59	14 
60	35 
61	32 
62	18 
63	25 
64	2 
65	34 
66	23 
67	19 
68	2 
69	23 
70	3 
71	20 
72	22 
73	18 
74	17 
75	20 
76	26 
77	19 
78	32 
79	27 
80	10 
81	37 
82	23 
83	7 
84	5 
85	6 
86	12 
87	7 
88	23 
89	18 
90	16 
91	27 
92	36 
93	23 
94	28 
95	23 
96	25 
97	8 
98	35 
99	20 
100	33 
101	32 
102	25 
103	16 
104	14 
105	29 
106	17 
107	3 
108	2 
109	8 
110	33 
111	7 
112	34 
113	10 
114	16 
115	14 
116	21 
117	29 
118	7 
119	21 
120	26 
121	37 
122	35 
123	35 
124	17 
125	31 
126	16 
127	4 
128	35 
129	10 
130	37 
131	6 
132	34 
133	34 
134	5 
135	19 
136	23 
137	10 
138	34 
139	30 
140	13 
141	29 
142	17 
143	8 
144	22 
145	24 
146	7 
147	19 
148	29 
149	33 
150	8 
151	11 
152	11 
153	24 
154	19 
155	29 
156	8 
157	16 
158	29 
159	31 
160	29 
161	2 
162	19 
163	20 
164	30 
165	7 
166	12 
167	28 
168	18 
169	1 
170	32 
171	1 
172	21 
173	21 
174	36 
175	10 
176	33 
177	29 
178	34 
179	33 
180	23 
181	23 
182	21 
183	21 
184	15 
185	5 
186	19 
187	17 
188	2 
189	15 
190	8 
191	23 
192	34 
193	35 
194	17 
195	4 
196	36 
197	18 
198	37 
199	34 
200	36 
201	31 
202	20 
203	4 
204	28 
205	27 
206	11 
207	32 
208	14 
209	33 
210	32 
211	21 
212	18 
213	2 
214	13 
215	4 
216	32 
217	9 
218	18 
219	29 
220	7 
221	18 
222	18 
223	29 
224	9 
225	24 
226	11 
227	29 
228	9 
229	14 
230	3 
231	31 
232	29 
233	20 
234	14 
235	4 
236	30 
237	20 
238	9 
239	1 
240	10 
241	3 
242	21 
243	33 
244	35 
245	17 
246	8 
247	25 
248	32 
249	28 
250	16 
251	34 
252	4 
253	21 
254	22 
255	14 
256	19 
257	8 
258	3 
259	32 
260	28 
261	28 
262	17 
263	1 
264	23 
265	27 
266	18 
267	30 
268	2 
269	19 
270	20 
271	7 
272	2 
273	16 
274	12 
275	16 
276	32 
277	32 
278	27 
279	11 
280	33 
281	34 
282	33 
283	6 
284	16 
285	16 
286	29 
287	4 
288	26 
289	33 
290	10 
291	20 
292	7 
293	10 
294	32 
295	28 
296	34 
297	32 
298	25 
299	8 
300	28 
301	23 
302	21 
303	16 
304	17 
305	17 
306	21 
307	2 
308	16 
309	7 
310	16 
311	7 
312	20 
313	18 
314	37 
315	21 
316	25 
317	21 
318	14 
319	9 
320	26 
321	21 
322	20 
323	33 
324	18 
325	12 
326	19 
327	12 
328	8 
329	16 
330	34 
331	29 
332	9 
333	28 
334	29 
335	24 
336	8 
337	9 
338	10 
339	33 
340	23 
341	17 
342	6 
343	5 
344	17 
345	29 
346	37 
347	5 
348	6 
349	18 
350	17 
351	28 
352	25 
353	6 
354	19 
355	27 
356	29 
357	23 
358	9 
359	9 
360	36 
361	32 
362	19 
363	23 
364	37 
365	2 
366	5 
367	32 
368	21 
369	30 
370	12 
371	10 
372	21 
373	21 
374	20 
375	30 
376	15 
377	12 
378	10 
379	33 
380	4 
381	34 
382	28 
383	25 
384	11 
385	27 
386	15 
387	13 
388	16 
389	32 
390	1 
391	34 
392	21 
393	33 
394	10 
395	25 
396	20 
397	2 
398	21 
399	25 
400	31 
401	20 
402	32 
403	20 
404	10 
405	17 
406	15 
407	7 
408	8 
409	3 
410	28 
411	33 
412	26 
413	25 
414	25 
415	32 
416	1 
417	23 
418	32 
419	34 
420	7 
421	19 
422	11 
423	16 
424	21 
425	32 
426	8 
427	14 
428	10 
429	6 
430	11 
431	29 
432	31 
433	16 
434	8 
435	34 
436	8 
437	7 
438	25 
439	35 
440	31 
441	33 
442	30 
443	29 
444	16 
445	3 
446	16 
447	16 
448	29 
449	3 
450	33 
451	28 
452	21 
453	9 
454	8 
455	32 
456	21 
457	19 
458	17 
459	17 
460	13 
461	12 
462	2 
463	12 
464	33 
465	30 
466	2 
467	16 
468	7 
469	18 
470	29 
471	36 
472	10 
473	10 
474	15 
475	26 
476	9 
477	25 
478	19 
479	7 
480	5 
481	20 
482	18 
483	18 
484	17 
485	26 
486	7 
487	15 
488	29 
489	2 
490	33 
491	36 
492	33 
493	9 
494	23 
495	10 
496	12 
497	7 
498	2 
499	6 
500	22 
501	36 
502	9 
503	6 
504	3 
505	29 
506	15 
507	13 
508	24 
509	15 
510	10 
511	14 
512	12 
513	11 
514	11 
515	23 
516	32 
517	9 
518	34 
519	18 
520	19 
521	8 
522	33 
523	10 
524	36 
525	18 
526	21 
527	24 
528	18 
529	29 
530	22 
531	22 
532	15 
533	14 
534	5 
535	23 
536	31 
537	3 
538	33 
539	13 
540	22 
541	29 
542	10 
543	32 
544	18 
545	29 
546	18 
547	8 
548	17 
549	20 
550	32 
551	15 
552	9 
553	21 
554	21 
555	6 
556	16 
557	23 
558	3 
559	10 
560	29 
561	8 
562	33 
563	32 
564	20 
565	10 
566	9 
567	24 
568	10 
569	15 
570	9 
571	34 
572	22 
573	17 
574	19 
575	17 
576	22 
577	5 
578	25 
579	22 
580	21 
581	10 
582	34 
583	23 
584	11 
585	23 
586	10 
587	31 
588	36 
589	5 
590	21 
591	34 
592	21 
593	16 
594	23 
595	1 
596	18 
597	37 
598	14 
599	7 
600	32 
601	24 
602	2 
603	6 
604	21 
605	5 
606	7 
607	15 
608	8 
609	14 
610	9 
611	21 
612	25 
613	11 
614	11 
615	8 
616	18 
617	36 
618	17 
619	1 
620	33 
621	18 
622	18 
623	34 
624	28 
625	20 
626	4 
627	20 
628	17 
629	3 
630	14 
631	19 
632	23 
633	11 
634	16 
635	18 
636	11 
637	7 
638	7 
639	8 
640	8 
641	36 
642	20 
643	19 
644	25 
645	23 
646	5 
647	32 
648	28 
649	7 
650	35 
651	25 
652	7 
653	11 
654	30 
655	14 
656	30 
657	8 
658	21 
659	18 
660	2 
661	18 
662	12 
663	37 
664	34 
665	10 
666	18 
667	20 
668	21 
669	34 
670	21 
671	31 
672	16 
673	33 
674	10 
675	7 
676	27 
677	28 
678	5 
679	18 
680	7 
681	32 
682	24 
683	7 
684	5 
685	28 
686	14 
687	16 
688	37 
689	20 
690	9 
691	3 
692	36 
693	21 
694	11 
695	35 
696	23 
697	16 
698	4 
699	4 
700	23 
701	23 
702	28 
703	28 
704	24 
705	25 
706	7 
707	24 
708	10 
709	29 
710	2 
711	27 
712	6 
713	9 
714	14 
715	8 
716	27 
717	26 
718	16 
719	36 
720	37 
721	18 
722	11 
723	18 
724	20 
725	33 
726	9 
727	16 
728	34 
729	26 
730	32 
731	20 
732	1 
733	14 
734	35 
735	13 
736	17 
737	13 
738	21 
739	7 
740	26 
741	32 
742	17 
743	33 
744	9 
745	25 
746	35 
747	32 
748	36 
749	36 
750	35 
751	37 
752	26 
753	32 
754	8 
755	12 
756	14 
757	8 
758	32 
759	36 
760	19 
761	36 
762	36 
763	32 
764	18 
765	10 
766	4 
767	23 
768	27 
769	23 
770	12 
771	34 
772	2 
773	4 
774	18 
775	34 
776	12 
777	22 
778	2 
779	14 
780	27 
781	7 
782	25 
783	9 
784	20 
785	20 
786	33 
787	31 
788	25 
789	11 
790	5 
791	14 
792	6 
793	23 
794	36 
795	1 
796	31 
797	34 
798	37 
799	23 
800	22 
801	8 
802	17 
803	37 
804	2 
805	30 
806	27 
807	35 
808	27 
809	16 
810	32 
811	7 
812	25 
813	20 
814	9 
815	17 
816	1 
817	23 
818	25 
819	34 
820	19 
821	16 
822	1 
823	36 
824	20 
825	9 
826	18 
827	20 
828	2 
829	33 
830	14 
831	4 
832	23 
833	36 
834	30 
835	25 
836	29 
837	36 
838	25 
839	33 
840	25 
841	11 
842	24 
843	33 
844	21 
845	32 
846	20 
847	22 
848	37 
849	19 
850	22 
851	1 
852	21 
853	23 
854	21 
855	20 
856	14 
857	33 
858	16 
859	32 
860	29 
861	23 
862	32 
863	30 
864	16 
865	11 
866	14 
867	33 
868	10 
869	11 
870	29 
871	35 
872	31 
873	21 
874	1 
875	34 
876	21 
877	5 
878	18 
879	6 
880	22 
881	17 
882	14 
883	2 
884	32 
885	37 
886	22 
887	7 
888	7 
889	19 
890	33 
891	8 
892	8 
893	7 
894	20 
895	7 
896	19 
897	22 
898	8 
899	34 
900	9 
901	29 
902	20 
903	18 
904	28 
905	18 
906	17 
907	10 
908	32 
909	7 
910	33 
911	4 
912	17 
913	30 
914	33 
915	28 
916	14 
917	33 
918	19 
919	8 
920	33 
921	16 
922	7 
923	11 
924	25 
925	10 
926	29 
927	35 
928	28 
929	19 
930	22 
931	21 
932	16 
933	11 
934	7 
935	20 
936	11 
937	28 
938	18 
939	23 
940	18 
941	21 
942	23 
943	25 
944	9 
945	9 
946	2 
947	17 
948	22 
949	30 
950	18 
951	21 
952	36 
953	32 
954	16 
955	18 
956	36 
957	20 
958	33 
959	25 
960	28 
961	22 
962	11 
963	17 
964	30 
965	6 
966	16 
967	33 
968	20 
969	36 
970	33 
971	10 
972	33 
973	2 
974	9 
975	17 
976	32 
977	32 
978	8 
979	28 
980	20 
981	14 
982	17 
983	16 
984	2 
985	22 
986	11 
987	6 
988	32 
989	30 
990	25 
991	10 
992	19 
993	6 
994	11 
995	21 
996	8 
997	34 
998	20 
999	11 
1000	6 
