15 18 0
26 28 0
21 29 0
11 45 0
42 54 0
46 56 2
49 56 0
5 62 0
56 68 1
24 74 0
12 75 0
41 83 0
36 84 0
45 85 1
27 89 0
49 89 0
35 94 0
6 97 0
61 98 0
71 99 0
98 101 0
40 102 0
51 104 0
75 107 0
55 112 2
13 113 1
86 116 0
107 118 1
105 120 0
44 124 0
28 129 0
21 130 0
8 132 0
113 132 2
105 138 0
44 139 0
33 140 1
57 140 0
64 140 0
5 141 0
68 141 1
75 144 1
71 148 0
134 150 0
11 151 0
137 152 2
110 153 0
142 153 0
17 155 2
77 155 1
34 157 1
109 158 0
2 159 0
14 161 0
87 161 0
98 162 0
142 163 0
5 165 0
66 165 0
44 167 0
98 169 0
148 169 0
132 170 0
88 171 0
54 173 1
113 173 0
123 173 0
129 174 0
8 175 0
42 175 0
22 176 0
31 176 1
114 176 0
51 178 0
68 178 0
113 178 0
159 179 1
53 180 0
67 181 1
146 181 0
134 184 0
159 185 0
43 186 0
28 187 0
151 188 0
187 190 3
180 192 0
166 193 0
46 196 0
52 197 0
145 197 0
161 197 0
56 199 0
96 202 0
137 202 0
95 203 0
24 204 0
149 204 0
55 205 0
47 206 0
125 207 0
5 208 0
155 208 0
2 210 1
101 210 0
190 210 2
19 211 1
81 214 0
189 214 1
120 216 0
89 218 0
199 218 0
166 219 0
41 220 1
155 221 1
99 223 0
51 224 0
121 224 2
130 224 0
76 225 0
175 225 0
60 227 0
164 227 0
82 228 0
83 228 0
117 228 1
216 228 0
57 229 0
213 229 2
214 229 0
83 230 0
143 231 0
169 231 1
178 231 1
228 232 1
153 233 2
67 234 0
174 235 0
119 236 0
154 236 0
177 236 0
81 237 0
71 238 0
128 238 0
183 238 0
39 240 0
70 241 1
24 242 1
106 243 0
130 243 0
180 244 0
58 245 0
128 246 0
145 247 0
218 247 0
187 248 0
168 249 2
58 251 0
47 252 0
48 252 1
213 253 1
166 254 0
38 255 0
64 256 0
123 257 0
219 257 0
234 257 1
1 258 0
74 259 0
256 261 0
26 262 0
205 262 0
110 263 0
199 263 0
93 264 0
147 264 0
257 265 0
159 267 0
230 267 0
60 268 0
191 268 0
124 269 0
1 270 0
222 270 1
11 271 0
47 271 0
26 272 0
231 272 1
249 273 1
166 274 1
32 275 1
127 276 1
97 277 1
160 277 0
195 277 0
215 277 1
15 278 0
191 278 0
200 278 0
6 279 0
25 280 1
169 280 0
133 281 0
177 281 0
220 281 1
243 281 1
217 282 0
3 283 0
9 283 0
108 285 1
262 286 0
147 288 0
169 288 1
30 289 0
251 289 2
163 290 0
3 292 0
15 292 1
66 292 0
218 292 0
260 293 0
84 294 0
119 295 1
131 295 0
294 295 0
14 296 0
62 296 0
29 297 0
106 297 2
268 297 0
73 298 0
194 300 0
286 300 0
99 301 0
254 302 0
96 303 0
217 303 0
128 304 0
178 304 0
205 304 1
272 304 0
152 305 1
286 305 0
8 306 0
137 306 0
172 306 1
182 306 0
91 307 0
57 308 0
232 308 0
143 309 0
213 309 0
250 309 0
34 310 0
85 311 1
163 311 0
238 311 0
24 312 0
302 312 0
255 313 0
2 314 1
255 314 0
7 315 0
70 315 0
99 315 0
193 315 0
249 315 0
238 316 1
258 316 0
264 316 0
294 316 1
205 317 1
273 317 1
314 317 0
11 318 0
23 318 1
108 318 0
149 318 0
296 318 0
105 319 1
190 320 0
258 320 1
285 320 0
31 321 0
43 323 0
59 323 0
209 323 0
216 323 0
57 324 0
91 324 0
318 326 0
78 327 1
239 327 0
270 327 1
212 328 0
264 328 2
106 331 0
147 331 1
289 331 2
305 332 0
84 333 1
230 333 0
253 333 1
291 333 1
118 334 0
312 334 0
330 334 0
319 335 0
55 336 1
164 336 0
258 336 1
319 336 0
100 337 0
117 337 0
310 338 0
328 338 1
105 339 0
151 339 0
229 339 0
246 340 0
273 340 0
266 341 0
324 341 2
60 342 0
150 342 0
261 343 0
94 344 0
199 344 0
40 346 1
91 347 0
183 347 0
306 347 0
136 348 0
205 348 0
241 348 1
259 348 0
276 348 1
73 349 0
211 349 0
222 349 0
226 349 0
330 349 1
345 349 0
237 350 0
46 351 1
322 352 1
156 353 0
159 353 1
191 354 0
85 355 0
165 355 0
109 356 1
200 356 0
325 357 0
340 357 0
122 358 0
173 358 0
242 358 2
271 358 1
81 359 0
181 359 0
240 359 1
347 359 0
53 360 1
126 360 0
242 360 0
308 360 0
351 360 1
247 361 1
269 361 1
316 361 0
339 361 0
151 362 0
302 362 1
35 363 0
189 363 1
90 364 0
186 364 0
337 364 0
6 365 0
45 365 0
66 365 0
135 366 1
248 366 1
309 366 0
207 367 0
221 368 0
245 368 0
154 369 1
352 369 0
208 370 0
259 370 0
307 370 0
339 370 0
32 371 2
53 371 2
10 372 0
48 372 0
157 372 0
254 372 0
185 373 1
31 374 0
207 374 0
217 374 0
272 374 1
359 374 0
228 375 0
262 375 0
356 375 2
97 377 1
112 377 1
164 377 0
30 378 1
279 378 1
301 378 0
339 378 0
342 378 1
74 379 0
244 379 0
308 379 3
276 380 0
106 381 0
199 381 2
290 381 0
10 382 3
284 382 0
348 382 0
135 383 0
151 383 0
270 383 0
371 383 0
64 384 0
251 385 0
381 385 0
382 385 0
24 386 2
103 388 1
201 388 1
345 388 1
355 388 1
122 389 0
135 389 0
226 389 1
97 390 0
271 390 0
323 390 2
340 390 0
119 391 1
129 391 1
300 391 0
314 391 0
356 391 0
238 392 2
338 392 0
63 393 0
110 393 0
111 393 0
163 393 1
203 393 0
370 393 0
139 394 0
381 394 0
22 395 0
45 395 0
93 395 1
201 395 0
233 395 0
362 395 0
149 396 0
194 396 0
336 396 0
50 397 0
165 397 0
6 398 0
33 398 0
86 399 0
185 399 2
343 399 0
237 400 0
334 400 2
341 400 0
156 401 2
218 401 2
392 401 0
29 403 0
124 403 2
252 403 1
251 404 2
277 404 0
289 404 2
389 404 0
94 405 0
220 405 0
284 405 2
84 406 0
168 406 0
227 406 0
299 406 0
45 407 0
136 407 0
308 407 0
87 408 1
145 408 0
185 408 1
251 408 1
376 408 0
93 409 0
153 409 1
233 409 2
240 409 1
266 409 0
15 410 0
138 410 0
335 410 0
7 411 1
255 411 1
271 411 0
146 412 1
165 412 0
225 412 3
298 412 0
320 412 0
12 413 0
162 413 0
219 413 2
239 414 0
279 414 0
142 415 0
241 415 1
253 415 1
356 415 0
373 415 0
391 416 0
366 417 0
393 417 0
9 418 0
123 418 0
133 418 1
135 418 0
409 418 1
298 419 0
328 419 3
338 419 2
96 420 0
329 420 0
330 420 0
88 421 0
204 421 1
254 421 0
121 422 0
326 422 0
158 423 0
403 423 0
1 424 0
256 424 0
377 424 2
1 425 0
45 425 0
60 425 0
86 425 0
108 425 0
241 425 0
315 425 1
422 425 0
76 426 1
144 426 0
194 426 0
403 426 0
194 427 0
177 428 0
243 428 1
309 428 0
333 428 0
38 429 0
122 429 0
179 429 0
263 429 1
338 429 1
343 429 0
387 429 0
259 430 0
281 430 0
299 430 2
334 430 0
109 431 1
207 431 0
222 432 1
260 432 0
427 432 2
274 433 0
289 433 0
44 434 0
134 434 2
260 434 0
280 434 0
375 434 0
12 435 0
63 435 0
221 435 0
240 435 0
380 435 0
52 436 1
116 436 1
138 436 1
323 436 1
359 436 1
180 437 1
347 437 0
350 437 1
396 437 0
421 437 4
326 438 2
348 438 0
159 439 0
427 439 0
149 440 1
261 440 2
385 440 1
198 441 1
203 441 0
362 441 0
178 442 0
217 442 0
246 443 0
347 443 0
406 443 1
56 444 0
433 444 0
20 445 0
344 445 0
79 446 0
158 446 0
222 446 1
235 446 0
295 446 0
353 446 1
376 446 1
437 446 0
82 447 0
208 447 0
323 447 0
443 447 1
91 448 0
142 448 0
278 448 0
328 448 0
331 448 3
390 448 0
98 449 0
229 449 0
358 449 1
7 450 0
120 450 0
123 450 1
174 450 0
375 450 0
70 451 1
135 451 0
252 451 0
446 451 0
55 452 0
172 452 1
306 452 1
311 452 0
364 452 2
239 453 1
247 453 0
293 453 0
325 453 0
427 453 0
25 454 0
219 454 1
385 454 0
102 455 0
115 455 2
137 455 0
346 455 1
394 455 2
311 456 0
354 456 0
367 456 0
397 456 3
430 456 0
61 457 0
206 457 0
255 457 0
329 457 0
368 457 0
0 458 0
141 458 0
244 458 2
38 459 0
181 459 0
228 459 0
128 460 0
311 460 0
82 461 0
164 461 1
226 461 0
357 461 0
381 461 0
331 462 0
336 462 0
434 462 0
47 463 1
87 463 0
236 463 0
407 463 0
438 463 0
91 464 0
204 464 1
270 464 0
382 464 0
403 464 3
86 465 0
345 465 0
104 466 0
142 466 1
418 466 1
425 466 0
107 467 2
118 467 1
160 467 0
434 467 0
453 467 1
74 468 0
97 468 0
443 468 0
216 469 1
252 469 2
341 469 2
371 469 2
44 470 0
54 470 0
87 470 0
168 470 1
355 470 1
388 470 1
401 470 1
403 470 0
43 471 1
202 471 1
335 471 0
386 471 0
398 471 2
82 472 0
140 472 0
155 472 0
410 472 2
262 473 0
295 473 0
337 473 1
387 473 1
119 474 0
139 474 1
192 474 1
230 474 2
248 474 0
444 474 1
21 475 3
234 475 2
92 476 1
241 476 1
348 476 1
423 476 0
434 476 0
472 476 0
37 477 0
54 477 0
148 477 1
227 477 1
270 477 0
97 478 0
342 478 0
379 478 0
393 478 1
434 478 0
235 479 0
309 479 1
382 479 0
437 479 0
16 480 0
182 480 1
293 480 0
330 480 0
443 480 1
445 480 2
23 481 0
54 481 2
108 481 0
115 481 0
123 481 0
4 482 0
93 482 1
200 482 2
236 482 1
350 482 1
405 482 0
242 483 2
302 483 1
335 483 1
358 483 2
387 483 0
122 484 0
143 484 0
213 484 0
236 484 1
478 484 0
104 485 1
170 485 0
312 485 1
444 485 0
447 486 1
106 487 0
164 487 0
242 487 1
22 488 0
81 488 0
113 488 0
210 488 0
396 488 1
42 489 0
43 489 0
59 489 0
171 489 1
322 489 0
395 489 0
45 490 0
60 490 0
353 490 1
426 490 0
117 491 1
214 491 0
231 491 0
311 491 1
445 491 0
152 492 1
243 492 0
415 492 0
490 492 0
44 493 0
231 493 0
360 493 0
452 493 2
466 493 0
471 493 1
59 494 0
121 494 0
427 494 0
455 494 2
88 495 2
98 495 0
213 495 0
97 496 0
206 496 0
256 496 1
447 496 1
33 497 0
47 497 1
105 497 1
417 497 1
466 497 0
195 498 0
322 498 0
491 498 3
8 499 1
96 499 1
248 499 0
327 499 0
383 499 0
186 500 0
193 500 0
344 500 1
470 500 0
243 501 1
281 501 1
384 501 1
150 502 1
153 502 0
274 502 0
319 502 0
239 503 0
301 503 0
399 503 0
425 503 1
496 503 0
9 504 0
240 504 0
262 504 0
330 504 0
331 504 0
345 504 0
333 505 0
346 505 1
465 505 0
468 505 1
480 505 0
65 506 0
216 506 0
223 506 1
258 506 0
476 506 0
483 506 0
484 506 1
22 507 1
199 507 0
220 507 0
233 507 0
254 507 0
321 507 0
460 507 0
237 508 0
479 508 2
78 509 0
264 509 1
394 509 0
118 510 1
62 511 2
109 511 0
121 511 3
252 511 1
307 511 1
324 511 2
325 511 1
387 511 0
484 511 0
16 512 0
26 512 0
158 512 1
221 512 0
324 512 0
356 512 0
451 512 1
494 512 0
178 513 0
266 513 3
22 514 0
147 514 2
175 514 0
354 514 1
513 514 1
10 515 0
162 515 2
163 515 0
89 516 0
132 516 2
155 516 1
207 516 0
212 516 1
368 516 0
392 516 0
481 516 0
103 517 0
206 517 1
207 517 0
334 517 0
471 517 1
477 517 1
503 517 0
251 518 0
291 518 2
333 518 2
469 518 0
8 519 1
64 519 0
183 519 1
303 519 0
409 519 0
458 519 2
499 519 1
303 520 2
455 520 0
482 520 1
208 521 0
237 521 0
247 521 0
22 522 0
65 522 0
184 522 1
196 522 1
209 522 0
330 522 0
399 522 0
518 522 0
38 523 0
161 523 1
169 523 2
231 523 1
249 523 1
426 523 0
458 523 1
101 524 0
140 524 1
333 524 0
335 524 0
490 524 0
39 525 3
129 525 1
279 525 0
303 525 1
384 525 0
490 525 0
22 526 0
29 526 0
69 526 1
138 526 0
58 527 1
91 527 0
225 527 0
354 527 0
385 527 1
466 527 1
495 527 0
505 527 0
201 528 0
254 528 2
261 528 0
277 528 0
18 529 0
260 529 0
407 529 1
57 530 3
338 530 1
373 530 1
394 530 1
399 530 0
513 530 0
103 531 1
110 531 1
111 531 1
188 531 0
314 531 0
388 531 1
19 532 0
106 532 2
204 532 3
384 532 0
420 532 0
422 532 3
489 532 0
494 532 2
23 533 2
332 533 2
402 533 0
442 533 2
512 533 0
100 534 1
108 534 0
186 534 1
224 534 0
278 534 0
442 534 2
79 535 1
122 535 0
134 535 0
136 535 0
210 535 0
515 535 1
28 536 0
49 536 0
332 536 0
425 536 1
503 536 2
11 537 1
137 537 0
285 537 1
286 537 0
407 537 0
442 537 3
447 537 0
515 537 0
534 537 2
37 538 0
195 538 0
223 538 2
328 538 0
521 538 0
60 539 0
86 539 0
131 539 0
208 539 0
253 539 1
254 539 0
360 539 0
379 539 0
394 539 0
19 540 0
78 540 2
222 540 1
383 540 0
488 540 0
493 540 0
81 541 0
136 541 1
225 541 0
258 541 0
517 541 0
530 541 0
354 542 0
443 542 1
462 542 0
529 542 0
125 543 1
246 543 0
367 543 3
531 543 1
167 544 0
241 544 0
288 544 1
479 544 1
485 544 0
501 544 3
508 544 2
25 545 1
61 545 1
162 545 0
523 545 0
65 546 0
539 546 0
113 547 0
126 547 0
143 547 0
201 547 0
445 547 3
541 547 0
112 548 0
215 548 1
301 548 0
449 548 0
118 549 0
267 549 2
319 549 0
413 549 0
482 549 1
521 549 0
7 550 0
50 550 0
51 550 1
133 550 0
262 550 1
478 550 1
537 550 0
29 551 0
127 551 0
172 551 0
294 551 0
326 551 3
438 551 2
450 551 0
116 552 0
276 552 0
362 552 3
390 552 0
538 552 3
4 553 1
39 553 0
319 553 1
350 553 0
460 553 0
518 553 1
53 554 2
121 554 3
235 554 2
250 554 0
255 554 0
324 554 3
441 554 0
511 554 4
225 555 0
290 555 2
421 555 0
476 555 2
0 556 1
232 556 0
247 556 1
468 556 1
481 556 1
505 556 3
522 556 0
147 557 1
205 557 1
216 557 0
267 557 0
466 557 1
514 557 3
527 557 1
78 558 0
86 558 0
191 558 0
197 558 0
514 558 0
544 558 2
275 559 0
433 559 2
439 559 1
219 560 0
258 560 2
429 560 1
124 561 0
130 561 0
165 561 2
267 561 0
369 561 1
443 561 0
462 561 1
26 562 2
35 562 0
336 562 0
421 562 0
438 562 0
511 562 0
518 562 1
5 563 1
18 563 0
195 563 0
310 563 1
553 563 0
11 564 0
161 564 0
187 564 0
203 564 3
352 564 0
392 564 0
426 564 1
535 564 3
55 565 0
181 565 0
325 565 3
455 565 0
553 565 0
45 566 1
85 566 2
108 566 0
142 566 0
347 566 0
377 566 0
385 566 1
497 566 0
498 566 2
559 566 0
0 567 0
149 567 0
364 567 0
389 567 0
417 567 0
473 567 0
498 567 0
513 567 0
90 568 0
112 568 0
336 568 0
394 568 3
477 568 0
481 568 0
494 568 2
535 568 0
75 569 2
251 569 0
275 569 1
391 569 0
440 569 0
178 570 0
521 570 4
53 571 1
191 571 1
325 571 0
360 571 1
449 571 1
518 571 0
545 571 2
561 571 0
177 572 1
196 572 0
399 572 0
408 572 1
493 572 0
523 572 2
47 573 0
51 573 0
257 573 0
310 573 1
360 573 1
466 573 0
87 574 1
193 574 0
242 574 0
402 574 1
520 574 0
18 575 0
58 575 0
165 575 2
193 575 0
503 575 0
561 575 2
570 575 1
157 576 0
194 576 1
330 576 0
380 576 1
465 576 0
562 576 1
31 577 0
88 577 0
100 577 0
103 577 1
201 577 0
282 577 0
306 577 0
357 577 0
400 577 1
506 577 0
565 577 0
566 577 0
68 578 0
270 578 0
396 578 0
461 578 0
468 578 0
124 579 0
125 579 1
128 579 0
282 579 1
367 579 2
517 579 1
522 579 0
540 579 0
543 579 3
36 580 0
59 580 0
86 580 0
277 580 0
373 580 1
49 581 1
220 581 0
301 581 1
311 581 0
457 581 0
135 582 1
153 582 0
222 582 0
290 582 6
469 582 0
500 582 1
555 582 2
80 583 1
97 583 1
150 583 1
326 583 0
365 583 1
377 583 2
502 583 1
505 583 0
565 583 1
582 583 2
7 584 1
50 584 1
52 584 0
119 584 0
317 584 0
415 584 0
457 584 1
523 584 0
542 584 1
118 585 2
285 585 0
313 585 0
314 585 2
376 585 0
480 585 1
481 585 0
484 585 0
547 585 3
48 586 0
51 586 0
262 586 0
266 586 0
337 586 0
381 586 0
440 586 2
485 586 0
570 586 0
16 587 3
62 587 2
140 587 0
151 587 0
280 587 0
307 587 1
341 587 4
464 587 4
9 588 0
65 588 1
143 588 0
166 588 1
181 588 0
264 588 0
274 588 3
389 588 1
401 588 0
94 589 0
282 589 0
403 589 0
454 589 3
501 589 0
41 590 0
61 590 0
235 590 1
322 590 1
339 590 0
362 590 0
438 590 1
465 590 0
554 590 1
154 591 0
210 591 2
281 591 1
392 591 1
457 591 4
458 591 2
480 591 1
72 592 0
90 592 2
138 592 1
157 592 0
326 592 1
398 592 0
433 592 0
168 593 0
192 593 0
255 593 2
275 593 0
331 593 0
368 593 0
429 593 2
478 593 1
567 593 1
110 594 0
123 594 0
200 594 0
202 594 0
247 594 1
286 594 0
323 594 1
367 594 0
390 594 3
468 594 0
559 594 0
136 595 1
168 595 1
256 595 0
321 595 1
381 595 0
476 595 0
509 595 0
525 595 0
527 595 0
530 595 0
539 595 0
578 595 0
87 596 0
177 596 1
344 596 1
373 596 0
423 596 1
452 596 0
542 596 0
170 597 0
321 597 0
427 597 0
492 597 1
504 597 3
514 597 0
519 597 0
30 598 0
101 598 0
230 598 0
342 598 1
402 598 0
510 598 0
528 598 0
529 598 0
46 599 1
67 599 1
206 599 0
263 599 0
293 599 0
324 599 0
351 599 4
386 599 4
545 599 4
11 600 0
85 600 1
209 600 1
332 600 2
352 600 3
472 600 0
551 600 0
92 601 2
140 601 0
225 601 2
237 601 0
256 601 1
325 601 3
365 601 1
412 601 2
554 601 0
565 601 3
76 602 1
108 602 1
111 602 0
173 602 2
285 602 2
387 602 0
494 602 0
15 603 1
101 603 0
117 603 2
228 603 2
284 603 0
304 603 0
335 603 0
451 603 0
526 603 0
76 604 1
112 604 0
140 604 2
170 604 0
460 604 0
489 604 0
559 604 3
602 604 1
36 605 0
66 605 0
74 605 0
131 605 0
184 605 0
302 605 0
345 605 1
477 605 0
541 605 2
590 605 1
122 606 0
153 606 0
289 606 0
335 606 1
412 606 0
413 606 1
542 606 0
564 606 0
574 606 1
47 607 1
417 607 2
515 607 3
64 608 0
70 608 1
156 608 0
158 608 2
183 608 1
317 608 0
366 608 1
376 608 2
392 608 0
451 608 2
562 608 0
13 609 0
37 609 1
241 609 0
378 609 1
554 609 2
169 610 0
271 610 0
308 610 0
324 610 0
395 610 2
413 610 0
439 610 0
490 610 1
506 610 2
25 611 2
156 611 0
487 611 0
545 611 1
603 611 2
77 612 0
126 612 0
160 612 2
327 612 0
358 612 0
495 612 0
498 612 1
1 613 0
96 613 0
106 613 0
299 613 1
343 613 1
350 613 0
402 613 1
470 613 1
476 613 0
611 613 2
71 614 1
98 614 1
311 614 0
371 614 0
573 614 3
70 615 0
103 615 1
230 615 2
250 615 2
283 615 1
312 615 1
346 615 0
410 615 1
541 615 0
139 616 0
256 616 1
299 616 0
399 616 0
496 616 2
8 617 1
332 617 2
369 617 0
386 617 3
402 617 0
534 617 3
537 617 2
545 617 2
599 617 2
600 617 3
602 617 2
34 618 0
48 618 0
129 618 1
286 618 1
375 618 1
419 618 0
441 618 2
487 618 1
542 618 0
563 618 0
114 619 0
150 619 2
189 619 0
219 619 1
285 619 1
295 619 0
352 619 0
433 619 0
492 619 4
522 619 0
182 620 0
226 620 2
303 620 0
309 620 0
322 620 0
447 620 2
486 620 5
555 620 0
177 621 0
424 621 2
565 621 0
598 621 3
0 622 3
133 622 0
153 622 0
172 622 0
330 622 0
377 622 0
387 622 0
455 622 3
494 622 3
12 623 1
77 623 1
132 623 0
240 623 0
244 623 0
292 623 0
362 623 0
417 623 2
447 623 2
496 623 1
157 624 2
286 624 1
356 624 2
375 624 1
467 624 1
485 624 1
533 624 1
5 625 0
72 625 0
198 625 2
217 625 0
286 625 2
355 625 2
438 625 0
483 625 1
618 625 1
28 626 0
184 626 1
257 626 0
344 626 0
367 626 0
419 626 1
460 626 1
492 626 3
502 626 2
562 626 0
619 626 4
135 627 0
149 627 0
244 627 0
286 627 2
377 627 0
454 627 1
561 627 0
601 627 0
14 628 0
117 628 0
203 628 4
298 628 0
316 628 1
343 628 0
348 628 1
411 628 0
535 628 5
564 628 4
110 629 3
111 629 1
190 629 0
223 629 0
261 629 0
416 629 3
544 629 0
21 630 0
143 630 0
381 630 0
496 630 0
526 630 0
558 630 0
578 630 2
25 631 1
156 631 1
158 631 0
168 631 1
349 631 0
401 631 2
470 631 3
508 631 0
524 631 0
567 631 1
621 631 0
158 632 1
172 632 3
279 632 1
449 632 0
501 632 0
509 632 4
523 632 0
581 632 0
608 632 1
78 633 0
115 633 0
153 633 2
357 633 3
436 633 1
586 633 1
592 633 2
67 634 0
123 634 0
294 634 2
365 634 1
415 634 0
465 634 4
488 634 1
500 634 0
503 634 0
507 634 0
70 635 0
213 635 0
340 635 0
366 635 0
434 635 0
469 635 0
536 635 2
578 635 1
603 635 0
628 635 2
33 636 0
97 636 0
187 636 0
386 636 1
443 636 1
499 636 0
505 636 2
557 636 0
616 636 0
617 636 1
628 636 0
117 637 0
333 637 1
380 637 0
396 637 1
518 637 2
23 638 0
79 638 2
354 638 0
508 638 0
577 638 0
589 638 1
130 639 0
186 639 1
431 639 0
465 639 3
581 639 0
593 639 0
634 639 5
185 640 0
273 640 0
439 640 2
494 640 0
548 640 2
621 640 2
635 640 0
30 641 0
48 641 0
72 641 1
221 641 0
224 641 0
262 641 0
315 641 0
389 641 1
579 641 1
69 642 1
79 642 0
123 642 0
253 642 1
275 642 1
321 642 0
453 642 0
95 643 3
147 643 0
269 643 2
363 643 1
394 643 2
402 643 0
416 643 2
432 643 0
486 643 3
530 643 1
620 643 2
629 643 3
67 644 0
90 644 0
92 644 0
330 644 1
449 644 1
530 644 3
559 644 0
10 645 0
102 645 0
274 645 0
315 645 0
507 645 2
526 645 0
550 645 0
559 645 0
636 645 0
25 646 1
253 646 1
264 646 3
328 646 3
353 646 0
419 646 3
460 646 1
550 646 0
585 646 0
619 646 3
626 646 5
631 646 1
70 647 0
136 647 1
151 647 1
206 647 0
322 647 0
340 647 0
505 647 4
544 647 0
556 647 3
580 647 0
595 647 1
636 647 3
95 648 0
144 648 2
173 648 2
308 648 0
332 648 1
345 648 0
352 648 2
489 648 0
533 648 3
586 648 0
602 648 3
37 649 1
102 649 0
201 649 1
245 649 1
308 649 1
330 649 0
345 649 0
397 649 1
560 649 0
206 650 2
422 650 0
453 650 0
479 650 0
518 650 0
582 650 0
609 650 0
645 650 0
12 651 0
43 651 0
114 651 2
147 651 0
420 651 0
444 651 1
530 651 1
44 652 2
82 652 0
141 652 0
174 652 0
411 652 1
564 652 1
633 652 0
26 653 0
49 653 0
226 653 1
486 653 4
499 653 1
510 653 1
516 653 0
531 653 2
614 653 0
620 653 6
643 653 4
164 654 0
257 654 0
375 654 1
430 654 2
449 654 1
551 654 1
649 654 3
20 655 0
62 655 0
164 655 0
175 655 1
197 655 0
265 655 0
423 655 0
501 655 1
544 655 1
652 655 1
9 656 0
37 656 1
184 656 0
189 656 0
233 656 0
281 656 0
340 656 0
346 656 0
423 656 1
449 656 0
458 656 1
544 656 2
558 656 2
616 656 0
68 657 1
95 657 1
100 657 1
120 657 0
127 657 0
207 657 0
322 657 1
345 657 0
477 657 1
495 657 2
541 657 3
599 657 0
94 658 0
259 658 0
261 658 0
284 658 1
526 658 0
574 658 0
638 658 3
264 659 2
521 659 1
552 659 0
581 659 2
646 659 4
648 659 1
75 660 1
98 660 0
158 660 0
285 660 1
383 660 1
428 660 0
496 660 0
555 660 0
569 660 1
619 660 1
641 660 0
658 660 3
63 661 0
118 661 0
261 661 2
293 661 1
357 661 0
460 661 0
152 662 0
196 662 1
327 662 0
347 662 2
385 662 1
404 662 2
475 662 0
494 662 0
519 662 0
557 662 1
361 663 2
416 663 2
463 663 0
525 663 0
531 663 1
536 663 0
574 663 1
45 664 0
47 664 0
236 664 1
441 664 1
484 664 4
506 664 2
568 664 0
575 664 0
594 664 0
658 664 0
19 665 1
88 665 0
89 665 0
128 665 0
174 665 0
204 665 0
272 665 1
384 665 4
612 665 1
634 665 4
639 665 4
17 666 1
37 666 1
38 666 0
245 666 1
310 666 0
444 666 0
472 666 2
480 666 1
658 666 0
52 667 1
90 667 1
119 667 1
308 667 0
357 667 1
359 667 1
380 667 0
387 667 0
409 667 1
412 667 0
491 667 0
547 667 0
574 667 1
592 667 3
31 668 0
394 668 0
503 668 1
536 668 2
551 668 1
570 668 0
616 668 2
630 668 1
34 669 0
107 669 0
116 669 2
133 669 0
206 669 0
221 669 1
251 669 0
299 669 0
316 669 0
334 669 0
475 669 1
479 669 0
499 669 0
567 669 2
593 669 2
9 670 1
234 670 0
340 670 3
351 670 2
506 670 1
572 670 0
613 670 0
14 671 0
16 671 0
50 671 0
186 671 0
326 671 4
408 671 2
435 671 0
536 671 1
592 671 1
666 671 4
90 672 2
295 672 2
357 672 2
432 672 0
534 672 1
562 672 0
589 672 0
592 672 3
604 672 0
633 672 4
105 673 1
193 673 0
417 673 3
427 673 2
515 673 3
521 673 0
623 673 1
225 674 0
267 674 3
369 674 0
467 674 0
526 674 0
578 674 1
580 674 1
616 674 0
673 674 0
93 675 0
174 675 1
334 675 2
345 675 3
388 675 2
400 675 3
456 675 0
605 675 2
635 675 0
642 675 0
666 675 0
78 676 1
170 676 0
232 676 2
274 676 0
306 676 1
446 676 1
520 676 1
540 676 2
546 676 0
590 676 0
675 676 0
13 677 0
180 677 1
297 677 3
421 677 4
437 677 6
450 677 0
462 677 0
473 677 1
504 677 1
568 677 4
622 677 5
661 677 1
76 678 1
302 678 0
373 678 0
376 678 0
425 678 0
628 678 3
631 678 0
649 678 0
652 678 4
53 679 0
74 679 0
114 679 0
127 679 4
133 679 0
283 679 0
316 679 2
355 679 0
435 679 4
510 679 0
578 679 0
592 679 1
639 679 3
118 680 2
147 680 0
182 680 3
187 680 2
445 680 4
486 680 2
526 680 1
547 680 4
569 680 1
581 680 0
613 680 0
629 680 0
80 681 0
104 681 3
224 681 1
341 681 1
383 681 0
485 681 1
488 681 3
553 681 1
562 681 1
574 681 0
637 681 4
652 681 0
659 681 0
11 682 0
138 682 0
165 682 0
227 682 0
354 682 0
447 682 0
652 682 5
678 682 5
4 683 2
62 683 1
104 683 0
314 683 0
333 683 0
336 683 0
427 683 2
488 683 2
576 683 2
653 683 0
99 684 0
120 684 2
130 684 3
248 684 0
313 684 0
387 684 0
427 684 4
432 684 3
459 684 1
527 684 0
548 684 0
683 684 2
96 685 0
127 685 3
183 685 0
247 685 0
272 685 1
294 685 2
315 685 1
435 685 4
605 685 1
634 685 5
639 685 3
649 685 0
666 685 0
679 685 5
41 686 1
84 686 0
215 686 2
234 686 0
339 686 0
571 686 1
594 686 1
611 686 0
40 687 0
117 687 0
291 687 0
354 687 0
374 687 3
384 687 4
392 687 2
441 687 0
477 687 1
509 687 0
517 687 1
630 687 0
639 687 3
640 687 1
665 687 5
678 687 0
679 687 3
7 688 0
35 688 0
84 688 0
104 688 1
108 688 0
316 688 0
336 688 0
380 688 1
397 688 0
483 688 0
490 688 0
518 688 1
576 688 3
616 688 0
32 689 2
48 689 1
368 689 1
381 689 0
463 689 0
472 689 1
478 689 1
567 689 0
616 689 0
112 690 0
120 690 1
217 690 2
263 690 0
432 690 3
462 690 0
521 690 0
567 690 0
34 691 1
52 691 0
148 691 2
266 691 1
420 691 3
460 691 2
510 691 4
622 691 0
665 691 0
675 691 0
44 692 1
52 692 0
67 692 0
203 692 1
276 692 2
558 692 0
664 692 0
682 692 5
120 693 2
289 693 0
419 693 0
604 693 0
607 693 2
640 693 0
673 693 2
684 693 3
690 693 6
35 694 0
36 694 1
246 694 2
278 694 2
402 694 0
471 694 1
512 694 1
517 694 2
529 694 0
579 694 1
681 694 0
77 695 2
92 695 1
239 695 3
353 695 4
375 695 0
401 695 1
446 695 1
559 695 1
616 695 0
80 696 1
146 696 3
160 696 0
250 696 0
288 696 1
412 696 2
428 696 0
468 696 2
476 696 4
555 696 4
583 696 3
611 696 0
23 697 0
136 697 1
174 697 1
242 697 0
259 697 0
517 697 0
542 697 0
590 697 2
607 697 1
56 698 0
170 698 0
200 698 2
335 698 1
362 698 3
385 698 0
407 698 2
412 698 1
651 698 2
661 698 1
663 698 0
670 698 3
0 699 0
35 699 0
233 699 0
255 699 0
290 699 1
397 699 0
404 699 0
410 699 1
440 699 3
550 699 0
586 699 2
627 699 0
639 699 2
641 699 2
673 699 0
689 699 0
35 700 0
84 700 2
152 700 0
267 700 0
271 700 0
333 700 1
342 700 1
380 700 0
416 700 0
448 700 0
553 700 2
645 700 0
178 701 1
231 701 3
332 701 0
372 701 1
420 701 4
458 701 0
560 701 0
691 701 4
66 702 0
82 702 0
157 702 2
215 702 1
236 702 0
273 702 0
385 702 0
467 702 2
601 702 0
612 702 5
631 702 1
644 702 1
699 702 0
83 703 0
84 703 1
319 703 2
488 703 3
494 703 0
576 703 2
591 703 1
631 703 0
681 703 2
683 703 4
700 703 3
70 704 0
212 704 0
214 704 1
216 704 3
243 704 0
363 704 2
365 704 1
371 704 0
422 704 1
433 704 1
440 704 1
531 704 1
604 704 3
207 705 0
212 705 1
262 705 0
274 705 0
293 705 1
454 705 0
506 705 0
9 706 1
46 706 0
160 706 0
542 706 1
670 706 2
690 706 0
40 707 1
110 707 2
131 707 0
212 707 0
229 707 0
346 707 1
443 707 0
566 707 0
620 707 3
629 707 4
646 707 0
663 707 3
693 707 1
697 707 0
144 708 2
154 708 0
198 708 0
260 708 1
283 708 1
376 708 0
513 708 0
560 708 0
592 708 0
618 708 0
647 708 1
661 708 3
662 708 0
14 709 2
31 709 0
101 709 0
214 709 1
233 709 0
267 709 4
364 709 0
516 709 1
559 709 3
674 709 4
102 710 2
344 710 3
359 710 0
378 710 0
405 710 1
454 710 0
474 710 1
500 710 1
553 710 0
676 710 0
690 710 1
1 711 0
69 711 0
76 711 0
103 711 1
125 711 1
174 711 2
191 711 1
201 711 0
222 711 0
590 711 2
594 711 0
675 711 2
708 711 1
167 712 3
212 712 3
269 712 1
275 712 0
303 712 0
306 712 0
353 712 3
453 712 4
600 712 0
667 712 0
695 712 6
19 713 0
210 713 0
226 713 1
235 713 0
268 713 3
298 713 3
389 713 1
444 713 0
486 713 2
537 713 0
538 713 0
696 713 1
30 714 0
220 714 1
300 714 2
321 714 0
334 714 0
410 714 1
454 714 0
461 714 0
515 714 0
626 714 0
668 714 1
694 714 0
708 714 3
711 714 1
33 715 0
63 715 1
86 715 0
234 715 0
247 715 1
352 715 0
361 715 2
518 715 1
531 715 2
533 715 0
620 715 3
629 715 2
653 715 3
707 715 4
74 716 0
116 716 0
202 716 0
275 716 1
329 716 2
454 716 2
470 716 0
498 716 0
583 716 2
589 716 1
603 716 1
2 717 0
285 717 0
373 717 2
423 717 0
580 717 5
645 717 2
670 717 2
676 717 0
8 718 2
171 718 0
312 718 0
395 718 0
411 718 0
429 718 1
461 718 0
593 718 2
617 718 1
708 718 0
715 718 0
14 719 0
38 719 0
50 719 0
113 719 0
122 719 1
156 719 0
208 719 0
240 719 0
263 719 0
293 719 0
387 719 1
493 719 0
533 719 0
556 719 0
586 719 1
590 719 1
57 720 1
73 720 0
101 720 1
160 720 0
163 720 0
444 720 1
474 720 1
530 720 2
543 720 1
567 720 0
578 720 0
644 720 2
20 721 0
98 721 0
139 721 0
288 721 0
294 721 0
415 721 0
462 721 1
477 721 1
482 721 0
489 721 2
529 721 2
54 722 0
78 722 0
120 722 0
274 722 1
301 722 2
320 722 0
492 722 2
528 722 4
587 722 0
588 722 4
649 722 0
703 722 0
12 723 1
41 723 1
74 723 0
91 723 0
131 723 0
152 723 1
321 723 0
344 723 1
348 723 0
475 723 1
521 723 3
540 723 0
570 723 2
581 723 0
596 723 3
661 723 0
160 724 1
249 724 0
356 724 0
441 724 3
475 724 1
487 724 5
513 724 1
518 724 0
570 724 2
575 724 2
600 724 0
618 724 2
95 725 2
269 725 2
393 725 3
468 725 0
478 725 1
499 725 2
507 725 0
512 725 0
514 725 0
620 725 2
653 725 5
661 725 0
663 725 3
64 726 1
135 726 0
232 726 1
248 726 2
286 726 0
303 726 2
306 726 1
341 726 0
520 726 3
542 726 0
593 726 1
93 727 0
98 727 1
181 727 2
282 727 0
483 727 3
571 727 3
573 727 3
595 727 0
614 727 4
625 727 1
87 728 0
167 728 1
184 728 3
226 728 1
232 728 0
254 728 0
398 728 5
471 728 2
497 728 0
560 728 3
571 728 1
637 728 0
679 728 0
692 728 0
725 728 0
112 729 0
195 729 1
223 729 0
291 729 0
312 729 0
335 729 0
356 729 0
431 729 0
462 729 0
473 729 0
529 729 0
562 729 0
706 729 1
15 730 3
20 730 2
142 730 0
276 730 3
348 730 2
441 730 0
502 730 0
503 730 0
553 730 0
564 730 2
692 730 4
30 731 2
163 731 2
221 731 0
287 731 1
378 731 2
444 731 1
460 731 0
467 731 0
530 731 2
645 731 0
678 731 0
694 731 0
42 732 0
73 732 1
179 732 0
227 732 2
244 732 0
399 732 1
462 732 1
575 732 2
657 732 0
706 732 2
724 732 1
194 733 1
197 733 0
248 733 1
284 733 0
291 733 2
319 733 3
325 733 0
468 733 1
498 733 0
517 733 0
553 733 3
610 733 0
637 733 2
700 733 4
703 733 4
726 733 2
185 734 2
399 734 2
440 734 1
451 734 0
472 734 0
496 734 0
507 734 2
539 734 1
641 734 1
645 734 3
656 734 1
699 734 2
703 734 0
716 734 0
717 734 2
14 735 1
20 735 1
33 735 2
216 735 2
266 735 0
490 735 0
511 735 0
549 735 3
604 735 2
624 735 0
632 735 2
633 735 0
662 735 0
704 735 3
11 736 1
69 736 2
285 736 2
442 736 2
481 736 2
496 736 0
537 736 5
545 736 1
556 736 2
563 736 0
614 736 0
617 736 4
648 736 2
10 737 2
52 737 0
127 737 1
145 737 0
153 737 2
233 737 2
276 737 1
281 737 0
295 737 2
359 737 0
382 737 2
419 737 0
445 737 0
553 737 0
575 737 0
633 737 2
672 737 4
701 737 1
107 738 1
110 738 0
182 738 0
234 738 2
245 738 2
260 738 1
410 738 2
438 738 2
454 738 1
472 738 3
524 738 1
580 738 0
584 738 0
604 738 0
654 738 2
16 739 0
192 739 1
230 739 2
264 739 0
268 739 2
280 739 0
339 739 0
413 739 0
462 739 0
733 739 1
734 739 0
12 740 0
129 740 2
143 740 2
287 740 1
395 740 2
422 740 0
496 740 1
583 740 0
591 740 0
610 740 3
618 740 1
701 740 2
737 740 1
49 741 0
96 741 1
114 741 2
279 741 1
328 741 0
398 741 3
427 741 1
499 741 1
537 741 0
683 741 1
728 741 3
114 742 0
187 742 1
190 742 1
193 742 0
249 742 0
292 742 2
398 742 0
402 742 1
436 742 0
463 742 0
506 742 0
510 742 0
524 742 1
540 742 1
555 742 0
13 743 0
40 743 0
275 743 1
320 743 0
370 743 1
532 743 0
603 743 2
618 743 1
638 743 5
642 743 1
658 743 3
660 743 2
689 743 0
91 744 0
95 744 0
219 744 0
237 744 3
288 744 0
305 744 3
457 744 5
519 744 1
520 744 0
547 744 4
585 744 3
591 744 3
654 744 1
680 744 4
705 744 0
720 744 0
727 744 1
139 745 2
168 745 0
204 745 0
224 745 0
298 745 4
307 745 0
400 745 1
436 745 0
510 745 1
584 745 0
622 745 0
639 745 0
713 745 5
714 745 0
729 745 0
126 746 3
130 746 3
239 746 1
427 746 2
445 746 1
450 746 0
463 746 3
480 746 2
666 746 1
668 746 1
684 746 5
686 746 0
695 746 1
706 746 0
724 746 1
725 746 0
120 747 1
351 747 0
368 747 0
410 747 1
426 747 0
438 747 1
475 747 1
499 747 1
528 747 0
649 747 2
654 747 2
671 747 4
673 747 0
684 747 1
725 747 1
7 748 0
230 748 2
300 748 0
401 748 0
438 748 0
452 748 0
597 748 4
610 748 0
635 748 1
662 748 1
689 748 0
713 748 3
739 748 6
157 749 0
220 749 1
260 749 1
312 749 1
365 749 2
373 749 0
446 749 0
574 749 0
630 749 0
634 749 1
649 749 0
674 749 0
690 749 0
700 749 0
704 749 2
705 749 5
27 750 0
148 750 3
152 750 1
235 750 2
241 750 0
282 750 2
359 750 0
379 750 0
400 750 2
410 750 0
477 750 2
495 750 3
520 750 0
616 750 0
629 750 1
697 750 3
15 751 3
79 751 1
188 751 0
342 751 0
534 751 2
606 751 1
611 751 1
652 751 4
678 751 5
692 751 4
716 751 0
308 752 1
326 752 1
379 752 2
442 752 2
451 752 2
472 752 3
531 752 0
536 752 1
563 752 1
588 752 0
607 752 0
613 752 0
666 752 4
671 752 5
694 752 0
712 752 0
747 752 4
2 753 1
29 753 0
61 753 2
62 753 0
176 753 0
338 753 0
351 753 1
449 753 2
483 753 2
543 753 0
545 753 3
573 753 5
614 753 3
637 753 0
697 753 0
2 754 0
115 754 1
158 754 0
307 754 2
311 754 1
361 754 0
498 754 4
516 754 0
527 754 1
554 754 0
566 754 2
662 754 2
692 754 0
65 755 3
274 755 1
325 755 0
338 755 4
419 755 1
429 755 1
568 755 0
581 755 2
588 755 4
614 755 1
640 755 1
687 755 2
725 755 0
55 756 1
68 756 0
112 756 1
135 756 1
146 756 2
171 756 0
277 756 0
459 756 0
476 756 3
522 756 0
582 756 4
583 756 3
594 756 0
689 756 1
691 756 0
696 756 6
706 756 3
1 757 1
218 757 1
401 757 1
421 757 1
427 757 0
591 757 0
598 757 2
620 757 1
634 757 1
639 757 1
640 757 4
688 757 0
717 757 0
18 758 0
76 758 1
79 758 1
117 758 0
129 758 0
252 758 0
361 758 0
363 758 1
430 758 1
501 758 0
584 758 0
586 758 0
652 758 4
682 758 6
704 758 1
730 758 3
752 758 0
94 759 0
328 759 0
440 759 0
542 759 1
607 759 3
675 759 0
695 759 0
718 759 4
729 759 2
740 759 0
757 759 0
182 760 0
360 760 0
389 760 0
402 760 0
417 760 3
423 760 0
432 760 3
469 760 0
515 760 3
607 760 4
690 760 5
693 760 6
709 760 0
719 760 0
735 760 0
746 760 3
79 761 1
102 761 1
139 761 1
186 761 0
300 761 0
304 761 1
309 761 0
510 761 1
513 761 0
516 761 0
627 761 1
638 761 2
660 761 2
697 761 1
710 761 2
716 761 1
738 761 0
4 762 0
42 762 1
75 762 0
83 762 0
133 762 1
169 762 1
244 762 3
266 762 0
401 762 0
428 762 2
458 762 2
501 762 1
598 762 1
662 762 0
741 762 0
135 763 1
183 763 1
232 763 2
327 763 2
350 763 0
366 763 2
376 763 1
401 763 1
419 763 0
479 763 0
503 763 0
562 763 0
604 763 0
673 763 0
676 763 1
695 763 1
6 764 1
79 764 1
145 764 1
165 764 0
175 764 1
211 764 0
287 764 0
288 764 1
337 764 0
481 764 0
523 764 2
533 764 0
558 764 0
572 764 3
638 764 1
650 764 0
655 764 2
754 764 0
755 764 0
107 765 3
210 765 0
219 765 1
329 765 3
454 765 4
503 765 0
627 765 3
642 765 0
660 765 2
693 765 0
738 765 2
82 766 1
144 766 1
164 766 0
233 766 0
305 766 0
369 766 1
465 766 0
490 766 1
638 766 0
648 766 1
21 767 3
93 767 1
191 767 1
226 767 0
259 767 1
323 767 1
417 767 1
475 767 2
521 767 3
580 767 1
597 767 0
683 767 2
686 767 2
723 767 3
96 768 1
105 768 0
156 768 0
162 768 0
325 768 4
331 768 1
337 768 0
468 768 2
476 768 4
555 768 3
557 768 0
565 768 4
601 768 4
646 768 0
696 768 6
756 768 4
63 769 0
104 769 1
243 769 2
313 769 0
380 769 1
392 769 0
418 769 2
428 769 4
438 769 0
502 769 0
572 769 3
596 769 3
648 769 0
681 769 1
717 769 0
278 770 1
310 770 0
332 770 0
403 770 0
439 770 3
524 770 0
548 770 4
640 770 5
668 770 1
670 770 1
697 770 0
723 770 1
733 770 0
757 770 4
758 770 1
126 771 0
174 771 0
223 771 1
229 771 0
236 771 1
306 771 0
391 771 2
458 771 0
482 771 3
520 771 1
549 771 1
698 771 2
700 771 0
740 771 2
756 771 0
61 772 1
302 772 3
396 772 0
483 772 4
493 772 0
571 772 3
573 772 3
599 772 3
621 772 0
655 772 1
680 772 1
727 772 6
736 772 0
753 772 5
94 773 0
328 773 1
431 773 0
502 773 1
528 773 4
588 773 3
595 773 0
596 773 0
661 773 1
677 773 2
722 773 5
755 773 4
8 774 0
202 774 2
235 774 0
248 774 2
355 774 0
366 774 4
406 774 2
431 774 0
443 774 1
520 774 2
540 774 1
585 774 1
735 774 0
739 774 0
763 774 3
146 775 2
166 775 0
290 775 3
338 775 1
341 775 0
365 775 1
377 775 1
420 775 0
490 775 0
543 775 0
555 775 4
565 775 2
582 775 4
615 775 0
638 775 0
645 775 0
689 775 1
692 775 0
696 775 5
723 775 1
756 775 6
768 775 6
73 776 1
217 776 2
373 776 0
417 776 3
427 776 1
463 776 3
572 776 0
592 776 0
659 776 0
673 776 6
690 776 6
693 776 5
760 776 5
766 776 1
771 776 0
96 777 0
158 777 2
176 777 2
183 777 1
366 777 2
376 777 4
383 777 0
512 777 2
608 777 6
614 777 0
637 777 1
743 777 1
774 777 3
13 778 2
77 778 2
175 778 0
250 778 1
324 778 2
353 778 3
450 778 0
516 778 2
562 778 0
695 778 8
703 778 0
707 778 0
712 778 8
718 778 0
31 779 0
36 779 0
40 779 1
57 779 0
273 779 2
278 779 0
284 779 1
317 779 1
329 779 2
405 779 2
579 779 0
589 779 2
627 779 3
715 779 0
734 779 1
748 779 1
750 779 0
765 779 3
772 779 1
17 780 1
21 780 2
195 780 0
257 780 1
331 780 1
367 780 1
389 780 0
430 780 0
442 780 1
448 780 1
551 780 2
568 780 0
587 780 0
646 780 0
666 780 4
747 780 4
752 780 5
767 780 1
141 781 0
179 781 0
195 781 1
261 781 2
288 781 0
414 781 2
479 781 3
533 781 0
543 781 1
573 781 0
611 781 0
638 781 0
644 781 0
714 781 2
729 781 2
4 782 2
26 782 3
55 782 0
90 782 1
110 782 1
319 782 2
380 782 0
562 782 2
593 782 1
613 782 0
619 782 0
629 782 1
648 782 0
658 782 0
683 782 4
684 782 1
694 782 0
703 782 4
705 782 0
706 782 0
718 782 1
733 782 4
188 783 0
191 783 0
215 783 1
328 783 0
346 783 1
447 783 1
536 783 0
568 783 0
570 783 3
573 783 0
609 783 0
620 783 1
625 783 0
630 783 0
647 783 1
686 783 3
697 783 0
724 783 1
728 783 1
0 784 0
29 784 1
31 784 1
60 784 0
147 784 0
171 784 0
176 784 1
181 784 0
357 784 1
388 784 0
400 784 0
517 784 0
529 784 0
580 784 4
630 784 0
635 784 1
642 784 1
674 784 2
767 784 2
141 785 1
240 785 0
241 785 0
276 785 1
344 785 1
394 785 1
426 785 3
590 785 0
621 785 0
643 785 1
678 785 6
682 785 6
722 785 0
751 785 5
758 785 5
145 786 1
203 786 0
299 786 0
352 786 0
450 786 3
466 786 0
500 786 1
522 786 0
572 786 3
596 786 1
644 786 0
650 786 0
655 786 2
701 786 0
704 786 0
760 786 1
762 786 2
777 786 1
51 787 1
283 787 0
304 787 1
337 787 2
376 787 0
456 787 0
547 787 0
564 787 1
584 787 4
593 787 1
605 787 0
699 787 2
720 787 1
154 788 2
166 788 0
184 788 1
203 788 0
361 788 0
362 788 3
490 788 0
552 788 5
589 788 4
670 788 3
683 788 0
714 788 0
728 788 1
771 788 3
58 789 1
124 789 2
177 789 0
188 789 0
346 789 0
419 789 0
427 789 0
491 789 5
498 789 4
514 789 3
533 789 0
557 789 2
651 789 0
664 789 0
676 789 1
754 789 4
59 790 3
61 790 0
148 790 1
258 790 3
315 790 0
350 790 0
375 790 0
444 790 1
521 790 0
560 790 3
691 790 2
741 790 3
764 790 0
768 790 1
775 790 1
39 791 3
51 791 1
287 791 1
350 791 1
380 791 0
391 791 2
484 791 1
525 791 3
550 791 1
610 791 1
690 791 0
717 791 3
734 791 1
735 791 1
741 791 1
771 791 4
788 791 3
39 792 0
107 792 1
150 792 0
182 792 1
273 792 1
339 792 0
352 792 1
393 792 0
405 792 1
467 792 1
589 792 2
627 792 3
629 792 1
704 792 1
743 792 2
749 792 1
761 792 2
779 792 5
788 792 1
16 793 3
32 793 3
124 793 2
216 793 1
224 793 3
252 793 2
254 793 0
275 793 1
299 793 0
321 793 0
405 793 0
411 793 1
456 793 0
464 793 4
469 793 4
478 793 1
545 793 0
587 793 5
624 793 0
731 793 0
168 794 3
218 794 0
249 794 3
321 794 1
359 794 0
390 794 2
428 794 1
467 794 0
503 794 0
526 794 1
556 794 0
583 794 0
595 794 3
622 794 0
664 794 0
717 794 3
127 795 0
170 795 0
214 795 0
262 795 1
265 795 3
382 795 0
421 795 0
460 795 4
515 795 2
535 795 1
546 795 4
550 795 2
691 795 5
770 795 0
772 795 1
788 795 0
16 796 0
30 796 0
78 796 0
114 796 2
125 796 1
155 796 0
258 796 1
330 796 1
435 796 0
471 796 0
651 796 3
710 796 0
711 796 1
723 796 0
741 796 5
745 796 1
769 796 0
785 796 0
790 796 5
48 797 0
75 797 0
89 797 0
223 797 0
229 797 2
266 797 3
327 797 0
513 797 4
678 797 1
754 797 0
755 797 3
785 797 1
35 798 0
143 798 3
225 798 0
248 798 0
274 798 0
464 798 0
490 798 2
532 798 1
538 798 4
610 798 4
698 798 3
706 798 1
717 798 1
740 798 5
753 798 1
756 798 1
35 799 0
261 799 1
301 799 0
333 799 0
368 799 0
371 799 1
411 799 1
429 799 1
440 799 3
478 799 3
507 799 0
513 799 2
514 799 2
550 799 1
552 799 1
557 799 1
584 799 2
719 799 1
13 800 1
73 800 1
89 800 2
151 800 0
167 800 3
179 800 0
212 800 2
313 800 0
395 800 0
453 800 2
561 800 0
573 800 0
598 800 0
601 800 0
663 800 0
695 800 4
712 800 6
734 800 0
776 800 2
778 800 5
106 801 0
164 801 2
499 801 0
514 801 1
540 801 0
605 801 0
650 801 4
718 801 2
751 801 0
759 801 3
788 801 0
6 802 0
42 802 1
123 802 0
133 802 1
150 802 0
182 802 0
230 802 0
244 802 1
334 802 0
338 802 0
462 802 0
505 802 0
572 802 2
576 802 0
655 802 1
672 802 0
769 802 2
786 802 4
101 803 1
222 803 3
270 803 1
324 803 1
451 803 2
509 803 0
514 803 1
519 803 0
520 803 2
540 803 3
580 803 0
608 803 2
625 803 0
645 803 0
676 803 4
696 803 0
720 803 1
777 803 2
778 803 3
785 803 1
222 804 2
232 804 1
292 804 1
306 804 2
376 804 2
403 804 0
416 804 0
436 804 1
446 804 3
492 804 1
512 804 2
596 804 1
655 804 0
676 804 4
685 804 3
774 804 2
777 804 5
778 804 2
803 804 5
72 805 0
81 805 3
218 805 0
225 805 0
272 805 1
349 805 0
370 805 1
405 805 0
460 805 4
489 805 0
546 805 5
634 805 0
651 805 1
776 805 4
795 805 7
797 805 7
800 805 1
3 806 0
46 806 0
49 806 0
76 806 0
226 806 0
342 806 1
343 806 1
383 806 1
402 806 2
452 806 1
471 806 1
496 806 0
500 806 1
553 806 0
574 806 3
720 806 0
779 806 0
32 807 0
35 807 0
110 807 3
115 807 1
256 807 0
315 807 0
361 807 2
416 807 2
485 807 0
486 807 4
519 807 0
531 807 2
588 807 0
620 807 4
629 807 4
701 807 0
707 807 6
713 807 3
715 807 6
16 808 0
72 808 1
257 808 0
272 808 0
277 808 1
342 808 1
459 808 1
493 808 2
500 808 1
581 808 0
606 808 2
630 808 0
683 808 0
713 808 1
733 808 0
742 808 3
807 808 1
155 809 0
166 809 1
168 809 3
203 809 1
249 809 2
316 809 2
430 809 1
535 809 1
560 809 0
628 809 4
635 809 3
642 809 2
674 809 1
710 809 0
722 809 0
734 809 1
794 809 3
180 810 3
184 810 1
199 810 0
499 810 0
520 810 0
597 810 5
618 810 0
629 810 1
643 810 2
664 810 0
713 810 5
739 810 6
742 810 0
745 810 7
748 810 8
755 810 2
790 810 0
797 810 2
18 811 1
31 811 0
72 811 2
116 811 1
122 811 1
221 811 1
305 811 0
373 811 1
384 811 1
418 811 0
434 811 0
473 811 1
541 811 1
548 811 0
590 811 1
679 811 1
689 811 2
719 811 3
751 811 0
796 811 1
803 811 0
104 812 2
137 812 2
188 812 1
247 812 0
259 812 1
406 812 4
426 812 0
433 812 0
546 812 1
570 812 3
665 812 0
672 812 0
735 812 0
773 812 0
793 812 1
794 812 0
807 812 0
5 813 1
63 813 1
157 813 0
190 813 0
198 813 0
361 813 3
377 813 0
416 813 3
486 813 4
500 813 0
563 813 1
620 813 5
648 813 0
653 813 5
663 813 6
664 813 0
667 813 1
707 813 5
725 813 5
762 813 0
807 813 6
49 814 0
65 814 1
121 814 0
134 814 0
198 814 0
254 814 2
303 814 0
502 814 1
503 814 0
528 814 4
593 814 0
626 814 3
646 814 4
659 814 4
686 814 1
711 814 1
722 814 2
751 814 1
755 814 2
3 815 1
117 815 1
183 815 0
186 815 1
193 815 0
237 815 0
371 815 0
384 815 0
459 815 2
569 815 0
603 815 2
611 815 2
631 815 2
639 815 2
641 815 0
700 815 0
750 815 1
65 816 0
99 816 0
185 816 1
256 816 0
265 816 0
284 816 0
340 816 0
373 816 2
381 816 0
396 816 0
539 816 0
563 816 0
624 816 1
642 816 0
652 816 0
653 816 0
661 816 0
668 816 0
669 816 0
674 816 0
686 816 0
717 816 3
794 816 1
166 817 1
192 817 0
235 817 0
261 817 3
309 817 1
439 817 1
508 817 3
600 817 0
661 817 4
729 817 2
751 817 1
778 817 2
781 817 6
789 817 0
804 817 1
125 818 0
374 818 2
384 818 3
387 818 2
435 818 3
465 818 4
524 818 1
605 818 2
612 818 2
634 818 5
639 818 6
665 818 8
685 818 6
687 818 5
738 818 2
762 818 1
795 818 0
802 818 0
10 819 3
11 819 0
233 819 2
240 819 2
250 819 0
295 819 3
298 819 1
344 819 0
363 819 0
382 819 4
394 819 0
436 819 1
438 819 0
513 819 0
520 819 0
592 819 3
667 819 2
672 819 4
695 819 0
737 819 5
760 819 0
765 819 0
781 819 0
22 820 1
27 820 0
186 820 0
214 820 0
241 820 0
404 820 0
487 820 0
496 820 1
507 820 1
555 820 1
579 820 1
580 820 3
608 820 0
616 820 3
666 820 1
668 820 2
717 820 2
726 820 0
765 820 0
784 820 1
787 820 0
809 820 2
32 821 1
129 821 0
148 821 1
246 821 0
310 821 3
369 821 1
495 821 0
536 821 0
542 821 1
575 821 0
650 821 4
689 821 2
691 821 1
176 822 2
177 822 0
309 822 0
345 822 0
376 822 1
402 822 0
445 822 0
464 822 0
495 822 0
536 822 3
595 822 1
616 822 2
642 822 2
645 822 2
668 822 4
754 822 0
776 822 1
777 822 3
788 822 0
794 822 2
809 822 6
820 822 4
28 823 3
38 823 0
64 823 0
115 823 3
243 823 0
376 823 1
380 823 0
420 823 0
421 823 4
422 823 3
437 823 5
494 823 3
502 823 0
568 823 5
607 823 0
622 823 5
644 823 0
649 823 1
677 823 7
706 823 0
766 823 0
806 823 0
38 824 0
60 824 0
92 824 0
119 824 0
128 824 0
206 824 1
258 824 0
332 824 0
349 824 0
354 824 0
473 824 0
529 824 4
563 824 1
668 824 0
721 824 4
759 824 2
772 824 1
776 824 0
795 824 2
74 825 0
80 825 0
163 825 0
172 825 1
220 825 1
250 825 3
451 825 0
497 825 2
508 825 3
580 825 0
615 825 4
618 825 0
661 825 4
678 825 0
698 825 2
713 825 0
749 825 4
753 825 0
778 825 2
817 825 6
82 826 0
101 826 0
106 826 0
194 826 0
339 826 0
390 826 2
436 826 0
443 826 0
454 826 1
482 826 0
521 826 2
570 826 4
589 826 1
594 826 2
600 826 0
622 826 0
628 826 1
635 826 1
706 826 0
767 826 3
795 826 0
812 826 3
4 827 0
23 827 0
181 827 2
209 827 1
271 827 2
310 827 0
364 827 1
386 827 2
483 827 3
545 827 4
571 827 3
599 827 5
614 827 3
672 827 0
699 827 0
716 827 0
727 827 6
753 827 5
772 827 6
774 827 0
173 828 0
265 828 3
273 828 1
380 828 2
420 828 3
423 828 0
428 828 1
430 828 4
487 828 0
525 828 0
546 828 4
570 828 0
605 828 0
701 828 4
709 828 1
767 828 2
769 828 2
784 828 1
797 828 6
805 828 7
67 829 0
116 829 2
149 829 1
169 829 1
262 829 0
325 829 0
389 829 1
541 829 1
549 829 0
584 829 4
600 829 0
612 829 1
626 829 0
632 829 1
654 829 0
669 829 3
719 829 2
787 829 4
799 829 4
17 830 1
55 830 1
92 830 1
96 830 1
104 830 0
112 830 2
225 830 2
290 830 2
325 830 2
328 830 0
365 830 1
377 830 3
389 830 0
412 830 3
424 830 3
426 830 0
508 830 0
582 830 3
589 830 0
645 830 0
763 830 0
768 830 3
797 830 1
87 831 0
127 831 4
238 831 2
291 831 1
294 831 1
361 831 0
392 831 3
393 831 0
435 831 5
464 831 0
465 831 5
481 831 0
630 831 0
639 831 5
665 831 4
679 831 5
746 831 1
748 831 0
752 831 0
818 831 6
3 832 0
75 832 1
220 832 1
281 832 2
317 832 1
321 832 0
329 832 4
414 832 0
534 832 0
569 832 3
578 832 1
591 832 2
607 832 1
630 832 1
710 832 1
716 832 3
739 832 1
743 832 3
759 832 1
792 832 2
77 833 0
134 833 1
196 833 0
273 833 1
275 833 2
292 833 0
407 833 0
430 833 2
506 833 0
569 833 5
589 833 1
690 833 0
707 833 3
758 833 2
761 833 3
770 833 1
809 833 1
832 833 4
7 834 0
85 834 1
278 834 3
433 834 0
455 834 2
548 834 5
570 834 1
603 834 2
609 834 2
617 834 0
674 834 0
694 834 4
712 834 1
743 834 3
744 834 0
757 834 4
763 834 0
770 834 6
819 834 0
13 835 0
94 835 0
198 835 0
260 835 0
378 835 1
431 835 3
522 835 0
543 835 1
560 835 3
572 835 0
602 835 0
651 835 3
690 835 1
693 835 1
717 835 0
720 835 3
741 835 4
747 835 2
780 835 2
787 835 2
790 835 4
824 835 0
832 835 0
234 836 3
245 836 2
257 836 2
296 836 1
319 836 0
329 836 2
337 836 0
370 836 0
409 836 1
451 836 1
472 836 3
475 836 3
551 836 2
563 836 1
591 836 1
652 836 0
701 836 1
738 836 5
747 836 4
748 836 1
752 836 6
780 836 6
832 836 3
37 837 3
85 837 1
154 837 1
308 837 2
326 837 2
379 837 4
410 837 1
421 837 0
467 837 0
475 837 2
549 837 0
609 837 1
633 837 0
654 837 3
671 837 4
697 837 1
727 837 2
744 837 2
761 837 1
780 837 2
1 838 2
36 838 2
116 838 0
128 838 1
142 838 0
170 838 2
207 838 0
248 838 0
372 838 2
442 838 0
472 838 0
510 838 0
555 838 2
618 838 2
743 838 2
791 838 0
816 838 1
820 838 2
834 838 5
29 839 0
199 839 1
253 839 0
280 839 0
315 839 2
373 839 0
382 839 0
425 839 1
552 839 0
557 839 0
578 839 3
630 839 2
637 839 1
668 839 1
674 839 1
681 839 1
685 839 3
725 839 0
734 839 0
742 839 0
760 839 0
773 839 1
804 839 1
818 839 1
821 839 0
64 840 0
115 840 1
304 840 0
307 840 4
354 840 1
374 840 0
404 840 2
448 840 2
452 840 0
468 840 0
479 840 0
486 840 2
491 840 3
557 840 2
567 840 1
577 840 0
581 840 0
631 840 1
641 840 0
654 840 0
662 840 4
663 840 0
754 840 5
789 840 6
798 840 1
10 841 2
77 841 0
90 841 1
119 841 1
138 841 1
153 841 1
186 841 1
213 841 0
240 841 2
287 841 1
351 841 0
357 841 3
382 841 3
424 841 1
556 841 3
560 841 0
633 841 4
666 841 0
672 841 4
736 841 1
739 841 2
819 841 6
821 841 1
3 842 1
101 842 1
218 842 1
275 842 0
311 842 0
321 842 0
343 842 3
357 842 0
366 842 1
444 842 0
493 842 2
500 842 3
514 842 1
547 842 0
582 842 3
606 842 2
632 842 0
693 842 2
760 842 3
774 842 2
786 842 2
801 842 1
808 842 5
815 842 2
830 842 1
5 843 1
66 843 1
83 843 2
93 843 0
159 843 0
190 843 0
211 843 0
252 843 0
374 843 0
569 843 1
576 843 1
621 843 0
673 843 2
706 843 4
732 843 5
752 843 0
766 843 3
776 843 3
786 843 0
832 843 1
29 844 1
251 844 0
315 844 0
323 844 1
379 844 0
381 844 1
390 844 3
397 844 0
415 844 2
435 844 2
445 844 0
578 844 2
580 844 3
616 844 0
635 844 3
702 844 1
717 844 4
784 844 4
794 844 4
817 844 0
824 844 0
830 844 0
831 844 2
3 845 0
24 845 3
67 845 1
71 845 2
75 845 0
242 845 2
243 845 1
271 845 3
302 845 2
343 845 0
358 845 3
369 845 0
374 845 0
386 845 3
426 845 0
449 845 4
505 845 0
573 845 2
664 845 0
693 845 0
753 845 4
754 845 0
798 845 1
839 845 0
85 846 2
130 846 0
142 846 1
196 846 1
219 846 1
252 846 0
311 846 3
347 846 1
354 846 1
379 846 0
397 846 1
408 846 0
418 846 1
466 846 3
491 846 3
514 846 2
551 846 0
576 846 0
621 846 0
662 846 3
691 846 0
705 846 1
736 846 0
754 846 4
789 846 4
816 846 0
46 847 3
56 847 2
89 847 2
92 847 1
113 847 3
132 847 4
141 847 2
239 847 2
314 847 0
526 847 1
543 847 1
548 847 1
610 847 0
695 847 6
773 847 4
778 847 6
794 847 1
800 847 4
801 847 2
21 848 2
53 848 0
111 848 1
143 848 1
162 848 0
223 848 3
287 848 1
340 848 2
506 848 3
538 848 3
589 848 1
610 848 2
634 848 0
668 848 1
670 848 5
715 848 0
735 848 1
745 848 1
767 848 1
771 848 2
788 848 4
796 848 1
798 848 4
814 848 0
30 849 0
144 849 0
489 849 2
500 849 2
508 849 1
531 849 0
623 849 0
644 849 1
658 849 1
676 849 1
678 849 0
718 849 2
726 849 1
729 849 2
732 849 3
801 849 5
821 849 4
843 849 4
37 850 1
45 850 0
109 850 1
250 850 4
263 850 0
283 850 2
353 850 1
372 850 0
382 850 0
414 850 3
424 850 0
431 850 1
592 850 0
615 850 4
650 850 0
705 850 5
716 850 0
725 850 0
727 850 1
749 850 4
781 850 4
817 850 4
825 850 6
837 850 3
4 851 0
58 851 1
128 851 1
223 851 1
325 851 0
372 851 3
414 851 0
424 851 2
545 851 0
598 851 4
609 851 4
638 851 0
682 851 1
730 851 1
741 851 3
770 851 4
790 851 2
796 851 3
801 851 0
59 852 0
175 852 0
190 852 4
210 852 3
237 852 3
248 852 0
288 852 1
301 852 0
305 852 3
314 852 3
358 852 0
457 852 4
480 852 3
492 852 0
547 852 3
585 852 5
591 852 6
602 852 0
606 852 1
696 852 1
703 852 1
825 852 1
111 853 1
136 853 0
147 853 2
307 853 4
314 853 0
331 853 3
347 853 1
363 853 0
385 853 1
397 853 4
401 853 0
432 853 0
456 853 3
466 853 1
483 853 0
486 853 1
514 853 3
532 853 0
596 853 0
676 853 2
781 853 0
789 853 5
803 853 2
810 853 0
840 853 5
848 853 2
12 854 0
47 854 0
268 854 0
284 854 0
288 854 0
304 854 1
344 854 4
419 854 0
569 854 2
627 854 2
632 854 0
638 854 3
667 854 0
675 854 0
710 854 4
731 854 0
743 854 3
771 854 0
784 854 0
785 854 1
792 854 3
808 854 0
817 854 0
833 854 4
837 854 0
26 855 2
104 855 3
187 855 0
199 855 0
291 855 2
396 855 2
468 855 2
488 855 3
555 855 0
576 855 3
637 855 4
649 855 0
655 855 0
677 855 1
681 855 4
688 855 3
700 855 2
709 855 0
733 855 6
737 855 1
741 855 0
782 855 3
812 855 3
829 855 1
843 855 1
56 856 0
80 856 0
126 856 2
130 856 2
162 856 2
217 856 0
305 856 1
365 856 0
411 856 0
427 856 4
432 856 4
497 856 1
515 856 4
528 856 1
578 856 1
668 856 2
673 856 4
684 856 4
703 856 0
746 856 7
760 856 3
770 856 2
791 856 1
826 856 0
851 856 1
27 857 0
175 857 0
228 857 0
297 857 1
344 857 3
442 857 1
451 857 1
499 857 0
569 857 2
583 857 1
627 857 2
638 857 5
644 857 0
658 857 4
710 857 4
716 857 3
721 857 0
752 857 2
797 857 0
802 857 0
833 857 6
854 857 8
18 858 0
110 858 0
145 858 0
151 858 1
152 858 1
183 858 0
279 858 1
366 858 0
367 858 0
406 858 5
522 858 0
560 858 0
611 858 0
623 858 4
632 858 1
765 858 0
783 858 1
791 858 1
808 858 1
812 858 6
826 858 4
830 858 0
2 859 1
4 859 0
9 859 0
111 859 0
118 859 3
182 859 3
190 859 2
237 859 3
305 859 3
353 859 0
369 859 0
392 859 2
406 859 0
445 859 2
457 859 4
585 859 4
591 859 5
680 859 5
722 859 1
744 859 7
792 859 1
840 859 0
852 859 7
15 860 3
182 860 3
187 860 3
190 860 3
237 860 3
282 860 1
295 860 0
305 860 4
314 860 2
354 860 0
392 860 0
416 860 0
445 860 4
457 860 3
480 860 3
486 860 1
519 860 1
547 860 5
603 860 1
680 860 7
730 860 1
744 860 7
751 860 2
806 860 2
809 860 0
845 860 0
852 860 8
19 861 0
31 861 0
34 861 0
76 861 0
122 861 0
145 861 0
213 861 4
229 861 3
231 861 2
257 861 0
299 861 3
445 861 0
460 861 3
609 861 1
687 861 1
738 861 0
755 861 2
776 861 3
797 861 9
801 861 2
805 861 9
828 861 6
829 861 0
27 862 2
42 862 0
71 862 0
126 862 0
132 862 0
172 862 3
207 862 0
214 862 1
216 862 2
264 862 1
291 862 1
364 862 1
448 862 0
456 862 0
509 862 4
549 862 2
559 862 2
604 862 4
632 862 5
704 862 5
726 862 0
734 862 0
799 862 2
831 862 3
17 863 1
173 863 0
180 863 3
230 863 3
246 863 0
298 863 4
398 863 0
416 863 0
474 863 4
475 863 0
528 863 0
565 863 1
597 863 3
614 863 0
615 863 2
682 863 2
713 863 4
716 863 0
730 863 1
739 863 7
745 863 7
787 863 1
810 863 9
830 863 1
835 863 2
851 863 2
2 864 0
39 864 0
156 864 0
178 864 0
296 864 2
300 864 2
312 864 1
323 864 0
479 864 2
497 864 1
640 864 1
675 864 1
705 864 5
714 864 3
775 864 0
780 864 0
817 864 6
825 864 5
846 864 1
849 864 1
850 864 5
852 864 1
105 865 3
127 865 1
162 865 3
180 865 1
197 865 1
222 865 1
432 865 4
454 865 0
463 865 4
515 865 5
526 865 1
527 865 0
576 865 0
607 865 3
673 865 5
680 865 1
690 865 4
741 865 0
746 865 5
776 865 5
780 865 0
831 865 2
849 865 2
852 865 1
856 865 5
50 866 0
144 866 2
189 866 0
241 866 0
260 866 1
289 866 0
296 866 3
300 866 1
312 866 1
428 866 2
469 866 1
508 866 5
661 866 5
769 866 1
781 866 3
786 866 0
825 866 4
847 866 1
183 867 3
198 867 1
202 867 2
232 867 2
248 867 2
270 867 1
327 867 3
484 867 1
512 867 2
519 867 1
520 867 4
576 867 0
616 867 0
620 867 0
671 867 1
726 867 5
747 867 1
763 867 5
770 867 0
772 867 0
774 867 5
789 867 1
794 867 1
849 867 2
21 868 0
108 868 0
120 868 0
125 868 1
206 868 2
307 868 1
360 868 1
373 868 0
388 868 1
500 868 1
547 868 0
633 868 2
644 868 1
650 868 5
729 868 3
801 868 8
824 868 5
849 868 7
853 868 1
855 868 1
863 868 0
77 869 1
144 869 2
158 869 0
159 869 0
201 869 0
283 869 0
296 869 1
300 869 2
309 869 2
314 869 0
371 869 0
396 869 1
477 869 0
479 869 3
535 869 1
553 869 0
586 869 0
623 869 2
671 869 0
705 869 3
714 869 5
755 869 0
765 869 1
781 869 5
808 869 0
817 869 3
55 870 1
59 870 1
115 870 0
125 870 2
167 870 3
258 870 4
279 870 2
293 870 0
320 870 2
336 870 2
378 870 1
431 870 2
473 870 2
501 870 0
560 870 4
581 870 0
586 870 0
628 870 0
720 870 2
728 870 5
779 870 0
783 870 1
786 870 1
790 870 4
800 870 1
802 870 1
833 870 0
838 870 0
3 871 0
27 871 3
160 871 0
172 871 4
200 871 0
239 871 0
267 871 3
359 871 0
363 871 2
369 871 0
396 871 0
433 871 3
495 871 0
509 871 5
574 871 0
604 871 3
632 871 6
709 871 5
719 871 1
827 871 0
839 871 0
862 871 7
865 871 1
23 872 2
41 872 0
69 872 3
126 872 0
138 872 0
209 872 1
285 872 3
318 872 2
352 872 4
358 872 0
386 872 1
424 872 0
451 872 0
533 872 3
534 872 3
600 872 4
602 872 4
617 872 6
642 872 1
648 872 4
736 872 4
751 872 1
763 872 0
792 872 1
793 872 0
824 872 0
861 872 0
871 872 1
6 873 1
87 873 1
122 873 0
157 873 1
244 873 2
259 873 0
371 873 1
377 873 0
408 873 3
418 873 2
551 873 0
569 873 2
572 873 5
624 873 1
628 873 0
655 873 2
656 873 2
671 873 1
680 873 1
715 873 1
762 873 3
764 873 4
766 873 1
769 873 4
786 873 4
792 873 0
799 873 4
833 873 1
862 873 1
145 874 0
183 874 1
192 874 0
198 874 4
253 874 1
263 874 2
321 874 0
414 874 0
439 874 0
441 874 4
487 874 4
612 874 4
617 874 0
625 874 5
702 874 6
724 874 4
800 874 0
854 874 1
862 874 0
865 874 0
867 874 3
83 875 0
119 875 1
131 875 1
137 875 0
277 875 0
283 875 1
284 875 0
320 875 0
370 875 0
388 875 0
476 875 0
545 875 0
556 875 1
570 875 2
623 875 2
636 875 2
637 875 2
647 875 3
686 875 2
758 875 0
772 875 1
777 875 1
783 875 4
814 875 1
826 875 2
858 875 5
195 876 0
290 876 0
384 876 2
410 876 2
414 876 3
469 876 2
501 876 2
508 876 5
544 876 2
593 876 0
600 876 0
615 876 5
637 876 2
705 876 5
714 876 4
749 876 5
785 876 1
811 876 1
825 876 6
850 876 7
853 876 0
859 876 0
866 876 6
869 876 5
150 877 3
205 877 0
223 877 0
258 877 0
301 877 2
413 877 4
478 877 0
480 877 0
492 877 5
521 877 1
528 877 5
619 877 7
621 877 0
626 877 5
646 877 5
659 877 7
691 877 0
693 877 1
773 877 4
814 877 5
817 877 2
838 877 0
856 877 1
864 877 2
21 878 4
37 878 3
201 878 1
249 878 1
397 878 2
407 878 0
409 878 1
414 878 1
475 878 4
523 878 1
551 878 5
556 878 0
571 878 0
599 878 0
605 878 1
649 878 6
654 878 5
666 878 5
668 878 2
671 878 4
703 878 0
725 878 0
738 878 4
754 878 0
780 878 6
836 878 6
837 878 7
848 878 3
853 878 2
124 879 1
211 879 3
218 879 0
351 879 0
378 879 0
397 879 1
474 879 3
504 879 5
534 879 0
597 879 6
630 879 0
642 879 0
682 879 3
692 879 3
719 879 0
739 879 6
745 879 6
746 879 0
748 879 8
771 879 0
802 879 0
810 879 9
813 879 2
821 879 0
837 879 0
863 879 9
19 880 1
139 880 2
166 880 1
180 880 4
298 880 4
370 880 0
380 880 0
444 880 0
486 880 0
500 880 1
504 880 4
565 880 2
635 880 1
652 880 1
655 880 1
739 880 6
744 880 0
745 880 8
748 880 7
759 880 0
810 880 9
817 880 1
818 880 0
819 880 1
822 880 0
849 880 3
863 880 9
865 880 2
879 880 9
14 881 0
20 881 3
44 881 3
222 881 0
269 881 0
329 881 0
348 881 2
408 881 1
426 881 3
461 881 0
525 881 0
552 881 1
614 881 0
624 881 0
640 881 1
652 881 6
682 881 7
692 881 6
697 881 0
702 881 0
720 881 0
730 881 7
751 881 7
758 881 7
785 881 7
794 881 1
798 881 0
814 881 1
18 882 1
95 882 2
121 882 0
148 882 0
161 882 0
168 882 1
176 882 2
205 882 1
447 882 0
501 882 0
536 882 3
580 882 2
614 882 0
630 882 0
635 882 3
638 882 2
643 882 2
645 882 3
657 882 1
680 882 0
717 882 5
743 882 1
809 882 6
810 882 2
811 882 1
816 882 1
820 882 4
822 882 7
857 882 1
42 883 0
146 883 0
179 883 0
192 883 1
211 883 3
230 883 1
268 883 3
295 883 0
391 883 1
504 883 5
523 883 0
550 883 2
597 883 5
602 883 0
633 883 0
640 883 0
663 883 1
682 883 2
692 883 4
713 883 6
745 883 6
748 883 9
779 883 1
795 883 2
797 883 3
807 883 1
810 883 9
820 883 0
879 883 11
880 883 7
54 884 3
69 884 2
102 884 1
107 884 1
161 884 0
173 884 3
185 884 0
202 884 0
271 884 1
318 884 2
322 884 1
352 884 4
442 884 4
445 884 0
481 884 3
524 884 1
533 884 3
537 884 2
597 884 0
600 884 2
602 884 3
606 884 0
648 884 6
659 884 2
684 884 0
736 884 5
755 884 1
797 884 1
827 884 1
877 884 2
95 885 3
185 885 1
228 885 0
243 885 0
250 885 0
269 885 4
326 885 1
393 885 1
452 885 0
486 885 5
551 885 1
643 885 5
653 885 6
663 885 4
680 885 1
682 885 0
685 885 0
693 885 2
694 885 0
707 885 7
715 885 3
725 885 7
732 885 1
754 885 0
761 885 1
807 885 5
813 885 7
833 885 4
877 885 1
88 886 2
149 886 0
201 886 0
220 886 0
235 886 2
282 886 2
285 886 1
322 886 3
337 886 1
436 886 0
477 886 2
495 886 6
526 886 0
541 886 2
543 886 3
657 886 6
666 886 0
678 886 2
750 886 6
760 886 0
783 886 0
788 886 0
790 886 0
837 886 0
51 887 2
72 887 1
162 887 0
223 887 0
236 887 0
259 887 0
290 887 1
317 887 0
337 887 1
405 887 0
411 887 2
478 887 3
504 887 0
529 887 0
567 887 1
569 887 0
587 887 0
607 887 0
639 887 1
669 887 3
699 887 4
709 887 0
787 887 6
789 887 0
799 887 4
807 887 1
811 887 3
829 887 5
885 887 1
14 888 2
27 888 3
43 888 0
109 888 0
122 888 0
139 888 0
140 888 2
266 888 0
363 888 2
372 888 0
515 888 0
524 888 1
549 888 3
559 888 4
604 888 5
632 888 3
636 888 0
654 888 0
656 888 0
704 888 4
709 888 5
748 888 0
773 888 1
791 888 1
847 888 1
848 888 0
862 888 8
864 888 1
871 888 8
54 889 2
69 889 2
100 889 1
146 889 0
318 889 2
332 889 3
352 889 3
404 889 0
433 889 0
442 889 3
448 889 0
481 889 2
497 889 1
533 889 4
534 889 4
589 889 0
600 889 5
602 889 4
607 889 2
617 889 5
622 889 0
663 889 0
673 889 1
697 889 1
727 889 0
732 889 0
759 889 2
765 889 0
847 889 0
856 889 2
872 889 9
884 889 9
34 890 3
84 890 0
109 890 2
120 890 0
157 890 3
263 890 2
332 890 0
355 890 2
356 890 2
375 890 1
380 890 1
453 890 1
467 890 3
485 890 2
521 890 0
558 890 2
581 890 0
670 890 0
702 890 7
763 890 0
765 890 1
815 890 2
828 890 2
839 890 0
874 890 4
34 891 1
131 891 0
134 891 3
245 891 0
287 891 0
291 891 0
312 891 1
355 891 3
364 891 0
401 891 0
434 891 2
485 891 4
487 891 4
612 891 5
674 891 0
686 891 0
702 891 6
724 891 4
726 891 1
727 891 0
779 891 1
803 891 2
874 891 7
887 891 1
890 891 7
5 892 0
13 892 2
17 892 1
68 892 2
113 892 4
132 892 4
159 892 1
179 892 4
257 892 0
269 892 1
299 892 0
363 892 0
453 892 2
461 892 1
466 892 0
498 892 0
502 892 0
516 892 3
576 892 0
608 892 0
657 892 1
695 892 3
711 892 0
712 892 5
731 892 0
740 892 0
778 892 6
795 892 0
847 892 6
88 893 0
196 893 1
226 893 2
276 893 1
279 893 2
320 893 2
327 893 0
391 893 1
431 893 4
558 893 2
570 893 0
616 893 0
617 893 0
620 893 1
626 893 0
651 893 4
683 893 0
720 893 2
735 893 1
766 893 4
790 893 3
835 893 7
870 893 7
890 893 2
54 894 0
102 894 1
107 894 2
205 894 2
273 894 1
289 894 0
304 894 2
356 894 1
362 894 0
469 894 0
537 894 0
589 894 2
624 894 3
625 894 1
637 894 1
638 894 4
663 894 0
667 894 0
681 894 1
715 894 0
743 894 3
765 894 3
771 894 1
787 894 1
832 894 4
833 894 6
844 894 0
857 894 4
874 894 1
878 894 2
63 895 0
69 895 0
103 895 0
105 895 2
126 895 2
162 895 1
217 895 2
232 895 0
245 895 0
290 895 2
409 895 0
432 895 4
463 895 4
484 895 0
485 895 0
497 895 3
532 895 0
549 895 0
568 895 0
582 895 2
684 895 4
690 895 7
693 895 5
724 895 1
746 895 7
760 895 6
776 895 8
843 895 1
865 895 8
868 895 0
22 896 0
67 896 3
71 896 2
78 896 0
181 896 2
194 896 0
270 896 0
271 896 2
302 896 3
303 896 0
351 896 2
355 896 0
368 896 0
386 896 3
424 896 0
449 896 2
492 896 1
502 896 0
508 896 0
545 896 3
571 896 4
585 896 0
599 896 6
709 896 0
727 896 4
763 896 0
768 896 0
771 896 0
772 896 5
805 896 0
816 896 0
845 896 7
877 896 2
6 897 0
9 897 1
23 897 0
29 897 0
114 897 1
123 897 1
161 897 2
251 897 1
282 897 1
383 897 1
408 897 2
414 897 1
423 897 0
450 897 4
458 897 3
475 897 0
501 897 2
519 897 2
523 897 2
546 897 0
558 897 2
651 897 2
660 897 1
684 897 1
757 897 0
769 897 1
786 897 2
879 897 0
886 897 1
160 898 0
163 898 1
204 898 0
245 898 0
250 898 0
252 898 0
278 898 2
390 898 1
424 898 3
439 898 3
447 898 0
492 898 1
503 898 0
540 898 0
597 898 1
688 898 1
694 898 6
746 898 0
807 898 0
823 898 0
834 898 7
838 898 7
844 898 2
851 898 7
892 898 1
7 899 0
59 899 1
103 899 1
108 899 0
136 899 1
146 899 0
184 899 2
196 899 1
330 899 3
342 899 1
347 899 1
349 899 2
378 899 2
398 899 1
526 899 0
533 899 0
573 899 0
625 899 0
644 899 4
720 899 1
722 899 1
728 899 4
731 899 3
765 899 1
782 899 0
790 899 3
796 899 4
859 899 1
30 900 0
112 900 0
127 900 4
151 900 0
224 900 0
294 900 4
316 900 4
349 900 0
374 900 2
384 900 3
392 900 3
435 900 5
465 900 3
488 900 1
545 900 1
570 900 1
634 900 6
643 900 1
665 900 5
679 900 7
685 900 6
687 900 6
759 900 1
774 900 1
783 900 1
809 900 1
831 900 9
842 900 1
891 900 0
20 901 2
33 901 0
102 901 0
297 901 1
330 901 0
348 901 2
419 901 0
426 901 3
464 901 0
535 901 3
540 901 0
566 901 0
628 901 5
652 901 6
678 901 7
682 901 8
686 901 2
692 901 4
698 901 1
729 901 0
751 901 7
758 901 6
771 901 1
780 901 0
785 901 8
819 901 2
832 901 0
841 901 1
881 901 11
25 902 1
32 902 3
53 902 3
108 902 0
124 902 4
171 902 0
175 902 0
200 902 0
224 902 3
239 902 0
294 902 0
300 902 0
324 902 3
341 902 5
366 902 0
371 902 5
403 902 4
464 902 5
469 902 4
544 902 0
554 902 4
587 902 5
625 902 2
789 902 1
793 902 8
802 902 1
806 902 0
827 902 0
859 902 1
874 902 2
197 903 0
287 903 2
320 903 1
340 903 3
362 903 4
402 903 1
408 903 1
423 903 0
431 903 0
525 903 1
538 903 5
552 903 5
562 903 0
580 903 0
670 903 7
671 903 2
690 903 1
692 903 1
698 903 5
710 903 2
788 903 5
798 903 6
813 903 0
824 903 0
829 903 0
842 903 0
848 903 6
889 903 0
73 904 1
155 904 2
192 904 0
195 904 1
221 904 1
269 904 1
310 904 2
404 904 1
448 904 1
525 904 0
608 904 0
671 904 1
706 904 5
718 904 2
721 904 6
732 904 6
747 904 3
753 904 1
785 904 1
818 904 0
821 904 4
824 904 3
843 904 4
887 904 1
891 904 1
1 905 2
129 905 0
205 905 2
220 905 0
255 905 2
273 905 0
309 905 0
367 905 0
411 905 1
422 905 1
439 905 3
508 905 1
538 905 1
548 905 3
557 905 2
593 905 2
609 905 5
621 905 4
673 905 0
726 905 2
731 905 1
757 905 6
788 905 0
838 905 7
851 905 7
866 905 3
882 905 1
898 905 10
131 906 1
135 906 0
137 906 2
152 906 1
217 906 0
259 906 2
289 906 0
310 906 0
323 906 1
346 906 1
403 906 0
417 906 2
452 906 0
502 906 0
518 906 0
532 906 0
556 906 2
623 906 3
636 906 2
682 906 0
686 906 3
709 906 0
734 906 0
767 906 4
783 906 2
793 906 1
812 906 4
841 906 2
846 906 0
859 906 0
0 907 3
28 907 3
106 907 3
204 907 2
249 907 0
251 907 0
278 907 0
283 907 0
297 907 5
298 907 0
356 907 0
394 907 3
422 907 4
437 907 5
486 907 0
532 907 6
564 907 0
566 907 0
568 907 5
622 907 5
639 907 1
675 907 0
677 907 7
700 907 0
798 907 1
823 907 8
831 907 1
857 907 1
6 908 0
16 908 3
62 908 4
86 908 0
121 908 4
197 908 1
207 908 0
224 908 4
318 908 0
339 908 0
341 908 3
371 908 2
403 908 3
464 908 5
511 908 4
523 908 0
554 908 4
561 908 1
587 908 7
650 908 0
659 908 0
683 908 1
736 908 0
759 908 2
793 908 6
849 908 1
852 908 2
865 908 4
871 908 1
896 908 0
902 908 9
13 909 0
72 909 0
81 909 0
287 909 1
369 909 3
418 909 1
425 909 0
435 909 1
456 909 0
489 909 2
508 909 2
543 909 1
558 909 1
607 909 1
643 909 1
650 909 4
729 909 4
759 909 7
762 909 0
766 909 3
768 909 0
801 909 7
817 909 2
821 909 6
824 909 4
849 909 8
868 909 9
886 909 2
890 909 2
900 909 3
109 910 2
134 910 4
198 910 2
242 910 3
263 910 2
302 910 1
355 910 3
367 910 0
378 910 2
434 910 2
443 910 1
446 910 0
457 910 2
485 910 2
487 910 4
541 910 0
542 910 3
584 910 2
588 910 1
609 910 2
625 910 6
702 910 4
722 910 2
743 910 1
744 910 1
791 910 0
874 910 8
902 910 2
909 910 1
9 911 1
28 911 0
154 911 0
169 911 2
175 911 0
227 911 0
234 911 1
267 911 1
296 911 0
408 911 2
428 911 2
450 911 4
501 911 3
544 911 3
552 911 1
558 911 4
581 911 0
602 911 1
730 911 1
759 911 3
762 911 5
786 911 5
802 911 2
881 911 4
889 911 2
893 911 2
897 911 7
908 911 1
27 912 0
43 912 0
145 912 0
150 912 1
219 912 2
254 912 3
319 912 1
324 912 1
334 912 0
338 912 4
386 912 1
396 912 0
413 912 3
448 912 0
528 912 5
530 912 1
581 912 3
588 912 3
659 912 5
717 912 1
722 912 5
755 912 6
773 912 8
775 912 1
778 912 3
791 912 1
814 912 6
847 912 5
865 912 1
877 912 7
891 912 1
907 912 2
37 913 1
41 913 1
131 913 2
188 913 1
198 913 0
339 913 0
443 913 2
447 913 2
509 913 0
572 913 0
597 913 0
615 913 2
623 913 6
636 913 4
656 913 1
674 913 0
701 913 1
730 913 1
787 913 0
796 913 1
808 913 2
812 913 5
843 913 1
858 913 7
875 913 4
876 913 2
893 913 0
906 913 6
907 913 0
14 914 3
172 914 5
192 914 0
216 914 3
267 914 6
268 914 0
317 914 0
362 914 2
433 914 4
442 914 0
488 914 0
497 914 1
509 914 5
549 914 6
632 914 7
653 914 0
669 914 0
674 914 3
698 914 3
704 914 5
709 914 7
735 914 9
744 914 0
794 914 0
825 914 3
826 914 0
862 914 8
871 914 11
888 914 8
893 914 2
911 914 3
148 915 0
170 915 3
272 915 1
293 915 0
303 915 1
368 915 3
372 915 4
387 915 1
525 915 1
598 915 5
612 915 0
619 915 0
621 915 5
640 915 5
720 915 1
741 915 3
764 915 0
770 915 5
796 915 3
834 915 6
838 915 8
851 915 11
852 915 0
857 915 1
898 915 8
905 915 8
906 915 2
913 915 2
914 915 0
36 916 2
58 916 1
128 916 2
170 916 3
211 916 1
240 916 0
242 916 1
421 916 1
543 916 0
554 916 2
566 916 0
607 916 1
609 916 6
633 916 1
640 916 3
694 916 5
729 916 0
739 916 0
756 916 0
757 916 7
772 916 0
773 916 1
808 916 0
820 916 1
838 916 9
851 916 8
866 916 1
891 916 0
898 916 8
905 916 10
910 916 2
915 916 8
10 917 0
20 917 1
27 917 2
33 917 2
36 917 0
61 917 0
116 917 0
172 917 2
189 917 2
214 917 2
280 917 0
338 917 0
376 917 2
393 917 1
433 917 4
509 917 3
538 917 0
549 917 4
559 917 4
611 917 0
650 917 0
703 917 0
709 917 6
725 917 1
735 917 5
763 917 1
823 917 2
854 917 0
859 917 1
871 917 8
879 917 1
888 917 6
911 917 1
914 917 10
21 918 2
32 918 0
133 918 0
139 918 0
166 918 1
171 918 0
234 918 2
308 918 3
326 918 4
379 918 3
386 918 1
438 918 4
475 918 4
551 918 3
561 918 0
582 918 0
586 918 1
626 918 0
649 918 3
666 918 3
671 918 5
693 918 0
738 918 4
740 918 1
799 918 1
809 918 1
837 918 7
847 918 1
849 918 1
858 918 0
878 918 9
909 918 1
912 918 2
73 919 0
114 919 1
125 919 1
163 919 2
209 919 2
276 919 1
337 919 1
350 919 2
383 919 0
398 919 3
441 919 1
455 919 1
527 919 0
528 919 0
571 919 1
695 919 0
706 919 0
728 919 5
731 919 3
741 919 5
752 919 0
816 919 0
835 919 3
845 919 0
848 919 0
870 919 3
886 919 3
891 919 0
893 919 6
907 919 1
88 920 2
105 920 0
148 920 2
172 920 0
212 920 1
322 920 4
345 920 1
350 920 3
367 920 2
437 920 1
459 920 0
487 920 0
495 920 5
531 920 1
543 920 4
546 920 0
590 920 4
697 920 5
711 920 3
722 920 0
730 920 0
732 920 0
750 920 6
778 920 0
792 920 0
876 920 1
886 920 8
894 920 1
898 920 3
919 920 4
8 921 2
60 921 1
66 921 1
82 921 0
114 921 0
154 921 1
187 921 0
245 921 0
284 921 0
303 921 0
358 921 0
363 921 0
369 921 3
489 921 3
491 921 0
561 921 2
580 921 2
664 921 0
665 921 1
670 921 3
700 921 0
706 921 5
717 921 3
718 921 2
756 921 1
759 921 4
818 921 2
843 921 5
844 921 2
868 921 5
909 921 6
22 922 0
63 922 1
95 922 3
111 922 2
133 922 0
238 922 0
269 922 5
361 922 3
374 922 0
405 922 1
416 922 4
471 922 0
515 922 0
531 922 4
559 922 0
629 922 4
643 922 6
653 922 5
663 922 7
667 922 1
675 922 0
696 922 1
704 922 1
707 922 6
721 922 1
725 922 6
789 922 1
808 922 0
813 922 10
833 922 2
867 922 1
879 922 2
884 922 0
885 922 9
904 922 2
40 923 0
109 923 2
130 923 0
134 923 3
144 923 1
160 923 2
215 923 1
222 923 0
239 923 0
242 923 1
293 923 0
302 923 1
355 923 3
375 923 1
398 923 0
441 923 3
485 923 3
565 923 0
607 923 0
612 923 7
618 923 2
669 923 0
702 923 8
738 923 1
755 923 1
773 923 1
806 923 0
808 923 0
818 923 2
844 923 1
874 923 6
886 923 0
891 923 8
910 923 11
80 924 1
100 924 1
138 924 0
201 924 1
221 924 0
229 924 0
282 924 3
322 924 2
334 924 3
370 924 1
388 924 3
400 924 4
414 924 1
474 924 1
541 924 2
574 924 1
579 924 2
605 924 3
675 924 6
693 924 0
697 924 4
736 924 0
750 924 6
755 924 0
806 924 2
859 924 0
864 924 2
888 924 1
900 924 0
913 924 2
916 924 1
920 924 5
154 925 0
165 925 2
227 925 1
317 925 0
318 925 0
341 925 1
353 925 0
372 925 0
477 925 2
524 925 1
542 925 2
560 925 0
561 925 3
575 925 3
587 925 1
614 925 1
689 925 0
706 925 5
718 925 4
721 925 5
741 925 0
755 925 1
759 925 5
766 925 3
806 925 0
817 925 1
849 925 3
864 925 2
867 925 1
895 925 0
897 925 1
901 925 1
903 925 0
904 925 5
906 925 0
20 926 0
124 926 2
251 926 2
289 926 4
307 926 3
331 926 5
347 926 2
397 926 4
398 926 0
404 926 5
410 926 0
416 926 1
448 926 4
456 926 3
491 926 4
498 926 3
505 926 0
550 926 0
662 926 4
727 926 1
732 926 1
748 926 3
768 926 2
774 926 0
788 926 1
789 926 6
836 926 1
840 926 8
853 926 8
854 926 1
864 926 1
874 926 2
879 926 3
904 926 3
63 927 0
132 927 0
142 927 0
162 927 0
186 927 2
200 927 0
228 927 2
232 927 1
291 927 0
342 927 4
485 927 0
524 927 2
534 927 1
535 927 0
574 927 4
606 927 4
611 927 4
613 927 3
648 927 0
667 927 1
700 927 1
705 927 0
756 927 0
758 927 0
808 927 6
821 927 1
841 927 2
866 927 1
913 927 1
925 927 1
23 928 1
193 928 0
246 928 3
247 928 0
422 928 1
423 928 0
424 928 4
458 928 0
474 928 0
533 928 2
536 928 0
577 928 0
598 928 5
609 928 5
621 928 6
624 928 2
694 928 5
747 928 0
749 928 0
757 928 6
770 928 4
805 928 0
816 928 2
838 928 6
851 928 10
855 928 1
860 928 1
871 928 0
898 928 10
900 928 0
905 928 11
911 928 0
916 928 9
920 928 1
0 929 4
28 929 3
115 929 4
297 929 3
332 929 0
394 929 4
400 929 0
421 929 4
422 929 4
437 929 5
441 929 1
455 929 6
532 929 3
556 929 2
568 929 5
579 929 1
603 929 2
615 929 0
622 929 6
677 929 8
708 929 1
716 929 3
748 929 0
764 929 0
774 929 0
776 929 0
807 929 1
820 929 1
823 929 11
834 929 2
841 929 2
851 929 0
907 929 13
917 929 1
919 929 3
159 930 0
170 930 2
211 930 1
223 930 2
239 930 0
372 930 3
437 930 1
512 930 2
531 930 0
538 930 2
548 930 4
567 930 0
598 930 6
621 930 5
686 930 2
693 930 0
694 930 7
757 930 6
773 930 3
802 930 0
806 930 0
834 930 7
851 930 9
867 930 1
872 930 1
889 930 1
898 930 9
901 930 2
905 930 11
907 930 2
912 930 2
915 930 11
916 930 11
928 930 10
7 931 2
137 931 1
261 931 1
278 931 0
294 931 0
385 931 2
387 931 2
411 931 4
440 931 6
442 931 0
478 931 3
482 931 0
527 931 2
540 931 1
577 931 0
584 931 5
586 931 4
633 931 2
641 931 2
695 931 0
696 931 0
699 931 5
719 931 5
730 931 1
742 931 1
754 931 1
757 931 1
787 931 7
793 931 2
811 931 4
829 931 5
871 931 1
887 931 7
916 931 2
5 932 1
18 932 0
50 932 0
82 932 1
177 932 0
206 932 2
296 932 0
335 932 1
391 932 1
413 932 1
483 932 1
488 932 0
507 932 0
517 932 1
619 932 1
650 932 2
706 932 5
718 932 4
721 932 3
728 932 1
750 932 1
756 932 1
759 932 4
766 932 5
797 932 1
809 932 0
815 932 2
821 932 3
843 932 5
877 932 3
883 932 2
896 932 1
899 932 2
901 932 1
904 932 6
925 932 8
160 933 3
171 933 0
189 933 0
194 933 0
197 933 0
208 933 0
253 933 2
379 933 0
384 933 0
434 933 2
441 933 4
485 933 5
487 933 5
510 933 3
560 933 1
567 933 0
612 933 6
624 933 2
625 933 3
653 933 1
664 933 1
672 933 1
688 933 0
702 933 8
724 933 7
772 933 0
857 933 1
874 933 11
890 933 7
891 933 10
910 933 8
911 933 0
923 933 9
41 934 1
75 934 1
144 934 5
146 934 0
220 934 2
250 934 1
256 934 0
293 934 1
296 934 4
414 934 5
588 934 0
610 934 0
647 934 1
708 934 5
714 934 7
781 934 6
805 934 1
815 934 1
818 934 1
821 934 2
831 934 2
850 934 6
857 934 1
864 934 5
866 934 6
869 934 7
876 934 8
890 934 2
895 934 0
897 934 1
903 934 2
909 934 2
8 935 1
100 935 2
136 935 2
161 935 0
174 935 2
210 935 0
334 935 1
388 935 2
414 935 2
438 935 1
495 935 5
541 935 5
590 935 5
598 935 2
605 935 5
645 935 1
657 935 4
691 935 0
697 935 6
711 935 4
762 935 2
804 935 0
809 935 2
810 935 2
818 935 3
845 935 1
878 935 2
886 935 5
907 935 0
915 935 1
920 935 7
921 935 2
924 935 9
19 936 2
139 936 4
143 936 0
192 936 3
202 936 0
211 936 4
234 936 0
268 936 3
269 936 0
374 936 0
400 936 1
457 936 0
474 936 5
504 936 5
529 936 1
543 936 0
550 936 1
612 936 1
677 936 3
737 936 1
739 936 8
745 936 8
748 936 6
761 936 1
773 936 2
783 936 1
810 936 8
813 936 1
824 936 1
829 936 2
846 936 0
855 936 3
863 936 7
879 936 12
880 936 11
883 936 11
890 936 0
50 937 0
52 937 2
79 937 0
119 937 3
138 937 3
199 937 1
233 937 2
238 937 0
240 937 4
274 937 0
295 937 2
323 937 1
357 937 3
359 937 3
381 937 1
382 937 2
409 937 3
436 937 6
456 937 0
465 937 0
536 937 0
558 937 0
561 937 0
579 937 0
592 937 5
633 937 4
667 937 7
707 937 1
757 937 2
763 937 0
819 937 8
833 937 1
841 937 7
905 937 1
910 937 1
923 937 2
935 937 1
17 938 0
40 938 1
141 938 0
291 938 0
304 938 2
329 938 5
412 938 1
459 938 0
469 938 0
539 938 1
657 938 1
658 938 4
660 938 4
668 938 1
683 938 1
698 938 1
710 938 5
714 938 1
761 938 6
765 938 5
767 938 2
772 938 1
779 938 5
789 938 0
792 938 4
811 938 0
826 938 1
832 938 6
833 938 6
836 938 2
851 938 1
854 938 6
857 938 7
886 938 2
911 938 0
915 938 3
919 938 1
63 939 1
64 939 1
68 939 0
78 939 2
185 939 1
202 939 2
255 939 0
303 939 2
306 939 2
327 939 4
408 939 1
436 939 1
451 939 2
512 939 3
518 939 2
520 939 6
540 939 3
546 939 0
575 939 1
583 939 0
685 939 1
711 939 0
715 939 2
719 939 0
726 939 6
753 939 1
763 939 3
774 939 6
803 939 5
804 939 6
851 939 0
858 939 1
867 939 7
875 939 1
891 939 3
908 939 0
912 939 1
934 939 0
71 940 0
118 940 1
191 940 3
196 940 0
208 940 0
215 940 2
274 940 0
277 940 1
346 940 3
372 940 0
379 940 1
406 940 4
491 940 0
505 940 2
510 940 1
546 940 1
565 940 1
570 940 3
571 940 2
587 940 1
623 940 2
647 940 2
660 940 1
711 940 3
730 940 1
767 940 3
774 940 2
777 940 1
812 940 7
814 940 1
826 940 4
837 940 1
858 940 6
868 940 0
880 940 1
913 940 5
922 940 0
3 941 0
73 941 0
102 941 3
107 941 3
128 941 0
205 941 2
265 941 3
269 941 1
275 941 2
284 941 2
317 941 2
405 941 2
473 941 0
505 941 0
539 941 1
614 941 0
623 941 0
627 941 3
650 941 0
658 941 4
710 941 5
716 941 4
749 941 0
765 941 6
828 941 3
833 941 6
852 941 0
857 941 9
884 941 2
885 941 2
890 941 3
894 941 8
902 941 0
903 941 2
929 941 1
933 941 3
938 941 7
12 942 2
74 942 0
90 942 1
191 942 0
247 942 2
297 942 1
358 942 1
365 942 0
370 942 2
390 942 2
396 942 1
404 942 0
459 942 0
483 942 1
505 942 3
546 942 0
556 942 4
594 942 4
621 942 0
623 942 5
636 942 4
647 942 4
726 942 0
741 942 0
743 942 2
764 942 0
777 942 1
782 942 1
819 942 1
826 942 3
850 942 0
858 942 5
869 942 2
874 942 0
901 942 3
906 942 5
913 942 6
916 942 1
924 942 4
34 943 1
57 943 2
59 943 1
70 943 0
163 943 4
209 943 3
211 943 0
226 943 2
354 943 1
373 943 2
393 943 1
398 943 2
406 943 2
444 943 3
463 943 0
486 943 1
493 943 0
530 943 5
644 943 4
691 943 2
731 943 7
761 943 0
766 943 2
790 943 5
796 943 4
811 943 2
812 943 2
840 943 2
858 943 2
893 943 6
894 943 1
898 943 4
905 943 3
919 943 8
920 943 4
38 944 1
80 944 3
171 944 1
179 944 1
204 944 1
218 944 2
234 944 1
364 944 4
399 944 0
402 944 3
423 944 0
470 944 2
494 944 1
524 944 2
532 944 2
613 944 4
678 944 1
698 944 0
742 944 6
759 944 3
806 944 4
808 944 4
827 944 1
842 944 3
847 944 2
861 944 1
862 944 2
886 944 1
892 944 2
911 944 3
927 944 8
932 944 2
26 945 0
39 945 2
91 945 0
99 945 1
100 945 0
143 945 2
188 945 1
200 945 2
287 945 4
335 945 1
407 945 4
490 945 2
529 945 1
586 945 1
599 945 1
647 945 0
651 945 2
664 945 2
670 945 3
698 945 8
726 945 0
740 945 6
766 945 3
771 945 4
777 945 1
791 945 5
798 945 7
804 945 1
805 945 1
827 945 1
831 945 2
841 945 1
856 945 1
900 945 1
903 945 5
918 945 3
943 945 1
68 946 0
265 946 3
266 946 3
299 946 4
313 946 4
370 946 1
399 946 0
420 946 3
440 946 2
460 946 4
491 946 0
510 946 4
513 946 5
611 946 3
613 946 3
617 946 1
647 946 0
701 946 6
716 946 0
736 946 2
740 946 2
765 946 0
777 946 0
792 946 0
795 946 7
797 946 8
799 946 3
805 946 9
814 946 1
839 946 0
843 946 1
861 946 9
913 946 2
180 947 3
211 947 3
256 947 0
268 947 4
298 947 4
309 947 0
395 947 1
474 947 3
495 947 1
504 947 5
555 947 1
594 947 0
597 947 6
606 947 0
659 947 0
676 947 0
688 947 0
692 947 2
695 947 0
696 947 3
713 947 8
739 947 7
745 947 8
748 947 8
777 947 0
783 947 1
784 947 0
810 947 12
863 947 11
879 947 15
880 947 11
883 947 12
895 947 0
917 947 1
922 947 2
935 947 3
936 947 13
6 948 0
33 948 3
121 948 0
140 948 2
189 948 3
236 948 0
267 948 5
357 948 1
363 948 3
425 948 0
431 948 1
433 948 4
439 948 2
475 948 1
499 948 0
509 948 4
516 948 1
549 948 4
555 948 0
559 948 5
579 948 0
604 948 4
632 948 4
637 948 3
643 948 1
674 948 4
709 948 7
724 948 3
735 948 7
784 948 2
817 948 2
848 948 1
871 948 9
914 948 10
917 948 10
23 949 0
24 949 0
49 949 1
90 949 0
102 949 0
107 949 0
111 949 0
113 949 1
150 949 2
264 949 3
301 949 3
328 949 4
413 949 2
419 949 2
482 949 0
492 949 4
528 949 3
608 949 0
619 949 5
646 949 6
657 949 1
659 949 4
690 949 0
722 949 5
740 949 0
773 949 8
843 949 3
847 949 5
849 949 3
866 949 1
877 949 10
921 949 2
926 949 0
929 949 0
930 949 2
933 949 1
936 949 1
17 950 3
43 950 0
46 950 3
56 950 3
68 950 3
71 950 0
132 950 4
138 950 0
141 950 4
155 950 3
167 950 3
179 950 1
212 950 4
227 950 0
341 950 0
453 950 3
509 950 0
516 950 5
547 950 0
548 950 1
626 950 0
629 950 0
655 950 1
676 950 1
705 950 3
712 950 6
720 950 1
760 950 0
772 950 1
778 950 5
785 950 1
813 950 0
821 950 1
847 950 10
849 950 3
850 950 3
870 950 2
892 950 9
949 950 2
39 951 0
62 951 0
66 951 0
134 951 2
229 951 0
279 951 0
280 951 0
287 951 0
294 951 0
329 951 4
344 951 2
345 951 0
382 951 0
417 951 0
454 951 2
521 951 1
566 951 0
570 951 2
638 951 6
658 951 6
660 951 5
701 951 0
712 951 1
716 951 6
727 951 0
743 951 8
761 951 5
765 951 6
815 951 0
832 951 6
833 951 8
834 951 3
840 951 0
854 951 6
857 951 9
871 951 1
878 951 1
894 951 8
910 951 2
914 951 1
938 951 10
941 951 7
93 952 1
99 952 2
129 952 2
176 952 1
188 952 1
200 952 3
238 952 0
255 952 0
340 952 2
350 952 1
391 952 1
407 952 2
446 952 0
465 952 0
482 952 5
484 952 2
538 952 4
542 952 0
552 952 3
595 952 0
603 952 0
664 952 3
670 952 5
671 952 1
672 952 0
708 952 0
734 952 0
736 952 1
785 952 0
798 952 4
807 952 0
866 952 0
882 952 1
903 952 9
914 952 1
945 952 8
946 952 3
947 952 0
1 953 1
43 953 1
80 953 2
260 953 1
321 953 0
332 953 0
335 953 1
336 953 0
342 953 2
351 953 2
413 953 1
439 953 0
452 953 3
459 953 2
493 953 3
501 953 1
518 953 0
585 953 1
598 953 1
599 953 1
606 953 4
631 953 2
670 953 1
710 953 0
732 953 0
738 953 1
742 953 3
768 953 1
798 953 0
801 953 2
802 953 0
815 953 3
838 953 1
847 953 2
864 953 1
868 953 1
897 953 1
927 953 6
944 953 6
69 954 1
245 954 4
279 954 0
296 954 2
313 954 0
349 954 0
363 954 0
377 954 0
379 954 3
410 954 5
416 954 0
418 954 0
428 954 1
438 954 3
472 954 5
526 954 1
624 954 2
639 954 2
649 954 6
654 954 5
666 954 8
671 954 6
699 954 2
738 954 8
747 954 10
752 954 7
780 954 7
790 954 2
815 954 1
820 954 1
821 954 1
823 954 1
835 954 3
836 954 8
837 954 7
866 954 3
878 954 10
894 954 2
905 954 1
918 954 8
66 955 0
83 955 2
103 955 1
189 955 2
227 955 1
287 955 2
383 955 0
461 955 2
529 955 2
561 955 0
597 955 0
601 955 0
630 955 0
633 955 2
650 955 5
726 955 2
731 955 1
732 955 4
733 955 1
790 955 2
795 955 2
801 955 6
802 955 1
821 955 6
823 955 0
824 955 6
825 955 1
868 955 8
888 955 1
902 955 1
904 955 6
909 955 7
915 955 0
948 955 2
127 956 4
194 956 1
238 956 3
253 956 1
272 956 3
313 956 0
316 956 3
374 956 4
384 956 4
386 956 0
392 956 5
435 956 6
437 956 0
465 956 4
476 956 0
496 956 0
513 956 0
592 956 1
602 956 0
614 956 0
634 956 5
646 956 2
654 956 0
665 956 7
679 956 8
685 956 8
687 956 7
804 956 1
813 956 0
814 956 1
818 956 9
831 956 10
844 956 2
859 956 2
867 956 0
900 956 13
917 956 1
927 956 0
81 957 2
92 957 1
123 957 0
167 957 1
178 957 0
213 957 2
301 957 0
313 957 3
367 957 1
375 957 1
395 957 0
411 957 1
415 957 1
420 957 4
430 957 4
510 957 4
520 957 1
538 957 0
546 957 4
557 957 0
591 957 0
601 957 1
604 957 0
654 957 3
683 957 1
691 957 5
767 957 2
787 957 1
795 957 6
797 957 6
805 957 10
814 957 1
828 957 9
861 957 7
867 957 1
931 957 2
934 957 1
946 957 10
92 958 3
94 958 0
176 958 0
189 958 0
225 958 3
290 958 3
325 958 5
335 958 0
365 958 4
377 958 4
412 958 4
417 958 0
424 958 3
439 958 0
465 958 1
468 958 3
476 958 4
511 958 1
565 958 5
582 958 5
583 958 7
601 958 7
616 958 0
690 958 0
696 958 7
716 958 3
739 958 2
756 958 6
768 958 9
775 958 8
797 958 1
812 958 1
830 958 11
831 958 3
832 958 2
841 958 3
855 958 3
862 958 2
868 958 1
920 958 0
929 958 2
934 958 1
944 958 1
261 959 3
300 959 3
304 959 0
312 959 5
316 959 0
353 959 0
459 959 1
479 959 4
563 959 0
577 959 0
578 959 0
596 959 0
615 959 4
637 959 3
661 959 7
705 959 6
706 959 1
708 959 3
722 959 2
727 959 1
739 959 2
749 959 5
751 959 1
781 959 6
800 959 0
806 959 0
817 959 10
825 959 6
841 959 2
863 959 2
864 959 10
866 959 7
869 959 6
875 959 2
877 959 3
906 959 1
910 959 1
926 959 2
948 959 2
36 960 1
114 960 0
244 960 0
246 960 2
272 960 1
329 960 0
347 960 1
366 960 0
368 960 1
372 960 5
439 960 4
467 960 0
477 960 0
504 960 0
548 960 6
575 960 1
596 960 2
598 960 4
609 960 5
659 960 1
701 960 1
718 960 0
723 960 2
769 960 1
770 960 8
781 960 0
814 960 1
834 960 9
838 960 8
851 960 10
876 960 0
898 960 9
899 960 1
905 960 10
915 960 12
924 960 0
928 960 12
930 960 10
931 960 0
2 961 0
94 961 0
185 961 3
227 961 1
246 961 0
253 961 3
399 961 3
400 961 0
415 961 4
442 961 0
480 961 0
507 961 2
536 961 3
539 961 3
565 961 0
569 961 0
627 961 1
635 961 4
642 961 4
645 961 5
656 961 1
659 961 0
674 961 1
692 961 1
701 961 1
727 961 1
730 961 1
732 961 3
734 961 8
779 961 2
809 961 7
810 961 2
822 961 6
844 961 3
866 961 0
882 961 7
885 961 2
893 961 0
935 961 3
945 961 0
957 961 1
42 962 0
111 962 0
115 962 1
144 962 6
164 962 1
179 962 0
260 962 3
281 962 0
414 962 2
468 962 0
508 962 3
538 962 0
569 962 0
615 962 3
637 962 2
640 962 2
648 962 1
653 962 0
661 962 4
672 962 0
703 962 0
705 962 6
708 962 7
714 962 5
749 962 5
757 962 2
793 962 0
801 962 3
823 962 1
861 962 1
864 962 7
866 962 8
869 962 7
876 962 12
913 962 2
921 962 1
923 962 2
934 962 9
937 962 2
959 962 10
70 963 1
199 963 2
241 963 2
249 963 1
256 963 1
260 963 0
297 963 0
318 963 1
381 963 2
415 963 3
463 963 0
484 963 1
524 963 1
539 963 1
563 963 0
572 963 0
578 963 2
587 963 1
601 963 2
611 963 0
642 963 2
673 963 0
701 963 1
711 963 1
717 963 3
768 963 2
784 963 2
787 963 0
794 963 4
839 963 2
844 963 7
867 963 3
874 963 2
877 963 1
882 963 2
884 963 3
899 963 0
900 963 0
926 963 2
936 963 0
940 963 2
961 963 6
58 964 1
87 964 1
117 964 0
156 964 1
238 964 0
244 964 0
280 964 2
292 964 2
300 964 0
364 964 2
459 964 3
471 964 3
493 964 3
509 964 0
527 964 1
552 964 0
569 964 0
574 964 4
585 964 1
620 964 1
622 964 1
629 964 0
655 964 0
677 964 1
703 964 0
737 964 0
742 964 6
746 964 1
757 964 2
769 964 0
806 964 4
808 964 6
812 964 0
834 964 1
872 964 0
876 964 0
927 964 6
944 964 7
953 964 7
963 964 0
25 965 0
47 965 3
55 965 0
126 965 2
130 965 2
290 965 2
343 965 1
400 965 0
417 965 5
463 965 5
497 965 4
515 965 4
534 965 1
582 965 3
590 965 0
607 965 6
658 965 0
665 965 0
673 965 5
684 965 4
690 965 5
692 965 1
693 965 8
705 965 0
712 965 0
746 965 8
751 965 2
760 965 9
773 965 0
776 965 9
777 965 1
822 965 2
827 965 0
828 965 1
842 965 4
865 965 8
895 965 12
907 965 0
933 965 1
964 965 2
15 966 3
20 966 3
58 966 0
59 966 0
79 966 3
100 966 1
203 966 4
231 966 1
276 966 3
311 966 0
406 966 0
488 966 0
516 966 0
535 966 6
549 966 0
564 966 5
583 966 0
628 966 6
677 966 0
678 966 6
682 966 7
692 966 8
694 966 1
730 966 9
751 966 8
758 966 7
765 966 1
785 966 10
822 966 1
869 966 4
876 966 3
881 966 9
901 966 12
903 966 3
904 966 3
930 966 2
931 966 1
934 966 3
19 967 1
25 967 0
40 967 0
61 967 0
92 967 0
145 967 2
156 967 0
169 967 4
177 967 2
243 967 2
266 967 0
288 967 4
415 967 0
423 967 2
450 967 3
523 967 3
529 967 1
544 967 3
572 967 6
578 967 1
596 967 5
641 967 0
642 967 0
656 967 4
665 967 1
726 967 1
742 967 0
764 967 5
769 967 5
777 967 1
786 967 7
801 967 1
817 967 0
827 967 0
829 967 1
836 967 0
845 967 1
856 967 1
859 967 0
873 967 6
904 967 1
911 967 5
955 967 4
53 968 0
57 968 1
152 968 0
174 968 0
184 968 4
196 968 3
226 968 2
265 968 1
320 968 1
327 968 0
390 968 1
431 968 2
498 968 1
513 968 0
519 968 2
522 968 2
550 968 0
560 968 4
564 968 0
575 968 0
631 968 1
644 968 5
651 968 4
676 968 0
677 968 0
702 968 4
728 968 6
731 968 4
740 968 1
754 968 2
794 968 1
796 968 4
866 968 0
890 968 2
897 968 2
899 968 7
908 968 0
919 968 4
933 968 3
943 968 9
4 969 3
26 969 3
99 969 0
194 969 3
198 969 0
209 969 0
291 969 3
343 969 0
360 969 0
405 969 1
473 969 0
488 969 4
518 969 6
548 969 2
553 969 5
562 969 5
576 969 6
637 969 5
638 969 0
644 969 0
651 969 1
661 969 1
675 969 0
681 969 6
683 969 5
688 969 3
700 969 4
703 969 7
733 969 9
739 969 1
782 969 7
812 969 1
834 969 2
855 969 11
866 969 1
888 969 0
895 969 0
904 969 0
939 969 1
948 969 2
956 969 1
960 969 3
60 970 1
95 970 0
125 970 1
171 970 2
179 970 1
189 970 1
310 970 2
326 970 0
331 970 0
409 970 1
444 970 0
449 970 1
455 970 0
459 970 2
461 970 2
489 970 3
534 970 1
575 970 2
636 970 0
646 970 0
662 970 0
672 970 1
684 970 2
696 970 0
706 970 6
721 970 4
729 970 3
759 970 4
766 970 3
777 970 0
845 970 1
868 970 6
892 970 2
897 970 2
904 970 6
921 970 7
925 970 8
928 970 1
955 970 5
959 970 2
960 970 2
966 970 1
33 971 0
83 971 3
164 971 2
188 971 0
195 971 1
270 971 0
276 971 0
346 971 0
456 971 0
461 971 2
489 971 3
546 971 1
588 971 0
624 971 2
629 971 2
650 971 4
658 971 2
670 971 2
721 971 3
732 971 5
747 971 2
750 971 1
753 971 1
770 971 1
790 971 2
791 971 1
792 971 1
801 971 6
821 971 6
824 971 4
843 971 7
849 971 10
868 971 7
874 971 0
880 971 1
888 971 2
904 971 9
921 971 6
949 971 4
954 971 4
955 971 12
13 972 0
15 972 4
44 972 2
76 972 3
84 972 0
109 972 0
203 972 3
242 972 1
245 972 0
292 972 1
384 972 0
385 972 1
399 972 0
426 972 5
458 972 2
483 972 1
535 972 4
564 972 7
591 972 2
628 972 6
652 972 8
654 972 0
662 972 1
678 972 9
682 972 7
689 972 0
721 972 0
730 972 5
751 972 7
758 972 8
766 972 0
773 972 1
785 972 9
803 972 1
839 972 1
881 972 11
886 972 1
901 972 12
941 972 0
947 972 0
966 972 13
89 973 0
149 973 1
236 973 0
270 973 0
283 973 3
293 973 3
296 973 3
411 973 1
450 973 0
479 973 4
508 973 5
528 973 0
641 973 0
652 973 2
661 973 6
668 973 2
705 973 9
708 973 6
749 973 5
781 973 6
817 973 6
822 973 1
850 973 10
860 973 1
864 973 8
866 973 8
875 973 3
876 973 7
918 973 0
929 973 1
930 973 1
934 973 9
947 973 1
950 973 2
955 973 2
956 973 0
959 973 12
962 973 11
17 974 0
24 974 2
71 974 3
141 974 0
209 974 1
271 974 3
298 974 0
302 974 3
327 974 1
351 974 4
360 974 3
386 974 5
388 974 2
413 974 1
462 974 1
494 974 1
520 974 1
545 974 5
573 974 6
575 974 2
599 974 6
601 974 0
614 974 5
659 974 1
680 974 1
727 974 6
732 974 2
753 974 8
772 974 8
782 974 0
787 974 1
827 974 9
845 974 9
868 974 2
874 974 0
896 974 10
900 974 1
935 974 4
937 974 1
939 974 4
48 975 0
54 975 0
66 975 0
77 975 0
80 975 2
156 975 2
195 975 0
218 975 2
280 975 3
308 975 0
318 975 0
322 975 0
342 975 2
383 975 1
401 975 2
405 975 2
449 975 2
459 975 2
497 975 1
500 975 1
517 975 0
546 975 0
613 975 2
654 975 2
707 975 1
742 975 3
753 975 1
803 975 0
806 975 7
815 975 2
851 975 2
860 975 3
922 975 2
927 975 6
928 975 3
944 975 8
948 975 2
960 975 3
964 975 9
965 975 3
969 975 3
40 976 0
48 976 1
65 976 1
85 976 1
149 976 1
181 976 1
221 976 2
227 976 0
255 976 1
307 976 0
389 976 1
390 976 0
397 976 0
422 976 1
429 976 2
440 976 4
443 976 1
453 976 0
478 976 5
480 976 1
528 976 0
584 976 4
593 976 5
597 976 0
600 976 1
602 976 0
655 976 0
669 976 4
679 976 1
689 976 4
704 976 2
787 976 5
799 976 6
811 976 6
827 976 1
833 976 0
848 976 0
887 976 6
908 976 1
920 976 0
931 976 7
971 976 0
34 977 1
39 977 3
50 977 0
93 977 2
119 977 2
150 977 0
154 977 1
329 977 0
340 977 0
391 977 4
395 977 4
407 977 1
432 977 0
470 977 0
487 977 0
496 977 1
506 977 2
525 977 2
552 977 2
610 977 5
664 977 2
673 977 0
740 977 6
766 977 2
767 977 1
769 977 0
771 977 6
772 977 1
788 977 4
791 977 7
798 977 3
799 977 3
815 977 1
831 977 2
862 977 2
875 977 3
890 977 3
893 977 4
919 977 1
935 977 1
945 977 9
947 977 3
973 977 3
46 978 0
131 978 0
168 978 0
209 978 2
212 978 1
215 978 0
279 978 2
320 978 2
349 978 1
350 978 3
369 978 0
387 978 1
431 978 4
434 978 0
444 978 2
449 978 1
560 978 2
596 978 0
621 978 0
637 978 2
644 978 4
651 978 6
718 978 2
724 978 1
736 978 0
741 978 5
791 978 2
796 978 5
818 978 1
825 978 1
835 978 7
836 978 0
863 978 1
867 978 0
876 978 3
893 978 7
899 978 6
919 978 8
920 978 6
932 978 2
943 978 8
948 978 3
968 978 9
65 979 2
171 979 2
219 979 2
232 979 0
263 979 0
329 979 0
462 979 2
487 979 0
529 979 2
561 979 4
563 979 2
595 979 0
596 979 1
632 979 1
651 979 2
660 979 0
666 979 0
706 979 4
709 979 0
715 979 1
721 979 6
723 979 1
737 979 0
759 979 9
766 979 7
799 979 3
801 979 5
815 979 1
824 979 6
829 979 2
846 979 1
868 979 6
873 979 3
875 979 0
893 979 3
908 979 3
909 979 7
921 979 7
925 979 7
932 979 8
944 979 3
969 979 1
970 979 9
976 979 3
0 980 0
2 980 4
103 980 1
118 980 3
182 980 3
187 980 3
190 980 5
210 980 4
237 980 4
305 980 4
310 980 2
314 980 4
445 980 4
457 980 5
472 980 1
524 980 0
547 980 6
552 980 1
573 980 2
585 980 7
589 980 2
591 980 5
621 980 0
663 980 0
680 980 8
685 980 0
689 980 2
712 980 1
736 980 0
744 980 9
753 980 2
774 980 1
778 980 2
779 980 2
788 980 2
803 980 2
821 980 4
852 980 11
859 980 13
860 980 12
862 980 0
891 980 2
918 980 1
934 980 1
945 980 1
955 980 2
4 981 0
58 981 1
85 981 4
117 981 1
197 981 0
250 981 1
289 981 2
307 981 6
331 981 4
371 981 0
385 981 2
397 981 4
412 981 1
416 981 1
448 981 3
456 981 3
466 981 2
491 981 6
498 981 5
511 981 1
566 981 4
572 981 0
587 981 1
599 981 0
619 981 0
665 981 0
686 981 0
713 981 0
754 981 6
789 981 8
798 981 1
800 981 0
801 981 0
821 981 0
829 981 0
830 981 1
834 981 1
837 981 2
840 981 8
846 981 6
850 981 3
853 981 9
911 981 1
926 981 12
944 981 1
973 981 1
52 982 0
83 982 3
173 982 0
208 982 0
217 982 0
285 982 2
310 982 3
351 982 0
409 982 2
418 982 2
441 982 0
498 982 1
501 982 0
542 982 2
563 982 2
582 982 0
612 982 1
624 982 1
633 982 2
673 982 1
732 982 4
766 982 6
787 982 0
801 982 7
812 982 0
821 982 7
843 982 8
849 982 7
852 982 0
868 982 9
869 982 1
871 982 1
872 982 2
886 982 2
893 982 2
909 982 11
910 982 2
921 982 7
932 982 4
955 982 10
962 982 4
970 982 7
971 982 11
973 982 2
979 982 9
32 983 1
38 983 1
50 983 1
64 983 0
72 983 2
116 983 3
180 983 0
208 983 0
337 983 2
368 983 2
387 983 4
389 983 4
406 983 1
473 983 4
475 983 1
497 983 1
502 983 0
504 983 0
541 983 3
564 983 1
584 983 5
588 983 1
641 983 3
657 983 1
661 983 0
669 983 4
689 983 4
721 983 0
727 983 2
731 983 0
787 983 7
811 983 7
818 983 1
822 983 1
829 983 7
853 983 0
858 983 1
870 983 1
895 983 1
915 983 2
931 983 7
944 983 1
946 983 0
961 983 2
974 983 2
976 983 7
88 984 0
109 984 3
134 984 3
157 984 3
193 984 0
259 984 0
263 984 3
283 984 0
286 984 3
355 984 5
378 984 2
429 984 1
440 984 0
461 984 0
467 984 3
487 984 4
507 984 0
559 984 1
585 984 0
612 984 4
624 984 4
625 984 4
627 984 1
695 984 3
700 984 0
702 984 8
712 984 2
724 984 3
729 984 0
778 984 2
809 984 3
822 984 3
835 984 1
838 984 0
872 984 0
882 984 2
890 984 8
891 984 9
910 984 10
923 984 8
933 984 10
935 984 2
956 984 0
966 984 1
974 984 1
0 985 3
28 985 3
106 985 3
113 985 1
115 985 3
116 985 1
142 985 0
147 985 0
204 985 4
297 985 4
346 985 2
375 985 0
394 985 4
421 985 5
422 985 4
432 985 0
436 985 1
437 985 5
455 985 6
464 985 1
473 985 2
482 985 1
494 985 6
495 985 0
529 985 0
532 985 6
568 985 6
622 985 7
677 985 9
679 985 0
705 985 0
718 985 2
752 985 0
800 985 0
815 985 0
823 985 11
861 985 2
892 985 1
907 985 14
929 985 15
940 985 1
946 985 3
952 985 2
974 985 1
978 985 1
56 986 0
167 986 1
177 986 0
231 986 3
246 986 0
265 986 5
299 986 4
305 986 1
313 986 4
420 986 5
430 986 5
479 986 0
510 986 7
515 986 1
527 986 0
546 986 5
611 986 2
641 986 0
663 986 1
672 986 1
691 986 7
692 986 1
701 986 7
750 986 0
761 986 1
776 986 3
795 986 10
797 986 8
799 986 4
801 986 1
805 986 10
828 986 12
860 986 1
861 986 12
866 986 1
873 986 1
883 986 4
918 986 1
927 986 3
933 986 4
941 986 3
944 986 2
946 986 15
957 986 14
977 986 1
18 987 0
27 987 0
42 987 2
57 987 1
91 987 0
133 987 3
146 987 1
161 987 2
214 987 0
244 987 4
268 987 1
288 987 1
358 987 0
407 987 0
418 987 3
428 987 4
450 987 3
458 987 6
486 987 1
517 987 0
522 987 0
530 987 1
558 987 3
574 987 1
591 987 2
596 987 3
656 987 4
663 987 1
688 987 1
708 987 0
713 987 2
762 987 7
769 987 7
794 987 3
802 987 5
804 987 1
844 987 2
873 987 6
881 987 3
892 987 1
897 987 6
898 987 3
911 987 8
967 987 7
972 987 4
984 987 0
12 988 2
39 988 1
41 988 3
104 988 1
121 988 0
126 988 1
137 988 2
151 988 2
152 988 6
193 988 0
215 988 3
305 988 2
346 988 1
406 988 3
492 988 2
498 988 0
521 988 3
525 988 1
526 988 0
548 988 1
555 988 1
570 988 4
592 988 1
594 988 2
618 988 1
647 988 3
649 988 0
686 988 5
723 988 6
750 988 2
767 988 4
804 988 1
809 988 0
812 988 7
827 988 0
838 988 2
856 988 2
858 988 7
887 988 0
901 988 3
913 988 6
914 988 0
924 988 3
937 988 1
940 988 9
942 988 7
972 988 1
10 989 0
17 989 2
36 989 0
46 989 2
69 989 0
77 989 3
88 989 0
89 989 2
105 989 2
111 989 0
132 989 2
141 989 2
155 989 4
159 989 1
167 989 3
212 989 3
239 989 3
319 989 2
353 989 6
356 989 0
420 989 0
433 989 0
453 989 4
481 989 0
490 989 1
563 989 0
607 989 1
609 989 1
625 989 0
659 989 1
695 989 7
712 989 8
747 989 1
751 989 0
762 989 0
767 989 0
774 989 0
778 989 8
800 989 8
807 989 0
847 989 10
850 989 2
861 989 2
865 989 3
904 989 2
912 989 5
950 989 12
3 990 0
61 990 0
103 990 4
112 990 0
148 990 2
230 990 2
235 990 2
319 990 0
322 990 3
345 990 2
367 990 5
400 990 4
404 990 0
428 990 0
462 990 0
466 990 0
474 990 2
484 990 0
495 990 4
543 990 6
577 990 2
579 990 4
615 990 2
636 990 0
641 990 1
651 990 2
675 990 4
697 990 4
698 990 1
711 990 4
731 990 1
750 990 8
764 990 0
766 990 0
780 990 1
781 990 1
847 990 2
877 990 0
886 990 7
898 990 1
899 990 3
920 990 14
924 990 9
927 990 0
935 990 6
950 990 1
957 990 1
978 990 3
30 991 1
73 991 0
125 991 1
196 991 2
202 991 1
209 991 1
307 991 0
313 991 0
350 991 0
368 991 1
398 991 4
404 991 0
429 991 1
431 991 4
458 991 1
471 991 3
473 991 1
491 991 0
519 991 2
530 991 4
560 991 5
573 991 0
609 991 1
640 991 3
642 991 0
644 991 3
651 991 4
672 991 1
715 991 0
721 991 1
728 991 6
731 991 4
736 991 0
737 991 1
741 991 4
797 991 0
813 991 0
835 991 5
870 991 6
875 991 0
881 991 1
893 991 6
906 991 1
915 991 6
938 991 1
943 991 8
968 991 9
51 992 1
80 992 4
101 992 1
149 992 2
173 992 0
176 992 1
215 992 0
268 992 0
280 992 2
282 992 3
304 992 0
343 992 4
364 992 3
376 992 2
452 992 5
470 992 2
493 992 3
544 992 0
563 992 0
606 992 4
608 992 2
610 992 0
611 992 4
631 992 3
659 992 0
662 992 0
712 992 0
724 992 1
751 992 3
765 992 1
777 992 3
790 992 2
806 992 6
815 992 5
829 992 2
842 992 7
860 992 5
887 992 2
899 992 2
924 992 3
927 992 6
944 992 8
948 992 3
953 992 9
955 992 3
973 992 3
975 992 9
24 993 0
25 993 3
43 993 2
52 993 0
72 993 1
97 993 1
192 993 0
221 993 0
228 993 2
233 993 0
277 993 2
280 993 4
286 993 1
292 993 2
343 993 2
364 993 3
452 993 3
461 993 0
471 993 2
574 993 2
603 993 3
611 993 5
627 993 1
697 993 0
717 993 0
735 993 0
740 993 2
742 993 5
743 993 1
754 993 1
768 993 1
808 993 6
826 993 0
828 993 0
842 993 3
855 993 0
859 993 1
864 993 2
902 993 2
927 993 8
943 993 1
946 993 2
953 993 8
962 993 1
964 993 10
968 993 3
975 993 5
988 993 0
992 993 9
67 994 0
167 994 0
235 994 1
246 994 3
265 994 0
292 994 1
317 994 0
424 994 4
432 994 0
439 994 5
455 994 1
509 994 0
548 994 6
554 994 3
557 994 1
571 994 2
607 994 1
609 994 7
616 994 0
621 994 6
640 994 8
652 994 1
660 994 1
686 994 2
694 994 6
710 994 1
720 994 1
721 994 1
726 994 1
757 994 7
770 994 8
804 994 1
830 994 1
834 994 11
838 994 7
854 994 1
855 994 1
898 994 12
905 994 15
915 994 12
916 994 12
928 994 14
930 994 13
940 994 2
943 994 3
960 994 12
973 994 2
991 994 5
49 995 2
65 995 2
100 995 1
184 995 3
219 995 4
254 995 1
265 995 2
301 995 4
312 995 1
317 995 2
336 995 0
338 995 2
402 995 1
413 995 5
492 995 5
502 995 2
581 995 5
619 995 5
624 995 1
626 995 5
627 995 1
659 995 5
668 995 1
705 995 2
722 995 6
755 995 6
762 995 0
771 995 2
773 995 7
801 995 2
810 995 2
832 995 2
847 995 4
877 995 10
894 995 4
903 995 4
904 995 1
907 995 1
912 995 12
941 995 5
949 995 10
952 995 1
959 995 5
966 995 3
968 995 2
973 995 4
974 995 2
977 995 2
979 995 3
10 996 0
16 996 3
24 996 0
32 996 3
41 996 0
48 996 1
53 996 3
62 996 3
121 996 4
124 996 3
136 996 1
188 996 0
215 996 0
224 996 5
249 996 1
252 996 5
264 996 0
273 996 2
324 996 4
326 996 0
341 996 6
371 996 5
388 996 0
403 996 5
464 996 5
469 996 6
511 996 6
537 996 0
554 996 6
587 996 7
606 996 1
621 996 1
630 996 0
658 996 0
681 996 2
682 996 0
688 996 0
762 996 0
773 996 0
793 996 10
828 996 1
852 996 2
856 996 0
876 996 1
899 996 1
902 996 14
908 996 14
928 996 1
954 996 0
956 996 0
81 997 3
86 997 0
131 997 0
165 997 0
213 997 4
231 997 5
253 997 3
266 997 4
272 997 2
297 997 0
299 997 4
313 997 4
333 997 1
352 997 0
430 997 6
481 997 0
510 997 6
513 997 5
565 997 0
654 997 3
657 997 1
670 997 2
674 997 1
689 997 0
691 997 7
701 997 7
709 997 2
724 997 2
781 997 0
795 997 7
797 997 9
805 997 10
825 997 1
828 997 10
836 997 1
848 997 1
861 997 10
924 997 0
933 997 6
946 997 14
949 997 3
952 997 2
955 997 2
957 997 14
965 997 3
966 997 1
975 997 2
986 997 16
994 997 0
81 998 2
137 998 1
146 998 1
161 998 1
191 998 0
213 998 3
229 998 3
265 998 4
282 998 1
313 998 3
343 998 2
430 998 3
440 998 2
460 998 5
473 998 1
474 998 1
510 998 5
513 998 3
546 998 5
559 998 0
600 998 0
613 998 2
658 998 1
681 998 0
691 998 6
701 998 5
710 998 1
718 998 1
733 998 0
745 998 1
776 998 3
795 998 8
797 998 8
805 998 11
828 998 9
861 998 12
919 998 0
930 998 1
931 998 2
946 998 15
949 998 3
971 998 4
972 998 1
982 998 1
985 998 4
986 998 15
987 998 3
989 998 1
992 998 2
997 998 16
19 999 0
99 999 1
129 999 3
140 999 0
154 999 2
200 999 3
281 999 0
284 999 0
302 999 1
320 999 1
351 999 1
362 999 6
386 999 0
407 999 2
447 999 0
454 999 1
482 999 2
484 999 3
525 999 3
535 999 0
538 999 4
552 999 5
576 999 0
589 999 2
664 999 2
670 999 6
686 999 1
698 999 7
717 999 3
723 999 1
735 999 2
740 999 2
775 999 1
784 999 0
788 999 8
791 999 6
798 999 6
837 999 1
849 999 0
857 999 1
858 999 2
885 999 0
903 999 11
906 999 2
914 999 4
926 999 1
934 999 2
942 999 2
952 999 13
965 999 0
