11 21 2
17 26 0
31 32 0
9 43 1
34 45 0
41 46 4
9 47 0
15 68 0
68 78 2
14 79 0
44 85 0
4 86 0
51 88 0
41 92 0
43 92 2
35 93 2
31 94 0
68 95 3
78 95 2
15 102 4
80 102 3
99 107 0
63 109 0
36 111 1
58 117 2
67 118 0
7 122 3
42 122 0
70 122 0
51 125 0
12 128 3
80 128 4
71 139 1
18 141 0
87 147 0
117 147 0
82 152 1
58 153 0
74 153 0
62 154 0
41 155 0
150 156 1
141 157 1
143 157 1
49 158 3
25 162 1
92 162 3
129 162 2
25 165 3
98 165 2
155 165 2
18 167 0
144 167 2
130 168 0
138 168 2
32 169 0
137 169 0
104 171 0
10 172 1
11 172 1
108 173 0
85 174 1
35 177 2
23 178 2
151 180 0
73 181 2
121 185 0
53 186 4
78 186 2
21 188 0
119 192 0
32 193 0
119 196 3
29 197 0
98 197 2
99 197 1
155 197 1
165 197 3
23 198 1
12 199 2
22 199 3
149 200 0
36 204 1
156 205 2
173 205 0
42 207 3
59 207 0
36 210 1
91 210 0
45 211 3
116 214 2
10 218 1
60 218 2
78 218 0
191 219 0
204 220 0
0 223 3
68 225 1
186 225 3
48 226 0
44 227 0
68 227 1
90 227 0
175 229 1
208 229 0
151 230 1
93 232 0
232 233 3
9 234 1
7 235 0
22 236 0
40 237 1
104 238 2
30 239 0
18 240 3
161 241 0
139 246 2
3 247 0
180 247 2
230 248 1
35 249 0
117 249 2
245 249 2
106 250 4
116 250 0
7 252 2
188 252 3
60 253 1
126 254 0
211 254 0
47 255 0
83 255 2
101 255 1
107 255 2
162 255 0
225 255 0
5 259 1
71 261 0
172 261 0
51 262 2
187 262 2
251 262 0
253 264 0
211 265 0
222 265 3
89 266 0
194 266 0
199 267 0
254 267 0
61 268 0
75 269 0
177 269 0
3 270 2
144 270 0
150 270 0
133 271 0
75 272 0
131 272 2
164 272 0
27 273 1
90 274 0
221 274 2
241 274 3
37 275 5
55 277 0
172 277 2
262 278 3
106 279 3
108 279 0
112 280 3
209 280 0
53 281 4
167 281 2
46 282 0
169 282 2
172 283 0
97 284 0
106 285 0
244 285 3
216 286 1
66 288 0
195 288 3
260 288 0
177 289 0
278 289 0
66 290 0
107 290 2
258 290 0
266 290 1
24 291 4
98 291 0
15 292 0
44 293 1
173 293 0
175 293 2
146 295 0
265 295 0
28 296 0
176 297 0
4 298 0
95 298 1
144 298 3
281 298 3
92 300 2
129 300 3
155 300 2
162 300 3
184 300 0
233 300 0
277 301 1
84 302 3
120 302 3
190 302 1
127 303 0
185 303 0
288 303 0
110 304 1
210 304 0
236 304 1
214 306 0
232 306 4
291 306 0
37 307 0
103 307 0
191 307 0
32 308 2
221 308 0
81 309 0
303 309 4
101 310 2
178 310 0
58 312 2
161 312 3
238 312 0
138 313 0
265 313 3
212 314 0
249 314 2
183 315 0
290 315 3
295 315 0
101 317 0
198 318 0
264 318 0
313 318 0
36 319 4
117 320 2
244 320 0
249 320 3
149 321 3
201 321 0
321 322 5
304 323 0
245 324 4
312 324 2
77 325 5
293 325 0
11 326 1
283 326 0
140 327 0
9 328 1
30 328 3
96 328 0
141 329 2
241 329 0
326 329 1
9 330 0
204 330 0
231 331 0
314 332 0
54 334 0
12 335 0
31 336 0
34 336 0
113 336 2
266 336 0
17 338 2
66 338 0
83 338 0
252 339 0
321 340 1
114 341 0
225 341 0
29 342 2
72 342 4
207 342 5
94 343 1
138 344 3
168 344 2
169 344 0
287 344 3
305 345 0
193 346 0
340 347 0
89 348 0
157 348 0
277 348 1
105 349 1
170 349 0
224 349 0
256 349 3
70 350 0
71 350 2
88 350 0
284 350 1
293 351 0
296 351 0
135 352 0
305 352 3
348 352 0
257 353 0
8 354 0
51 354 1
240 354 4
349 354 3
279 356 0
350 356 4
97 357 1
189 357 2
232 357 0
39 358 0
137 358 3
23 359 0
57 360 0
297 360 2
299 360 2
25 361 2
165 361 2
231 361 0
273 361 0
75 362 0
237 362 0
274 362 2
0 364 3
324 364 0
79 365 0
159 365 0
203 365 0
205 366 0
226 367 1
157 368 2
242 368 0
59 369 4
211 369 0
209 370 1
29 371 2
72 371 3
199 371 3
229 371 0
184 372 4
1 373 0
98 373 0
122 373 2
242 373 0
327 375 4
372 376 0
12 377 0
260 377 1
196 378 0
9 379 0
25 379 2
162 379 1
94 380 1
240 380 0
367 380 0
228 382 2
16 384 4
174 384 2
256 384 3
62 385 0
3 386 2
253 386 3
368 386 2
69 387 0
192 387 3
259 387 0
367 387 4
115 388 0
127 388 3
332 388 3
14 389 4
41 389 4
46 389 4
239 389 1
381 389 4
60 390 4
178 390 2
218 390 2
389 390 0
17 391 2
33 391 0
176 391 2
208 391 1
340 391 1
355 391 1
47 392 1
330 392 2
185 393 0
351 393 4
110 394 0
355 394 3
333 396 0
119 397 3
150 397 0
163 397 0
196 397 4
173 398 3
334 398 1
49 399 0
197 399 2
304 399 0
392 399 3
249 400 0
352 400 0
58 401 0
34 402 0
220 402 3
371 402 1
217 403 3
398 403 0
5 404 2
134 404 1
365 404 1
394 404 0
229 405 2
366 405 4
90 406 4
191 406 5
195 406 0
263 406 0
80 407 0
158 407 2
347 408 4
79 409 3
189 409 0
342 409 0
84 410 2
99 410 0
120 410 2
307 410 4
143 411 1
326 411 2
409 411 1
45 413 1
87 413 2
226 413 0
381 413 0
409 413 2
163 414 3
206 414 2
219 414 1
406 414 0
59 415 0
149 415 2
317 415 0
340 415 2
355 415 2
229 416 0
340 416 1
394 416 2
149 417 4
416 417 2
48 419 2
306 419 0
330 419 0
394 419 4
417 419 5
194 420 0
275 420 3
54 421 2
257 421 0
365 421 3
149 422 0
314 422 1
337 422 0
343 422 1
401 422 1
81 423 2
100 423 0
119 423 0
135 423 0
247 423 0
398 423 0
156 424 0
201 424 0
414 424 3
1 425 2
186 425 0
223 425 0
262 425 3
278 425 3
406 425 0
22 426 3
29 426 2
207 426 3
356 426 0
69 427 3
318 427 3
173 428 0
406 428 0
143 429 0
243 429 3
326 429 0
287 430 0
86 431 2
47 432 4
98 432 2
361 432 2
115 433 3
304 434 2
392 434 2
4 435 3
196 435 0
206 435 3
219 435 2
224 435 4
307 435 3
92 436 0
338 436 0
411 436 2
310 437 0
103 438 1
141 440 0
278 440 2
256 441 6
384 441 3
159 442 0
310 442 0
16 443 0
21 443 1
46 443 0
120 443 0
178 443 2
313 443 0
411 443 1
123 444 2
140 444 0
218 444 3
11 445 0
64 445 0
68 445 2
167 445 3
274 445 0
60 446 0
188 447 0
268 447 0
287 447 0
304 447 2
330 447 1
434 447 4
194 448 0
284 448 2
364 448 0
382 448 3
407 448 3
32 449 1
174 449 0
258 449 0
308 449 1
438 449 0
81 450 2
182 450 0
184 450 4
362 450 4
372 450 4
155 451 0
166 451 3
322 452 0
369 452 4
34 453 1
449 453 1
85 454 3
235 454 0
354 454 3
441 454 4
59 455 0
86 455 2
96 455 0
105 456 0
123 456 0
170 456 4
344 456 2
19 457 2
40 457 0
104 457 1
283 457 0
408 457 3
195 458 2
205 458 0
230 458 0
299 458 3
204 459 0
263 459 4
341 459 3
420 459 3
2 460 3
167 461 4
267 461 6
453 461 0
168 462 2
170 462 3
280 462 0
321 462 0
345 462 0
374 462 5
21 463 0
40 463 0
244 463 0
399 463 0
137 464 0
153 464 4
203 464 0
64 465 2
139 465 0
345 465 0
353 465 3
393 465 0
438 465 2
79 466 2
272 466 0
409 466 3
62 467 0
219 467 0
315 467 0
458 467 2
50 468 0
274 468 4
423 468 4
65 469 2
119 469 0
254 469 1
30 470 1
317 470 3
377 470 4
347 472 4
374 472 0
284 473 2
378 473 3
451 473 3
222 474 4
471 474 6
27 475 1
308 475 0
26 476 0
212 476 0
258 476 0
402 476 2
162 477 0
328 477 3
472 477 0
12 478 3
29 478 3
42 478 4
85 478 0
146 478 0
426 478 5
82 479 0
393 479 5
403 479 0
49 480 0
274 480 0
333 480 1
403 480 1
460 480 0
39 481 0
48 481 2
415 481 2
416 481 3
114 482 2
346 482 2
385 482 3
168 483 0
269 483 0
434 483 0
464 483 6
134 484 1
412 484 0
451 484 0
481 484 0
138 485 3
287 485 4
387 485 4
242 486 4
325 486 1
429 486 0
461 486 0
117 487 0
196 487 0
308 487 3
124 488 0
153 488 5
328 488 0
381 488 5
464 488 6
322 489 3
338 489 3
388 489 0
415 489 1
417 489 3
419 489 3
460 489 0
26 490 2
355 490 0
446 490 1
462 490 0
475 490 3
192 491 0
286 491 2
296 491 1
404 491 0
299 492 5
334 492 0
458 492 3
473 492 0
124 493 0
482 493 0
31 494 1
89 494 1
145 494 0
258 494 0
337 494 0
354 494 0
108 495 1
296 495 4
419 495 0
486 495 0
39 496 3
73 496 0
228 496 1
315 496 0
209 497 2
256 497 0
271 497 0
360 497 0
27 498 0
193 498 3
279 498 0
345 498 1
37 499 0
142 499 4
144 499 0
153 499 3
483 499 5
66 500 1
336 500 0
363 500 4
377 500 0
466 500 1
241 501 5
274 501 5
372 501 4
468 501 6
58 502 1
103 502 0
161 502 2
314 502 3
320 502 4
404 502 0
418 502 0
467 502 1
60 503 0
182 503 4
436 503 0
0 504 0
104 504 1
234 504 1
460 504 0
6 505 4
287 505 2
462 505 5
127 506 0
421 506 0
434 506 0
451 506 0
467 506 0
24 507 3
48 507 3
142 507 0
162 507 0
302 507 0
415 507 3
481 507 6
2 508 0
22 508 0
277 508 2
436 508 2
443 508 3
179 509 0
301 509 0
385 509 4
110 510 3
234 510 1
236 510 3
326 510 0
388 510 0
399 510 3
431 510 0
6 511 0
70 511 4
424 511 5
67 512 5
263 512 4
307 512 0
67 513 0
106 513 0
319 513 0
400 513 0
392 514 0
88 515 2
259 515 3
267 515 0
495 515 3
209 516 3
288 516 0
433 516 2
450 516 1
505 516 0
101 517 3
255 517 1
420 517 4
471 517 5
97 518 0
118 518 5
250 518 4
296 518 0
423 518 4
450 518 3
96 519 2
28 520 0
33 520 0
190 520 0
246 520 4
356 520 5
170 521 5
324 521 1
374 521 4
462 521 5
485 521 3
505 521 3
253 522 0
269 522 3
348 522 2
482 522 2
28 523 3
363 524 0
383 524 0
25 525 0
45 525 0
56 525 0
292 525 0
247 526 1
331 526 0
401 526 0
474 526 1
498 526 2
504 526 2
117 527 2
130 527 4
181 527 3
346 527 0
374 527 0
493 527 0
502 527 3
174 528 0
332 528 2
101 529 2
263 529 3
265 529 4
341 529 4
455 529 0
1 530 0
119 530 1
225 530 0
305 530 3
331 530 3
492 530 0
519 530 0
139 531 3
146 531 0
520 531 4
205 532 4
394 532 0
155 533 0
422 533 3
446 533 4
261 534 3
317 534 4
439 534 0
101 535 1
313 535 4
341 535 4
471 535 4
474 535 4
524 535 0
210 536 3
286 536 0
335 536 0
342 536 0
496 536 5
528 536 4
6 537 3
138 537 3
153 537 0
367 537 3
405 537 0
505 537 5
89 538 0
120 538 0
220 538 0
227 538 0
347 538 4
502 538 0
14 539 3
132 539 4
319 539 0
381 539 4
499 539 4
536 539 1
38 540 0
63 540 2
222 540 1
249 540 0
413 540 2
22 541 0
114 541 3
370 541 2
452 541 0
506 541 4
124 542 2
251 542 3
429 542 0
474 542 0
477 542 2
179 543 1
189 543 2
378 543 3
407 543 0
429 543 3
473 543 2
535 543 0
75 544 0
171 544 2
200 544 3
219 544 0
264 544 3
453 544 0
534 544 0
142 545 0
152 545 2
385 545 0
485 545 0
506 545 4
524 545 4
123 546 1
223 546 0
458 546 0
460 546 5
471 546 0
32 547 1
385 547 1
425 547 0
143 548 2
192 548 1
253 548 1
277 548 0
436 548 2
0 549 0
87 549 0
380 549 2
383 549 0
427 549 2
466 549 0
497 549 0
522 549 0
25 550 0
158 550 0
281 550 0
477 550 2
100 551 2
142 551 0
425 551 3
469 551 2
550 551 1
85 552 2
105 552 5
349 552 3
354 552 4
73 553 4
181 553 3
314 553 4
320 553 3
324 553 2
473 553 0
502 553 4
161 554 0
192 554 1
446 554 4
548 554 1
3 555 0
99 555 2
234 555 3
261 555 0
330 555 2
379 555 2
434 555 4
21 556 0
48 556 0
88 556 2
134 556 2
137 556 0
241 556 0
292 556 1
305 556 0
118 557 0
147 557 0
460 557 0
474 557 0
493 557 3
56 558 3
95 558 2
144 558 2
170 558 0
175 558 0
267 558 3
281 558 1
439 558 0
445 558 3
461 558 4
234 559 0
235 559 5
388 559 0
401 559 3
6 560 1
43 560 0
216 560 0
261 560 3
100 561 1
109 561 0
126 561 3
180 561 0
183 561 0
262 561 1
440 561 1
471 561 0
78 562 0
359 562 0
169 563 0
311 563 2
452 563 0
285 564 2
292 564 0
414 564 0
442 564 7
8 565 0
96 565 2
108 565 2
219 565 0
286 565 1
316 565 2
495 565 4
58 566 2
181 566 3
245 566 6
249 566 3
324 566 4
71 567 1
77 567 0
145 567 5
200 567 0
246 567 2
317 567 0
463 567 6
531 567 4
382 568 1
397 568 0
448 568 1
468 568 5
501 568 5
518 568 4
553 568 1
273 569 1
416 569 0
418 569 0
507 569 0
537 569 1
107 570 0
345 570 5
521 570 1
35 571 0
77 571 0
122 571 3
297 571 1
430 571 0
23 572 1
263 572 0
360 572 2
394 572 0
396 572 2
458 572 3
27 573 0
92 573 2
99 573 2
162 573 1
304 573 1
432 573 3
510 573 4
560 573 0
430 574 4
472 574 4
514 574 6
538 574 3
29 575 0
51 575 2
106 575 0
110 575 0
356 575 0
431 575 4
551 575 3
561 575 4
89 576 0
346 576 4
497 576 4
522 576 4
278 577 0
388 577 0
532 577 1
172 578 3
179 578 0
277 578 3
329 578 2
457 578 1
195 579 1
221 579 1
258 579 0
517 579 0
18 580 3
105 580 2
113 580 1
174 580 2
230 580 0
256 580 3
441 580 4
552 580 4
561 580 0
196 581 4
331 581 4
366 581 4
397 581 4
534 581 0
194 582 4
321 582 0
326 582 0
532 582 5
549 582 2
137 583 1
151 583 1
179 583 3
237 583 0
357 583 3
420 583 0
429 583 2
131 584 2
156 584 2
221 584 0
383 584 4
533 584 2
115 585 4
166 585 0
433 585 5
497 585 4
509 585 4
545 585 3
558 585 0
38 586 3
46 586 0
390 586 0
430 586 6
514 586 6
42 587 0
175 587 2
295 587 0
331 587 5
405 587 4
530 587 5
543 587 0
150 588 2
369 588 0
466 588 2
537 588 1
64 589 3
323 589 5
465 589 3
6 590 3
89 590 0
192 590 3
274 590 1
344 590 2
353 590 0
367 590 4
387 590 5
560 590 2
177 591 0
357 591 0
462 591 0
504 591 5
569 591 5
570 591 4
13 592 4
223 592 4
294 592 0
317 592 0
498 592 0
130 593 3
181 593 4
245 593 4
320 593 3
324 593 4
337 593 0
405 593 0
502 593 4
527 593 4
553 593 7
566 593 5
165 594 1
294 594 2
295 594 1
523 594 5
558 594 0
580 594 0
375 595 0
379 595 1
408 595 0
477 595 0
519 595 4
58 596 0
131 596 1
160 596 4
290 596 0
416 596 0
479 596 6
484 596 5
57 597 1
91 597 0
103 597 1
214 597 0
288 597 0
333 597 3
353 597 1
403 597 1
594 597 3
87 598 0
341 598 4
355 598 0
420 598 5
471 598 5
512 598 5
517 598 6
535 598 5
17 599 2
48 599 2
78 599 0
86 599 0
208 599 3
239 599 0
291 599 3
340 599 2
355 599 4
394 599 4
415 599 4
11 600 0
16 600 4
174 600 4
421 600 0
454 600 4
552 600 4
580 600 5
49 601 2
189 601 4
382 601 3
412 601 0
166 602 3
191 602 0
231 602 0
436 602 0
473 602 1
494 602 0
583 602 4
52 603 4
69 603 0
359 603 3
401 603 4
436 603 0
592 603 5
16 604 4
156 604 1
174 604 3
256 604 5
349 604 3
384 604 6
441 604 5
600 604 5
602 604 0
99 605 2
110 605 3
114 605 1
155 605 2
300 605 3
361 605 2
447 605 3
510 605 3
573 605 3
131 606 0
139 606 5
167 606 1
231 606 0
246 606 5
350 606 3
424 606 0
461 606 1
463 606 5
520 606 6
531 606 5
81 607 3
221 607 3
241 607 2
279 607 4
362 607 3
407 607 0
568 607 4
64 608 0
83 608 1
411 608 0
449 608 3
275 609 0
333 609 2
379 609 0
415 609 0
566 609 1
597 609 3
50 610 0
51 610 1
185 610 2
254 610 1
263 610 0
278 610 3
397 610 0
431 610 3
440 610 2
455 610 3
28 611 0
95 611 0
212 611 4
127 612 0
194 612 4
425 612 0
533 612 3
582 612 6
588 612 3
605 612 0
18 613 3
85 613 3
120 613 0
140 613 1
166 613 0
441 613 5
454 613 6
580 613 6
600 613 7
604 613 5
282 614 0
493 614 4
523 614 0
600 614 0
118 615 0
193 615 4
205 615 0
287 615 0
198 616 0
270 616 3
286 616 1
440 616 0
443 616 1
444 616 2
548 616 1
568 616 1
18 617 0
81 617 1
215 617 0
250 617 2
257 617 5
377 617 6
400 617 6
560 617 5
124 618 1
127 618 0
212 618 2
550 618 2
569 618 0
611 618 4
616 618 1
268 619 3
298 619 0
542 619 2
543 619 0
562 619 1
563 619 4
618 619 4
65 620 0
206 620 4
307 620 5
410 620 5
482 620 0
511 620 7
514 620 1
552 620 0
20 621 0
188 621 4
252 621 4
273 621 0
376 621 0
426 621 0
451 621 0
577 621 7
594 621 0
54 622 0
119 622 0
234 622 2
236 622 4
379 622 3
392 622 3
447 622 3
566 622 0
573 622 3
258 623 1
300 623 0
303 623 0
409 623 3
422 623 3
466 623 1
540 623 5
542 623 0
99 624 0
135 624 1
138 624 4
192 624 2
226 624 2
287 624 4
320 624 0
344 624 3
370 624 1
374 624 3
485 624 5
537 624 4
50 625 2
67 625 0
266 625 0
398 625 1
421 625 3
491 625 0
515 625 3
519 625 1
556 625 0
565 625 3
574 625 0
44 626 2
158 626 0
175 626 2
177 626 1
305 626 3
395 626 0
533 626 0
581 626 3
89 627 2
435 627 0
452 627 0
487 627 4
554 627 0
133 628 0
149 628 0
181 628 0
188 628 3
202 628 3
318 628 3
373 628 3
571 628 5
577 628 5
623 628 0
112 629 2
139 629 4
160 629 0
463 629 6
500 629 0
512 629 0
531 629 5
553 629 1
567 629 6
606 629 7
56 630 4
78 630 2
167 630 4
225 630 3
298 630 4
398 630 0
445 630 6
461 630 6
558 630 4
104 631 1
175 631 1
420 631 1
454 631 0
457 631 6
470 631 0
574 631 5
586 631 6
210 632 3
320 632 0
332 632 5
373 632 0
388 632 4
443 632 0
448 632 0
460 632 0
626 632 2
184 633 3
250 633 4
279 633 5
512 633 0
553 633 1
568 633 7
607 633 7
619 633 0
97 634 1
151 634 2
197 634 0
382 634 3
407 634 2
429 634 3
480 634 1
601 634 4
602 634 3
144 635 0
168 635 3
187 635 0
226 635 3
456 635 6
505 635 5
537 635 5
549 635 0
590 635 4
610 635 0
111 636 0
145 636 5
182 636 0
280 636 4
285 636 0
463 636 6
531 636 4
542 636 0
567 636 7
629 636 7
75 637 2
211 637 2
213 637 0
214 637 0
309 637 0
343 637 1
383 637 3
494 637 0
584 637 4
590 637 0
612 637 1
161 638 0
428 638 0
528 638 5
529 638 0
261 639 4
396 639 0
525 639 6
526 639 0
541 639 2
16 640 4
19 640 0
105 640 3
240 640 4
384 640 3
454 640 5
552 640 5
590 640 0
600 640 8
613 640 5
624 640 0
6 641 0
44 641 2
302 641 0
352 641 3
366 641 2
397 641 2
468 641 0
472 641 1
530 641 4
587 641 4
626 641 5
184 642 2
185 642 1
209 642 0
262 642 2
455 642 4
469 642 4
534 642 0
575 642 3
72 643 0
291 643 0
348 643 2
370 643 1
405 643 0
420 643 0
482 643 2
497 643 2
503 643 0
134 644 1
173 644 3
256 644 1
292 644 4
398 644 3
449 644 1
491 644 1
595 644 5
636 644 0
55 645 4
57 645 4
446 645 0
459 645 0
523 645 0
571 645 6
586 645 0
621 645 6
47 646 0
209 646 0
332 646 3
371 646 0
632 646 7
638 646 6
159 647 1
160 647 5
171 647 4
333 647 1
372 647 0
484 647 6
495 647 0
392 648 0
416 648 0
555 648 1
562 648 0
6 649 0
66 649 2
130 649 0
251 649 3
363 649 3
404 649 0
554 649 0
611 649 5
629 649 0
54 650 0
183 650 0
316 650 5
378 650 0
503 650 5
528 650 6
545 650 0
646 650 6
56 651 4
68 651 3
95 651 3
112 651 2
144 651 4
246 651 0
267 651 6
292 651 0
417 651 0
445 651 6
461 651 6
558 651 7
152 652 4
370 652 2
475 652 0
516 652 3
541 652 3
607 652 0
121 653 3
187 653 0
218 653 0
252 653 0
299 653 3
456 653 0
572 653 2
16 654 0
29 654 0
68 654 0
391 654 0
432 654 0
503 654 5
521 654 0
536 654 5
638 654 9
8 655 0
198 655 0
283 655 3
414 655 0
433 655 0
490 655 4
557 655 3
3 656 1
10 656 2
141 656 1
178 656 0
198 656 0
253 656 2
327 656 0
412 656 3
436 656 2
459 656 0
543 656 0
582 656 1
622 656 1
163 657 6
365 657 0
410 657 4
414 657 5
511 657 7
620 657 10
104 658 2
238 658 4
426 658 0
570 658 5
637 658 0
655 658 3
53 659 4
144 659 4
186 659 3
267 659 4
281 659 4
298 659 5
445 659 4
461 659 5
477 659 0
523 659 0
540 659 0
577 659 0
630 659 5
651 659 6
125 660 0
176 660 3
208 660 3
338 660 3
340 660 3
355 660 2
386 660 1
416 660 4
481 660 3
489 660 3
53 661 4
56 661 4
87 661 0
94 661 0
186 661 4
225 661 4
229 661 0
234 661 1
267 661 4
281 661 3
364 661 0
445 661 4
461 661 5
555 661 1
630 661 6
651 661 6
392 662 0
393 662 6
425 662 0
544 662 5
73 663 4
130 663 4
245 663 4
312 663 3
314 663 4
401 663 0
466 663 1
509 663 0
553 663 5
566 663 6
576 663 0
593 663 5
631 663 0
30 664 4
166 664 0
311 664 1
470 664 1
500 664 3
550 664 5
583 664 0
604 664 0
94 665 2
164 665 0
186 665 0
203 665 0
521 665 1
533 665 2
50 666 1
108 666 0
121 666 0
259 666 1
352 666 0
491 666 1
515 666 4
519 666 3
558 666 0
572 666 0
595 666 5
655 666 0
57 667 1
110 667 0
348 667 5
408 667 1
506 667 3
524 667 3
597 667 2
643 667 4
100 668 1
185 668 3
440 668 2
465 668 0
469 668 4
610 668 7
634 668 1
92 669 0
188 669 0
364 669 4
537 669 0
603 669 4
259 670 2
381 670 0
398 670 2
432 670 0
447 670 0
491 670 2
519 670 3
545 670 0
592 670 0
642 670 0
73 671 4
130 671 4
161 671 4
312 671 4
314 671 4
347 671 0
444 671 0
527 671 4
553 671 4
566 671 4
610 671 0
663 671 9
13 672 4
359 672 5
417 672 1
432 672 0
437 672 5
531 672 0
627 672 0
203 673 5
294 673 0
474 673 0
533 673 0
562 673 9
575 673 0
601 673 1
202 674 0
281 674 0
339 674 3
358 674 0
411 674 0
519 674 0
547 674 0
557 674 2
569 674 4
614 674 7
123 675 3
136 675 0
152 675 0
218 675 1
270 675 2
374 675 0
444 675 5
450 675 0
578 675 5
616 675 4
136 676 4
187 676 0
282 676 0
376 676 6
545 676 0
568 676 0
611 676 1
108 677 1
119 677 3
229 677 3
331 677 4
397 677 4
564 677 0
587 677 7
603 677 0
626 677 4
641 677 6
26 678 0
132 678 0
175 678 4
293 678 5
305 678 6
335 678 0
352 678 6
530 678 5
538 678 0
608 678 0
626 678 8
641 678 6
90 679 4
148 679 0
286 679 0
361 679 0
362 679 0
381 679 6
389 679 5
464 679 6
473 679 0
483 679 8
499 679 6
539 679 7
80 680 0
193 680 4
401 680 0
441 680 1
490 680 3
539 680 0
543 680 0
560 680 1
615 680 7
639 680 1
674 680 4
17 681 0
97 681 2
158 681 3
220 681 0
230 681 3
303 681 4
309 681 5
367 681 0
530 681 1
578 681 0
587 681 1
598 681 0
601 681 5
14 682 0
86 682 0
105 682 0
108 682 0
258 682 2
400 682 0
487 682 3
608 682 3
35 683 3
93 683 3
134 683 1
325 683 0
391 683 0
494 683 2
608 683 5
627 683 5
6 684 3
34 684 0
56 684 0
170 684 6
226 684 2
374 684 5
456 684 6
462 684 6
505 684 6
521 684 7
532 684 0
574 684 1
635 684 7
69 685 4
202 685 3
439 685 4
515 685 1
563 685 0
621 685 6
623 685 0
645 685 6
46 686 3
83 686 0
132 686 3
142 686 4
406 686 4
436 686 0
464 686 6
483 686 6
488 686 5
495 686 0
539 686 5
600 686 1
618 686 0
640 686 1
679 686 7
49 687 0
138 687 0
152 687 0
229 687 2
293 687 3
352 687 3
366 687 4
405 687 4
472 687 1
581 687 4
587 687 4
626 687 6
641 687 8
677 687 5
678 687 6
148 688 3
407 688 0
417 688 0
480 688 3
487 688 0
512 688 0
514 688 0
523 688 5
609 688 6
684 688 0
82 689 0
176 689 3
208 689 4
321 689 4
322 689 5
338 689 2
355 689 3
481 689 3
507 689 4
599 689 4
601 689 1
88 690 0
257 690 6
304 690 0
311 690 0
368 690 0
395 690 7
639 690 6
646 690 0
168 691 3
226 691 3
290 691 0
292 691 0
374 691 4
387 691 3
456 691 3
462 691 4
505 691 4
537 691 6
588 691 1
590 691 3
601 691 1
624 691 5
630 691 0
635 691 8
213 692 5
339 692 1
450 692 0
508 692 1
596 692 6
647 692 7
227 693 4
323 693 1
363 693 0
482 693 0
526 693 0
648 693 8
38 694 4
164 694 6
228 694 0
232 694 0
349 694 1
408 694 5
421 694 0
472 694 5
622 694 0
673 694 8
81 695 1
253 695 0
276 695 0
285 695 0
496 695 7
503 695 6
646 695 7
650 695 8
246 696 1
298 696 0
329 696 0
428 696 7
460 696 4
516 696 0
678 696 0
693 696 8
63 697 0
124 697 3
284 697 0
311 697 2
418 697 5
500 697 5
528 697 1
535 697 0
567 697 0
650 697 1
38 698 3
109 698 3
143 698 0
423 698 0
430 698 3
538 698 3
562 698 6
673 698 8
682 698 0
694 698 6
99 699 0
103 699 1
145 699 0
589 699 3
594 699 3
674 699 0
67 700 3
94 700 3
310 700 3
313 700 3
341 700 7
343 700 2
420 700 3
447 700 0
474 700 4
489 700 0
512 700 5
529 700 4
535 700 6
598 700 6
28 701 3
30 701 0
294 701 5
331 701 1
403 701 3
408 701 0
478 701 0
607 701 0
71 702 2
112 702 3
145 702 4
166 702 0
193 702 0
218 702 0
350 702 5
356 702 6
463 702 4
520 702 6
531 702 4
636 702 7
159 703 4
163 703 5
216 703 0
219 703 3
224 703 4
260 703 0
302 703 4
424 703 5
511 703 7
545 703 0
620 703 6
647 703 1
657 703 7
702 703 0
113 704 3
132 704 0
266 704 3
295 704 2
470 704 0
520 704 0
547 704 5
651 704 0
666 704 0
675 704 1
698 704 1
43 705 1
47 705 1
155 705 0
236 705 3
330 705 2
379 705 3
399 705 2
432 705 1
441 705 0
444 705 0
447 705 3
493 705 0
510 705 2
555 705 3
592 705 0
595 705 1
622 705 4
668 705 0
125 706 4
171 706 0
235 706 4
253 706 0
559 706 8
651 706 0
73 707 3
130 707 4
161 707 4
220 707 0
249 707 4
263 707 0
314 707 6
320 707 3
422 707 1
502 707 5
527 707 5
547 707 0
566 707 5
663 707 7
671 707 9
683 707 0
58 708 0
280 708 0
449 708 0
510 708 0
572 708 5
625 708 1
635 708 0
27 709 0
31 709 0
266 709 1
287 709 0
449 709 3
469 709 0
478 709 0
581 709 0
608 709 5
669 709 0
683 709 5
704 709 4
15 710 5
22 710 5
42 710 4
72 710 4
102 710 4
199 710 4
342 710 5
426 710 5
442 710 0
478 710 6
553 710 1
585 710 0
588 710 0
593 710 1
183 711 4
318 711 0
479 711 6
544 711 6
605 711 0
662 711 8
672 711 2
692 711 7
698 711 1
704 711 1
184 712 5
221 712 5
319 712 0
362 712 6
372 712 5
423 712 4
450 712 6
452 712 0
468 712 5
559 712 0
568 712 6
606 712 0
607 712 6
633 712 7
67 713 3
222 713 4
229 713 0
275 713 4
310 713 4
424 713 0
459 713 4
471 713 5
474 713 6
492 713 0
512 713 5
529 713 4
667 713 0
76 714 1
154 714 1
183 714 0
273 714 0
285 714 3
360 714 2
367 714 0
396 714 2
442 714 3
467 714 1
615 714 0
653 714 3
679 714 1
108 715 1
260 715 0
311 715 2
375 715 3
542 715 5
606 715 0
618 715 4
619 715 5
635 715 0
649 715 3
660 715 1
677 715 1
88 716 3
158 716 0
225 716 0
269 716 0
272 716 0
404 716 1
495 716 5
513 716 0
519 716 4
556 716 6
565 716 2
595 716 3
174 717 0
301 717 0
337 717 7
553 717 0
560 717 7
715 717 0
10 718 2
83 718 0
103 718 0
157 718 1
172 718 4
326 718 3
383 718 0
412 718 7
439 718 2
508 718 4
578 718 5
675 718 5
198 719 0
251 719 3
327 719 5
363 719 3
375 719 6
534 719 0
618 719 3
639 719 0
647 719 0
668 719 0
715 719 6
15 720 0
216 720 1
329 720 1
365 720 2
421 720 3
515 720 4
519 720 5
565 720 2
595 720 4
625 720 4
644 720 2
666 720 3
670 720 2
685 720 1
697 720 1
16 721 4
65 721 0
184 721 0
240 721 4
256 721 7
349 721 4
354 721 4
384 721 5
441 721 7
444 721 0
518 721 0
580 721 6
600 721 6
604 721 8
613 721 6
640 721 7
677 721 0
685 721 1
71 722 3
86 722 0
139 722 4
145 722 5
280 722 5
356 722 4
459 722 1
463 722 7
488 722 0
567 722 8
591 722 0
606 722 7
629 722 8
636 722 8
35 723 0
58 723 4
62 723 0
117 723 4
161 723 4
165 723 0
181 723 3
233 723 0
245 723 4
312 723 6
324 723 4
369 723 0
527 723 5
566 723 8
663 723 6
671 723 8
707 723 6
720 723 0
37 724 3
67 724 2
136 724 0
222 724 2
263 724 4
275 724 4
313 724 3
420 724 6
455 724 0
459 724 4
477 724 0
498 724 0
512 724 6
517 724 4
535 724 3
581 724 0
598 724 6
104 725 2
197 725 1
245 725 0
283 725 2
338 725 0
389 725 0
399 725 1
608 725 0
614 725 6
619 725 0
640 725 0
674 725 4
44 726 0
84 726 1
94 726 0
104 726 2
273 726 2
435 726 0
474 726 1
475 726 4
493 726 5
526 726 4
615 726 5
701 726 0
725 726 7
44 727 3
111 727 0
331 727 7
357 727 0
366 727 6
397 727 4
405 727 4
558 727 0
581 727 7
587 727 6
626 727 6
677 727 7
678 727 5
701 727 1
703 727 0
65 728 2
86 728 2
138 728 0
254 728 2
425 728 2
455 728 4
469 728 7
551 728 4
600 728 0
642 728 5
668 728 4
175 729 0
396 729 4
452 729 5
501 729 1
564 729 5
579 729 7
653 729 5
21 730 0
57 730 0
60 730 2
123 730 2
125 730 0
141 730 2
187 730 0
198 730 1
231 730 2
329 730 3
390 730 2
397 730 0
508 730 2
669 730 1
675 730 2
10 731 0
122 731 1
135 731 2
148 731 0
152 731 4
251 731 0
269 731 4
358 731 0
545 731 5
627 731 0
652 731 5
667 731 3
18 732 3
105 732 3
174 732 2
240 732 6
256 732 3
305 732 0
354 732 6
386 732 0
441 732 4
454 732 6
473 732 0
552 732 6
600 732 6
640 732 8
645 732 1
721 732 7
4 733 5
70 733 4
159 733 4
179 733 0
307 733 5
382 733 0
410 733 5
414 733 5
424 733 5
466 733 1
620 733 8
657 733 8
714 733 0
207 734 0
276 734 1
316 734 5
332 734 4
501 734 0
528 734 7
632 734 6
638 734 8
650 734 8
654 734 7
712 734 0
77 735 4
143 735 1
147 735 4
211 735 0
325 735 5
343 735 0
460 735 3
513 735 7
648 735 7
66 736 0
79 736 0
102 736 0
139 736 0
268 736 3
363 736 1
477 736 2
506 736 0
611 736 5
618 736 4
619 736 4
664 736 3
672 736 0
697 736 5
727 736 0
73 737 0
189 737 0
195 737 2
297 737 5
301 737 0
320 737 0
349 737 0
391 737 0
438 737 1
452 737 5
477 737 0
572 737 5
708 737 9
714 737 5
51 738 0
84 738 0
208 738 0
364 738 4
401 738 6
476 738 0
567 738 0
603 738 5
640 738 0
672 738 8
711 738 2
729 738 0
7 739 2
56 739 0
57 739 3
318 739 5
427 739 8
549 739 1
557 739 0
577 739 8
628 739 5
685 739 5
25 740 0
135 740 1
168 740 3
170 740 5
242 740 0
287 740 4
344 740 5
367 740 4
370 740 1
387 740 5
456 740 6
461 740 0
485 740 6
521 740 5
590 740 5
624 740 7
635 740 6
684 740 6
52 741 4
364 741 3
366 741 0
559 741 7
592 741 6
603 741 5
662 741 0
672 741 5
706 741 8
33 742 0
67 742 0
182 742 5
316 742 5
332 742 3
385 742 0
388 742 5
496 742 5
503 742 7
638 742 7
644 742 1
654 742 8
673 742 1
695 742 8
83 743 3
144 743 0
220 743 3
340 743 0
438 743 0
476 743 4
482 743 0
484 743 0
547 743 5
704 743 8
709 743 5
301 744 3
326 744 3
363 744 0
368 744 3
393 744 1
411 744 3
416 744 0
436 744 4
548 744 4
563 744 0
578 744 4
616 744 5
694 744 0
730 744 3
62 745 2
112 745 0
121 745 2
269 745 0
285 745 4
376 745 1
428 745 0
499 745 0
579 745 5
653 745 6
706 745 2
714 745 6
737 745 6
740 745 0
52 746 1
100 746 0
196 746 3
293 746 3
305 746 4
324 746 0
331 746 4
397 746 4
530 746 6
581 746 7
626 746 7
641 746 6
678 746 9
687 746 6
727 746 7
734 746 0
64 747 2
137 747 5
217 747 6
271 747 0
332 747 0
342 747 1
346 747 0
358 747 5
384 747 0
403 747 5
463 747 0
503 747 1
589 747 6
701 747 6
743 747 0
2 748 0
16 748 0
25 748 3
129 748 2
155 748 1
165 748 3
330 748 1
361 748 5
379 748 4
392 748 4
399 748 3
432 748 3
510 748 3
565 748 2
573 748 4
622 748 5
624 748 1
55 749 5
72 749 0
252 749 4
373 749 6
439 749 6
486 749 0
516 749 0
571 749 9
628 749 6
645 749 8
194 750 3
201 750 2
252 750 0
440 750 1
446 750 5
504 750 0
532 750 5
533 750 4
554 750 4
585 750 1
623 750 3
665 750 6
666 750 0
748 750 0
95 751 0
100 751 0
182 751 3
210 751 5
357 751 0
496 751 6
507 751 0
536 751 7
638 751 7
650 751 6
654 751 8
695 751 7
699 751 1
734 751 8
71 752 4
112 752 5
238 752 0
246 752 4
280 752 6
350 752 6
356 752 7
409 752 0
520 752 7
589 752 0
606 752 8
629 752 6
636 752 6
702 752 9
722 752 9
5 753 0
23 753 3
157 753 2
181 753 0
223 753 2
231 753 3
234 753 0
329 753 3
368 753 4
390 753 3
427 753 0
444 753 3
449 753 0
578 753 6
675 753 5
689 753 0
706 753 1
744 753 6
48 754 0
50 754 4
54 754 1
108 754 1
216 754 4
259 754 3
291 754 0
455 754 0
565 754 5
567 754 0
595 754 3
625 754 4
670 754 5
18 755 0
179 755 0
180 755 3
268 755 0
316 755 1
498 755 3
557 755 4
562 755 0
569 755 4
570 755 6
658 755 5
676 755 0
680 755 5
728 755 0
38 756 0
238 756 0
277 756 0
345 756 0
358 756 4
402 756 0
480 756 4
637 756 0
699 756 7
701 756 6
78 757 0
208 757 0
264 757 5
276 757 6
351 757 6
384 757 0
455 757 0
456 757 0
593 757 0
662 757 9
692 757 9
711 757 9
713 757 0
36 758 4
100 758 3
254 758 3
319 758 5
390 758 1
440 758 3
452 758 0
453 758 1
486 758 0
551 758 7
575 758 5
643 758 0
654 758 0
676 758 0
728 758 5
266 759 2
356 759 0
446 759 0
479 759 1
494 759 3
523 759 0
547 759 6
550 759 0
682 759 4
704 759 8
12 760 5
15 760 4
27 760 1
42 760 5
80 760 4
128 760 5
199 760 5
207 760 6
342 760 6
371 760 4
426 760 5
456 760 0
478 760 7
529 760 0
602 760 1
669 760 0
710 760 9
747 760 1
43 761 3
92 761 4
99 761 3
129 761 4
155 761 2
162 761 3
300 761 6
399 761 2
434 761 5
447 761 4
450 761 0
481 761 0
555 761 5
591 761 0
605 761 6
694 761 0
3 762 0
24 762 4
176 762 5
291 762 5
296 762 0
321 762 5
322 762 8
338 762 5
381 762 1
391 762 3
416 762 3
488 762 1
489 762 5
527 762 0
639 762 0
660 762 7
689 762 8
693 762 1
145 763 6
240 763 0
280 763 5
323 763 0
356 763 6
463 763 8
520 763 6
567 763 7
603 763 0
606 763 7
629 763 8
636 763 9
658 763 1
702 763 9
722 763 11
752 763 11
210 764 5
316 764 4
361 764 0
496 764 5
528 764 3
569 764 1
626 764 1
632 764 6
634 764 2
638 764 9
646 764 7
654 764 7
695 764 8
742 764 9
751 764 9
160 765 5
200 765 4
233 765 4
276 765 6
329 765 0
350 765 0
445 765 0
467 765 0
482 765 0
484 765 6
647 765 9
648 765 0
662 765 7
668 765 0
692 765 9
757 765 10
13 766 0
152 766 3
185 766 0
236 766 0
250 766 0
264 766 0
277 766 1
298 766 0
348 766 5
402 766 0
497 766 5
506 766 4
509 766 5
576 766 5
652 766 5
667 766 6
51 767 4
187 767 3
204 767 4
248 767 0
344 767 0
354 767 1
431 767 4
440 767 3
455 767 5
531 767 0
537 767 0
561 767 5
575 767 7
608 767 1
642 767 7
728 767 5
758 767 7
315 768 0
393 768 0
401 768 5
437 768 6
470 768 0
581 768 0
593 768 0
645 768 0
669 768 10
681 768 0
706 768 9
723 768 1
735 768 0
738 768 10
741 768 8
125 769 5
190 769 0
235 769 4
266 769 0
293 769 1
559 769 8
582 769 1
587 769 0
665 769 0
669 769 8
706 769 11
733 769 0
738 769 8
741 769 8
768 769 11
112 770 4
145 770 5
246 770 6
280 770 5
328 770 0
348 770 1
350 770 5
356 770 7
408 770 1
463 770 6
520 770 8
531 770 5
567 770 7
597 770 1
606 770 9
667 770 3
702 770 10
722 770 9
752 770 11
763 770 11
35 771 0
63 771 3
111 771 3
146 771 0
194 771 1
223 771 0
244 771 0
322 771 0
380 771 4
422 771 3
446 771 2
483 771 1
540 771 4
549 771 2
554 771 4
588 771 3
716 771 0
80 772 0
96 772 0
243 772 1
299 772 4
467 772 4
492 772 6
501 772 1
520 772 0
579 772 6
653 772 6
698 772 0
708 772 8
729 772 9
745 772 6
749 772 0
34 773 1
113 773 2
177 773 1
255 773 2
258 773 1
295 773 2
529 773 2
608 773 3
627 773 4
689 773 0
718 773 0
728 773 0
754 773 0
759 773 6
5 774 3
24 774 0
54 774 1
92 774 0
96 774 1
124 774 0
134 774 3
398 774 2
475 774 0
491 774 2
556 774 4
561 774 0
581 774 0
603 774 0
666 774 3
703 774 0
716 774 5
151 775 0
212 775 0
216 775 3
334 775 4
351 775 0
365 775 3
426 775 0
491 775 2
534 775 0
556 775 4
670 775 7
706 775 0
716 775 6
728 775 1
754 775 6
12 776 0
65 776 2
100 776 2
126 776 2
185 776 1
187 776 3
204 776 3
410 776 0
426 776 0
431 776 3
440 776 2
476 776 0
551 776 5
575 776 5
702 776 0
712 776 0
758 776 7
759 776 0
220 777 3
224 777 0
308 777 3
315 777 3
336 777 2
392 777 0
402 777 3
519 777 0
547 777 4
638 777 0
683 777 4
705 777 1
710 777 0
724 777 0
759 777 7
773 777 4
109 778 2
202 778 4
373 778 5
393 778 1
427 778 6
439 778 7
464 778 1
577 778 9
621 778 8
645 778 7
718 778 2
739 778 10
749 778 10
757 778 2
175 779 4
178 779 0
293 779 5
305 779 6
306 779 0
326 779 0
352 779 4
366 779 4
405 779 4
499 779 1
530 779 4
546 779 0
547 779 0
587 779 7
626 779 7
647 779 0
677 779 5
678 779 10
687 779 9
727 779 8
738 779 0
746 779 7
10 780 2
231 780 4
248 780 0
368 780 2
400 780 1
411 780 2
444 780 4
508 780 5
582 780 1
616 780 4
643 780 0
649 780 1
656 780 5
730 780 4
756 780 0
35 781 3
75 781 0
134 781 1
169 781 2
174 781 0
177 781 4
196 781 0
266 781 0
282 781 3
295 781 1
316 781 0
476 781 2
547 781 2
626 781 1
627 781 3
645 781 0
667 781 0
682 781 3
683 781 6
777 781 2
1 782 0
41 782 3
132 782 4
142 782 6
153 782 4
191 782 6
311 782 0
341 782 0
381 782 6
383 782 0
406 782 6
483 782 7
488 782 7
505 782 0
539 782 7
636 782 0
673 782 0
679 782 8
686 782 10
15 783 5
22 783 4
24 783 0
29 783 4
72 783 5
80 783 5
102 783 5
128 783 4
167 783 0
199 783 5
207 783 5
342 783 8
356 783 0
371 783 6
444 783 0
476 783 0
478 783 5
642 783 0
695 783 0
710 783 10
760 783 11
91 784 5
107 784 0
215 784 5
237 784 4
413 784 1
473 784 1
614 784 1
648 784 9
670 784 1
676 784 9
693 784 10
696 784 9
39 785 5
41 785 0
127 785 4
364 785 0
496 785 7
503 785 5
528 785 6
536 785 7
632 785 6
646 785 7
650 785 9
657 785 0
662 785 0
686 785 0
699 785 1
734 785 9
751 785 10
2 786 0
4 786 4
70 786 4
84 786 2
120 786 2
159 786 4
160 786 0
224 786 4
248 786 0
265 786 1
352 786 0
414 786 5
424 786 5
435 786 5
511 786 7
574 786 0
620 786 6
657 786 7
733 786 10
751 786 1
53 787 0
64 787 2
142 787 1
148 787 4
176 787 0
301 787 1
353 787 3
358 787 2
427 787 0
438 787 2
526 787 0
609 787 6
688 787 6
699 787 4
701 787 6
752 787 0
756 787 9
782 787 1
81 788 3
118 788 4
241 788 6
274 788 4
279 788 4
336 788 0
338 788 0
343 788 0
372 788 4
423 788 6
468 788 6
501 788 8
518 788 6
531 788 0
568 788 8
607 788 6
608 788 0
633 788 6
681 788 1
686 788 0
714 788 0
732 788 0
82 789 4
103 789 0
179 789 0
305 789 0
346 789 5
441 789 1
541 789 4
576 789 7
643 789 4
671 789 1
731 789 7
751 789 1
76 790 1
172 790 0
190 790 0
228 790 3
243 790 3
248 790 4
284 790 3
289 790 4
357 790 3
439 790 0
451 790 4
519 790 1
543 790 2
602 790 4
634 790 3
659 790 1
679 790 1
103 791 2
116 791 4
137 791 4
156 791 0
214 791 2
217 791 6
374 791 0
403 791 4
505 791 0
525 791 1
566 791 1
583 791 1
609 791 4
699 791 5
747 791 7
753 791 0
18 792 5
85 792 4
156 792 1
231 792 0
240 792 6
256 792 7
349 792 5
354 792 7
441 792 7
453 792 1
454 792 7
542 792 0
552 792 8
580 792 7
604 792 7
613 792 9
638 792 0
640 792 7
644 792 1
645 792 1
721 792 10
732 792 11
758 792 1
71 793 1
136 793 0
173 793 2
198 793 0
282 793 0
286 793 2
334 793 5
358 793 0
362 793 0
415 793 0
495 793 4
556 793 4
670 793 5
716 793 7
720 793 3
741 793 0
774 793 6
775 793 9
31 794 1
170 794 5
192 794 4
230 794 1
367 794 5
374 794 6
387 794 6
456 794 7
464 794 0
485 794 6
521 794 6
537 794 6
559 794 0
624 794 7
635 794 7
678 794 0
684 794 8
691 794 7
717 794 0
734 794 0
740 794 10
763 794 0
57 795 5
252 795 5
374 795 0
427 795 6
571 795 7
577 795 8
621 795 9
645 795 10
650 795 1
685 795 7
728 795 0
735 795 1
739 795 9
749 795 9
778 795 11
190 796 4
242 796 4
327 796 0
384 796 0
400 796 7
469 796 1
470 796 5
531 796 0
549 796 0
560 796 6
617 796 9
639 796 6
717 796 10
761 796 0
774 796 0
212 797 2
251 797 2
339 797 1
500 797 4
550 797 7
563 797 7
611 797 6
619 797 4
664 797 8
688 797 1
692 797 1
756 797 1
769 797 0
70 798 2
189 798 5
289 798 5
352 798 0
378 798 5
382 798 3
429 798 4
451 798 4
505 798 0
543 798 6
574 798 0
601 798 7
612 798 0
633 798 0
681 798 6
744 798 0
745 798 0
103 799 0
115 799 0
116 799 3
137 799 3
256 799 0
323 799 5
451 799 1
480 799 3
544 799 1
594 799 5
609 799 4
657 799 0
688 799 5
735 799 0
756 799 7
775 799 0
779 799 0
89 800 2
131 800 0
295 800 4
357 800 0
375 800 1
453 800 5
487 800 4
594 800 1
610 800 1
627 800 6
655 800 0
668 800 2
704 800 9
709 800 4
728 800 1
743 800 8
759 800 8
777 800 5
106 801 0
130 801 0
293 801 1
431 801 1
437 801 7
439 801 0
464 801 0
524 801 1
559 801 8
669 801 10
672 801 9
706 801 10
730 801 1
738 801 10
741 801 10
768 801 13
769 801 13
14 802 4
90 802 4
132 802 2
136 802 0
142 802 4
153 802 5
191 802 4
256 802 0
360 802 0
389 802 5
406 802 5
464 802 6
483 802 6
488 802 5
499 802 7
539 802 6
600 802 0
679 802 9
683 802 0
782 802 11
217 803 3
294 803 5
323 803 5
381 803 0
428 803 0
480 803 2
589 803 4
596 803 0
597 803 3
604 803 0
609 803 6
662 803 0
663 803 1
701 803 7
730 803 0
747 803 6
787 803 7
799 803 8
19 804 4
335 804 7
347 804 5
408 804 6
494 804 0
514 804 7
530 804 0
574 804 7
585 804 2
589 804 0
628 804 0
631 804 8
652 804 0
673 804 9
698 804 6
703 804 0
767 804 0
9 805 0
25 805 0
304 805 0
351 805 6
393 805 9
417 805 0
479 805 9
484 805 7
513 805 0
544 805 5
596 805 8
631 805 0
662 805 11
685 805 0
692 805 9
711 805 10
744 805 1
757 805 11
765 805 9
1 806 2
19 806 0
187 806 4
203 806 1
204 806 4
239 806 0
278 806 3
431 806 4
455 806 4
469 806 4
561 806 3
568 806 0
610 806 6
617 806 0
627 806 0
642 806 6
652 806 0
668 806 5
758 806 4
767 806 10
772 806 0
776 806 7
55 807 3
69 807 3
202 807 5
247 807 0
318 807 4
347 807 0
368 807 0
373 807 4
439 807 6
469 807 0
478 807 0
550 807 0
571 807 5
572 807 1
577 807 7
621 807 6
685 807 8
739 807 7
749 807 9
778 807 11
792 807 0
26 808 0
52 808 0
245 808 0
299 808 0
327 808 5
328 808 5
363 808 5
375 808 4
386 808 0
477 808 2
500 808 5
562 808 2
597 808 0
618 808 3
619 808 4
649 808 5
652 808 0
697 808 6
793 808 2
38 809 0
79 809 1
94 809 1
111 809 3
131 809 3
272 809 3
341 809 1
409 809 7
411 809 1
413 809 4
427 809 1
435 809 0
517 809 0
549 809 3
552 809 0
596 809 1
603 809 0
612 809 3
623 809 4
700 809 3
750 809 4
6 810 5
138 810 4
192 810 3
257 810 1
287 810 4
343 810 0
344 810 4
367 810 4
374 810 4
419 810 1
456 810 5
462 810 4
485 810 4
505 810 7
537 810 8
569 810 1
590 810 6
635 810 7
665 810 0
684 810 8
724 810 0
730 810 1
794 810 9
13 811 5
82 811 0
254 811 0
283 811 0
359 811 6
401 811 5
412 811 1
592 811 7
623 811 0
669 811 9
672 811 9
706 811 8
732 811 0
738 811 11
767 811 0
768 811 12
769 811 10
801 811 12
16 812 0
240 812 0
278 812 0
294 812 4
333 812 2
353 812 2
523 812 6
609 812 8
648 812 2
688 812 8
701 812 8
740 812 0
756 812 7
787 812 9
791 812 5
799 812 7
803 812 7
37 813 4
161 813 0
222 813 5
265 813 7
275 813 5
310 813 4
313 813 3
459 813 4
471 813 7
474 813 6
512 813 5
517 813 5
529 813 6
543 813 0
598 813 5
635 813 0
713 813 11
773 813 2
786 813 1
803 813 0
247 814 0
248 814 4
284 814 4
289 814 6
309 814 3
372 814 0
378 814 6
407 814 3
451 814 6
473 814 5
475 814 0
583 814 4
614 814 2
674 814 1
691 814 0
720 814 0
748 814 0
790 814 8
798 814 8
20 815 0
28 815 2
54 815 0
171 815 1
333 815 3
336 815 0
403 815 4
438 815 6
465 815 4
480 815 4
525 815 1
556 815 0
615 815 0
699 815 8
756 815 9
787 815 5
791 815 7
5 816 5
95 816 0
108 816 0
183 816 0
259 816 2
292 816 4
296 816 3
334 816 4
403 816 0
404 816 3
441 816 1
454 816 1
488 816 0
583 816 0
595 816 5
644 816 5
720 816 4
774 816 5
775 816 6
777 816 0
793 816 9
808 816 1
69 817 1
91 817 0
154 817 3
195 817 2
288 817 3
297 817 2
396 817 3
414 817 0
433 817 0
452 817 4
492 817 5
625 817 1
706 817 2
708 817 7
716 817 0
729 817 8
745 817 4
772 817 8
812 817 0
114 818 3
135 818 2
153 818 0
272 818 0
478 818 0
506 818 6
516 818 4
533 818 0
540 818 1
541 818 9
545 818 3
576 818 5
588 818 0
639 818 1
643 818 6
652 818 5
667 818 5
682 818 0
789 818 9
4 819 2
70 819 4
84 819 3
120 819 3
163 819 4
172 819 0
206 819 3
219 819 2
224 819 3
276 819 0
286 819 0
302 819 5
310 819 0
327 819 0
424 819 4
511 819 7
540 819 0
620 819 8
657 819 8
703 819 10
733 819 7
31 820 0
81 820 4
106 820 4
118 820 3
221 820 5
250 820 6
274 820 5
279 820 5
288 820 0
339 820 1
362 820 6
413 820 1
446 820 0
450 820 5
468 820 4
501 820 4
518 820 5
539 820 0
607 820 7
617 820 2
633 820 6
689 820 0
712 820 8
126 821 0
236 821 0
255 821 2
282 821 2
289 821 0
308 821 3
453 821 3
487 821 7
608 821 6
627 821 7
649 821 1
682 821 5
683 821 6
684 821 0
709 821 6
760 821 0
777 821 6
780 821 1
800 821 8
74 822 0
106 822 4
118 822 5
154 822 0
221 822 4
241 822 4
250 822 6
362 822 4
372 822 5
413 822 1
423 822 5
472 822 0
501 822 7
518 822 8
568 822 7
622 822 0
633 822 7
644 822 0
685 822 0
712 822 9
719 822 1
722 822 0
788 822 10
820 822 11
44 823 3
50 823 0
119 823 4
175 823 3
196 823 4
215 823 0
229 823 4
331 823 7
352 823 3
366 823 5
405 823 5
412 823 1
530 823 6
532 823 1
562 823 0
581 823 6
587 823 8
604 823 0
641 823 8
677 823 7
678 823 7
727 823 10
746 823 7
795 823 0
115 824 2
135 824 1
157 824 0
217 824 0
269 824 2
346 824 3
370 824 1
385 824 3
480 824 0
509 824 4
514 824 0
516 824 1
522 824 5
576 824 5
667 824 3
766 824 6
789 824 6
805 824 1
821 824 1
1 825 3
36 825 5
86 825 4
113 825 0
204 825 4
254 825 3
300 825 0
319 825 6
341 825 0
431 825 5
455 825 5
551 825 3
610 825 6
652 825 1
668 825 5
758 825 8
767 825 7
50 826 4
79 826 0
88 826 2
96 826 3
126 826 0
173 826 4
216 826 3
292 826 3
334 826 2
376 826 0
482 826 0
515 826 7
532 826 0
565 826 4
595 826 4
625 826 5
632 826 0
644 826 6
666 826 4
742 826 1
754 826 8
793 826 4
819 826 0
825 826 0
53 827 5
56 827 5
78 827 3
144 827 5
167 827 6
186 827 6
216 827 0
225 827 4
267 827 5
281 827 6
298 827 5
311 827 0
445 827 6
461 827 7
522 827 0
538 827 0
573 827 0
584 827 2
630 827 10
651 827 8
656 827 0
659 827 11
661 827 11
36 828 2
188 828 5
202 828 5
279 828 0
427 828 6
439 828 6
571 828 8
576 828 0
577 828 10
578 828 0
621 828 8
628 828 9
691 828 0
739 828 9
749 828 10
777 828 0
778 828 13
795 828 11
807 828 11
124 829 4
186 829 0
322 829 0
343 829 0
418 829 5
466 829 1
477 829 2
500 829 7
580 829 0
584 829 1
611 829 8
618 829 6
649 829 5
664 829 5
697 829 10
719 829 6
736 829 9
739 829 0
789 829 1
797 829 7
171 830 4
183 830 4
275 830 0
276 830 7
296 830 0
306 830 5
389 830 1
393 830 6
431 830 0
484 830 7
647 830 10
662 830 9
692 830 9
696 830 1
734 830 1
757 830 11
765 830 12
796 830 0
802 830 1
805 830 11
5 831 0
74 831 0
143 831 0
169 831 1
258 831 2
295 831 2
336 831 1
387 831 0
402 831 1
433 831 0
440 831 0
456 831 0
487 831 3
552 831 1
608 831 7
658 831 0
682 831 6
683 831 5
709 831 5
743 831 4
773 831 6
778 831 0
781 831 6
792 831 1
309 832 1
411 832 0
428 832 7
460 832 6
522 832 1
544 832 0
546 832 9
583 832 0
619 832 0
648 832 10
693 832 11
696 832 12
698 832 0
707 832 0
784 832 12
825 832 0
26 833 2
66 833 0
169 833 1
247 833 4
280 833 0
339 833 2
375 833 0
526 833 2
557 833 3
569 833 3
570 833 4
589 833 1
615 833 6
656 833 0
658 833 4
680 833 5
725 833 4
755 833 9
791 833 0
44 834 3
119 834 4
148 834 0
196 834 4
229 834 2
293 834 3
305 834 3
331 834 5
352 834 4
366 834 5
397 834 5
434 834 0
485 834 0
497 834 0
499 834 2
581 834 6
587 834 5
628 834 0
657 834 0
677 834 9
678 834 6
685 834 0
727 834 10
779 834 9
823 834 13
16 835 4
18 835 5
85 835 5
105 835 4
121 835 0
174 835 6
178 835 0
240 835 5
354 835 5
384 835 4
454 835 7
489 835 0
552 835 8
555 835 0
580 835 7
600 835 9
604 835 6
605 835 0
613 835 8
640 835 10
719 835 0
732 835 11
736 835 0
739 835 0
749 835 0
771 835 0
792 835 11
8 836 5
77 836 0
140 836 5
190 836 5
239 836 5
282 836 0
541 836 1
552 836 0
560 836 6
581 836 0
639 836 7
690 836 10
717 836 10
780 836 1
135 837 5
246 837 0
385 837 4
386 837 2
459 837 0
497 837 6
522 837 5
524 837 6
585 837 5
652 837 7
689 837 0
731 837 8
766 837 8
789 837 8
795 837 0
818 837 8
824 837 7
87 838 0
217 838 1
238 838 3
273 838 2
275 838 0
283 838 5
372 838 1
382 838 0
490 838 4
493 838 6
518 838 0
552 838 0
570 838 6
573 838 0
591 838 5
614 838 7
655 838 7
674 838 5
685 838 0
755 838 6
759 838 0
791 838 1
160 839 6
183 839 5
213 839 6
232 839 4
331 839 0
333 839 1
351 839 5
468 839 2
535 839 0
544 839 4
573 839 0
596 839 7
647 839 11
692 839 11
711 839 9
722 839 1
735 839 1
757 839 10
765 839 9
830 839 10
12 840 4
15 840 5
20 840 0
22 840 4
29 840 5
42 840 5
61 840 0
72 840 5
80 840 5
102 840 5
128 840 5
203 840 0
207 840 6
342 840 7
371 840 5
391 840 0
426 840 7
460 840 0
478 840 8
507 840 0
598 840 0
605 840 1
682 840 0
710 840 11
760 840 13
783 840 14
125 841 5
129 841 0
154 841 0
359 841 6
437 841 7
489 841 0
527 841 0
548 841 0
572 841 0
592 841 7
669 841 9
672 841 10
706 841 11
738 841 10
741 841 10
745 841 1
768 841 13
769 841 12
801 841 14
804 841 0
811 841 14
830 841 0
7 842 0
271 842 5
280 842 0
332 842 0
370 842 0
376 842 5
428 842 6
454 842 1
513 842 7
648 842 11
676 842 9
696 842 9
705 842 0
735 842 9
762 842 0
783 842 1
784 842 11
819 842 0
832 842 12
85 843 0
148 843 0
154 843 3
170 843 0
243 843 1
285 843 5
360 843 5
467 843 5
509 843 0
572 843 5
579 843 7
610 843 1
708 843 9
714 843 8
729 843 7
737 843 9
745 843 7
747 843 0
772 843 11
776 843 2
821 843 0
1 844 4
23 844 0
36 844 6
65 844 2
100 844 3
111 844 2
126 844 4
185 844 2
214 844 0
276 844 0
289 844 1
319 844 6
425 844 3
431 844 3
455 844 2
541 844 0
561 844 5
575 844 5
584 844 0
668 844 6
758 844 7
769 844 0
771 844 1
825 844 10
828 844 1
115 845 4
297 845 0
346 845 5
348 845 2
370 845 3
397 845 0
433 845 4
441 845 1
445 845 0
509 845 6
522 845 4
524 845 5
539 845 0
545 845 5
577 845 0
585 845 7
690 845 0
702 845 0
709 845 0
713 845 1
731 845 6
774 845 1
789 845 8
824 845 6
133 846 0
150 846 3
159 846 0
201 846 5
300 846 0
367 846 0
409 846 3
511 846 1
515 846 1
554 846 5
582 846 8
611 846 1
612 846 7
660 846 1
665 846 7
809 846 6
826 846 1
93 847 2
107 847 2
125 847 0
169 847 2
220 847 3
249 847 0
255 847 3
268 847 1
282 847 1
315 847 2
368 847 0
370 847 0
402 847 3
453 847 1
476 847 2
547 847 3
682 847 2
743 847 6
759 847 6
773 847 4
800 847 4
832 847 0
12 848 5
15 848 5
22 848 5
42 848 5
72 848 5
80 848 5
102 848 5
128 848 5
199 848 6
207 848 6
275 848 1
328 848 0
342 848 6
371 848 5
384 848 0
426 848 6
457 848 0
478 848 7
501 848 0
690 848 0
710 848 12
760 848 14
783 848 14
840 848 16
150 849 3
240 849 0
254 849 1
272 849 3
314 849 1
333 849 0
383 849 3
413 849 4
473 849 0
516 849 0
554 849 4
582 849 6
588 849 5
664 849 0
665 849 7
731 849 0
809 849 5
832 849 0
836 849 0
846 849 13
209 850 3
344 850 0
348 850 3
433 850 4
458 850 0
497 850 5
506 850 4
516 850 7
524 850 6
545 850 5
571 850 0
574 850 0
579 850 1
614 850 0
652 850 7
708 850 0
731 850 8
766 850 10
789 850 7
824 850 5
837 850 11
39 851 3
127 851 4
159 851 0
182 851 5
210 851 3
316 851 6
388 851 5
448 851 2
599 851 0
638 851 9
646 851 8
650 851 8
654 851 8
695 851 8
734 851 9
736 851 0
742 851 10
751 851 11
764 851 11
785 851 10
798 851 2
828 851 0
848 851 0
74 852 5
117 852 0
168 852 0
187 852 0
202 852 0
243 852 0
260 852 6
335 852 7
347 852 6
434 852 0
457 852 6
466 852 0
472 852 6
538 852 7
562 852 9
631 852 8
673 852 10
698 852 8
708 852 0
804 852 12
815 852 0
27 853 2
84 853 1
191 853 2
195 853 0
225 853 0
270 853 0
332 853 0
339 853 4
345 853 5
490 853 3
504 853 4
569 853 5
570 853 5
588 853 0
591 853 7
614 853 4
615 853 6
655 853 5
659 853 0
726 853 5
759 853 0
782 853 1
813 853 0
10 854 0
95 854 0
101 854 0
190 854 4
195 854 0
242 854 5
243 854 0
337 854 6
470 854 4
486 854 7
508 854 0
534 854 5
556 854 0
560 854 6
638 854 0
647 854 1
690 854 8
693 854 0
717 854 11
836 854 11
839 854 1
17 855 2
43 855 0
149 855 4
176 855 4
208 855 3
291 855 3
321 855 6
322 855 5
331 855 0
340 855 3
355 855 4
394 855 4
417 855 4
419 855 5
481 855 4
507 855 4
660 855 7
689 855 9
762 855 8
776 855 1
783 855 0
802 855 0
817 855 1
835 855 0
843 855 2
1 856 4
123 856 2
126 856 3
185 856 5
204 856 5
319 856 3
455 856 7
469 856 4
480 856 0
490 856 0
501 856 0
561 856 5
575 856 5
578 856 0
610 856 5
642 856 8
668 856 8
706 856 0
728 856 5
730 856 1
767 856 9
776 856 6
806 856 11
825 856 9
844 856 10
847 856 0
15 857 0
73 857 0
212 857 2
251 857 5
311 857 3
327 857 5
459 857 0
542 857 5
576 857 1
611 857 8
649 857 7
697 857 7
715 857 10
719 857 9
736 857 7
770 857 0
789 857 2
808 857 7
822 857 1
829 857 9
843 857 0
45 858 0
64 858 3
148 858 4
213 858 1
214 858 2
308 858 0
353 858 5
465 858 4
480 858 4
490 858 0
513 858 0
546 858 0
609 858 5
688 858 8
695 858 0
699 858 6
756 858 8
763 858 0
787 858 10
803 858 6
810 858 1
34 859 0
39 859 4
163 859 0
178 859 0
226 859 0
332 859 6
388 859 6
415 859 0
503 859 8
536 859 6
548 859 0
632 859 9
638 859 10
646 859 10
654 859 12
660 859 0
695 859 9
734 859 10
742 859 11
751 859 11
761 859 0
764 859 10
785 859 11
786 859 2
851 859 13
11 860 1
26 860 3
155 860 0
194 860 0
273 860 4
382 860 0
464 860 0
498 860 5
526 860 4
569 860 8
591 860 7
622 860 1
633 860 0
658 860 4
674 860 7
680 860 6
717 860 0
779 860 0
784 860 1
824 860 1
853 860 7
5 861 3
43 861 0
53 861 0
54 861 3
88 861 2
292 861 4
421 861 4
485 861 0
519 861 6
595 861 7
644 861 5
660 861 0
666 861 4
670 861 6
716 861 9
746 861 0
774 861 9
775 861 8
793 861 8
806 861 0
816 861 10
852 861 1
28 862 5
104 862 0
214 862 2
245 862 0
358 862 3
395 862 0
403 862 4
438 862 4
523 862 7
589 862 6
652 862 0
687 862 0
688 862 7
699 862 7
701 862 8
747 862 8
780 862 0
812 862 7
815 862 8
819 862 0
849 862 0
858 862 7
4 863 4
157 863 1
159 863 5
163 863 5
206 863 4
219 863 3
224 863 5
299 863 0
302 863 3
307 863 5
312 863 0
424 863 5
435 863 8
511 863 8
536 863 1
539 863 1
593 863 0
620 863 9
657 863 8
700 863 0
703 863 11
733 863 9
749 863 0
786 863 11
827 863 0
110 864 0
112 864 5
133 864 0
139 864 5
145 864 6
246 864 7
280 864 6
284 864 1
330 864 0
350 864 6
356 864 7
390 864 0
463 864 8
479 864 1
520 864 8
531 864 8
567 864 9
602 864 0
606 864 11
629 864 10
636 864 10
688 864 0
696 864 1
702 864 11
722 864 12
752 864 13
763 864 13
770 864 15
50 865 0
74 865 0
76 865 3
121 865 2
154 865 4
244 865 5
369 865 4
442 865 6
467 865 5
492 865 6
564 865 7
708 865 9
772 865 9
803 865 1
817 865 8
818 865 1
825 865 0
842 865 2
843 865 8
180 866 3
234 866 1
238 866 2
273 866 4
277 866 0
493 866 5
504 866 6
511 866 0
526 866 6
566 866 1
591 866 5
615 866 7
616 866 1
655 866 3
725 866 6
726 866 9
730 866 1
744 866 2
781 866 1
833 866 6
858 866 0
860 866 9
45 867 3
79 867 2
201 867 4
205 867 2
211 867 4
215 867 0
383 867 5
466 867 2
496 867 1
540 867 4
564 867 2
584 867 5
637 867 6
660 867 1
665 867 6
695 867 1
771 867 4
839 867 0
846 867 9
849 867 7
865 867 2
11 868 3
13 868 0
21 868 3
55 868 0
150 868 0
193 868 0
301 868 5
329 868 2
368 868 4
390 868 3
400 868 1
412 868 7
436 868 4
468 868 0
475 868 0
570 868 0
578 868 7
616 868 5
656 868 5
675 868 5
718 868 7
744 868 8
780 868 8
804 868 0
0 869 1
37 869 4
67 869 4
201 869 0
208 869 0
263 869 5
265 869 4
275 869 6
310 869 5
341 869 6
362 869 0
394 869 0
439 869 0
459 869 6
471 869 7
474 869 7
512 869 8
517 869 4
529 869 8
535 869 5
700 869 9
713 869 11
813 869 14
848 869 1
866 869 0
33 870 5
45 870 0
65 870 0
150 870 0
237 870 5
271 870 6
309 870 1
321 870 0
323 870 1
325 870 5
472 870 0
513 870 8
546 870 8
676 870 9
693 870 10
735 870 10
752 870 0
784 870 12
827 870 0
832 870 13
834 870 0
842 870 13
19 871 0
32 871 0
61 871 0
71 871 1
82 871 3
209 871 3
237 871 0
269 871 3
336 871 0
348 871 5
385 871 3
418 871 0
509 871 6
516 871 5
541 871 5
573 871 0
643 871 7
667 871 7
731 871 8
752 871 2
766 871 7
789 871 10
818 871 8
845 871 8
850 871 9
72 872 0
107 872 0
138 872 0
249 872 0
268 872 4
295 872 1
328 872 4
340 872 0
375 872 5
525 872 0
538 872 0
550 872 5
563 872 5
611 872 8
638 872 0
664 872 7
697 872 7
719 872 6
736 872 7
767 872 0
796 872 0
797 872 9
800 872 2
808 872 7
829 872 10
857 872 9
47 873 2
97 873 0
98 873 3
110 873 5
236 873 6
304 873 5
361 873 4
379 873 3
432 873 6
434 873 6
447 873 6
500 873 1
510 873 7
520 873 0
555 873 5
573 873 7
605 873 8
622 873 8
656 873 1
748 873 7
761 873 6
840 873 1
56 874 1
82 874 4
114 874 2
135 874 1
258 874 0
346 874 4
353 874 0
370 874 3
385 874 6
482 874 5
509 874 5
524 874 7
652 874 5
667 874 3
714 874 0
774 874 1
789 874 8
825 874 2
827 874 1
828 874 0
837 874 9
845 874 9
850 874 7
852 874 1
871 874 9
7 875 4
57 875 4
122 875 4
151 875 0
188 875 5
202 875 6
251 875 0
252 875 6
318 875 4
398 875 0
551 875 1
571 875 10
577 875 8
580 875 1
628 875 9
629 875 0
645 875 9
685 875 8
721 875 2
749 875 11
773 875 0
778 875 10
795 875 12
807 875 10
828 875 12
836 875 1
36 876 2
55 876 4
69 876 5
210 876 1
252 876 5
270 876 0
373 876 5
427 876 7
439 876 7
551 876 1
571 876 8
577 876 9
584 876 0
621 876 9
628 876 9
645 876 10
685 876 9
692 876 1
706 876 1
718 876 2
739 876 10
749 876 13
778 876 14
795 876 14
817 876 2
828 876 14
875 876 13
17 877 5
24 877 5
149 877 5
227 877 0
291 877 6
308 877 0
321 877 5
322 877 6
338 877 4
347 877 0
391 877 3
394 877 6
405 877 0
410 877 0
416 877 5
417 877 7
419 877 6
481 877 4
489 877 6
507 877 5
599 877 5
719 877 0
746 877 1
762 877 11
855 877 12
865 877 0
874 877 0
27 878 2
37 878 0
180 878 2
191 878 1
272 878 0
345 878 5
361 878 0
493 878 6
557 878 6
570 878 8
589 878 1
614 878 7
615 878 7
655 878 6
658 878 5
668 878 0
692 878 0
693 878 0
721 878 0
725 878 5
735 878 1
807 878 0
833 878 9
838 878 8
853 878 11
874 878 0
34 879 1
54 879 0
89 879 3
116 879 0
177 879 2
220 879 0
350 879 0
378 879 0
379 879 1
404 879 0
449 879 4
453 879 4
476 879 2
494 879 3
523 879 0
565 879 1
608 879 8
627 879 5
682 879 5
683 879 7
709 879 5
748 879 2
781 879 8
821 879 8
831 879 6
850 879 0
868 879 0
14 880 4
41 880 5
46 880 5
90 880 5
142 880 6
153 880 6
191 880 5
228 880 0
381 880 6
389 880 8
406 880 7
464 880 9
483 880 8
488 880 8
499 880 9
654 880 1
679 880 11
686 880 10
729 880 1
739 880 1
775 880 0
778 880 3
782 880 13
797 880 0
802 880 14
834 880 1
859 880 1
48 881 0
53 881 5
56 881 5
68 881 5
78 881 5
95 881 5
112 881 1
144 881 6
154 881 0
167 881 6
186 881 6
225 881 5
259 881 0
266 881 0
267 881 7
281 881 7
298 881 6
324 881 0
335 881 0
445 881 8
461 881 8
519 881 1
554 881 0
558 881 9
630 881 11
651 881 12
659 881 12
661 881 11
790 881 2
815 881 0
827 881 16
30 882 5
66 882 3
182 882 0
237 882 0
328 882 7
336 882 0
408 882 0
477 882 6
542 882 6
550 882 9
567 882 0
603 882 0
611 882 8
618 882 4
649 882 8
657 882 0
664 882 7
713 882 0
715 882 7
793 882 1
797 882 8
808 882 10
857 882 9
872 882 11
50 883 1
52 883 0
55 883 0
63 883 0
71 883 1
132 883 0
134 883 3
286 883 4
296 883 4
316 883 1
334 883 4
365 883 3
404 883 4
495 883 5
506 883 0
546 883 0
565 883 4
595 883 4
612 883 0
670 883 6
698 883 0
754 883 7
774 883 6
775 883 9
793 883 10
816 883 9
840 883 0
861 883 8
14 884 5
41 884 5
46 884 5
90 884 5
142 884 6
191 884 5
216 884 0
355 884 0
381 884 7
389 884 8
406 884 7
464 884 7
483 884 8
488 884 7
499 884 7
531 884 0
539 884 8
579 884 0
633 884 0
658 884 1
665 884 0
669 884 0
675 884 0
679 884 12
686 884 11
741 884 0
782 884 13
802 884 14
813 884 1
833 884 1
869 884 1
880 884 18
21 885 3
198 885 1
271 885 1
301 885 5
326 885 3
355 885 0
368 885 4
386 885 5
412 885 7
428 885 0
443 885 5
496 885 1
508 885 6
548 885 3
551 885 0
578 885 6
592 885 0
637 885 0
675 885 7
704 885 1
718 885 10
753 885 7
761 885 0
785 885 2
787 885 2
850 885 0
868 885 12
8 886 5
152 886 1
157 886 1
261 886 5
377 886 6
395 886 8
486 886 7
525 886 8
530 886 0
617 886 8
639 886 10
690 886 11
717 886 11
720 886 0
752 886 0
776 886 0
796 886 11
811 886 0
836 886 12
854 886 11
863 886 1
866 886 0
22 887 0
77 887 0
100 887 0
137 887 4
186 887 0
311 887 0
323 887 6
416 887 0
438 887 4
503 887 1
523 887 8
589 887 7
594 887 7
598 887 0
688 887 7
699 887 9
738 887 0
741 887 1
747 887 8
750 887 1
756 887 10
799 887 10
812 887 8
815 887 8
858 887 8
862 887 13
869 887 0
7 888 1
24 888 5
48 888 5
149 888 5
208 888 4
291 888 5
321 888 5
322 888 6
386 888 1
394 888 5
415 888 6
416 888 6
417 888 7
419 888 6
481 888 7
487 888 0
489 888 7
507 888 7
599 888 9
660 888 7
666 888 0
672 888 1
689 888 8
725 888 1
733 888 1
762 888 10
815 888 1
877 888 15
9 889 2
11 889 0
43 889 4
98 889 2
110 889 3
129 889 4
234 889 4
236 889 4
300 889 3
361 889 3
392 889 5
399 889 5
434 889 6
440 889 0
447 889 6
466 889 0
467 889 0
515 889 0
528 889 1
555 889 6
605 889 6
622 889 8
624 889 1
705 889 6
748 889 7
761 889 10
782 889 0
873 889 13
31 890 2
89 890 2
93 890 2
113 890 2
177 890 2
246 890 1
258 890 1
282 890 2
283 890 0
402 890 1
429 890 0
453 890 3
504 890 0
547 890 5
578 890 0
589 890 0
682 890 6
704 890 7
743 890 6
759 890 7
764 890 1
768 890 0
770 890 2
781 890 5
794 890 1
800 890 7
851 890 1
879 890 6
10 891 0
106 891 4
118 891 4
184 891 6
221 891 3
238 891 0
241 891 4
250 891 5
279 891 4
362 891 4
371 891 0
372 891 7
410 891 0
423 891 6
450 891 6
468 891 7
501 891 7
518 891 8
568 891 9
616 891 2
618 891 1
633 891 8
642 891 1
712 891 12
741 891 0
742 891 0
788 891 12
822 891 15
836 891 1
839 891 1
861 891 0
0 892 4
13 892 6
17 892 1
125 892 4
164 892 0
197 892 0
235 892 4
407 892 0
431 892 1
484 892 0
512 892 2
559 892 8
592 892 9
603 892 7
669 892 10
672 892 9
710 892 0
738 892 11
741 892 11
768 892 11
769 892 13
801 892 15
811 892 13
828 892 0
841 892 14
862 892 1
869 892 3
883 892 0
33 893 5
129 893 2
215 893 5
237 893 4
315 893 0
395 893 0
428 893 7
513 893 8
531 893 0
546 893 8
586 893 0
612 893 1
648 893 10
693 893 10
696 893 10
735 893 10
748 893 1
832 893 14
837 893 1
842 893 14
857 893 0
865 893 2
870 893 15
127 894 5
182 894 5
242 894 0
262 894 0
316 894 7
388 894 6
435 894 0
496 894 6
503 894 9
528 894 7
536 894 7
626 894 2
632 894 8
638 894 9
646 894 9
650 894 10
654 894 9
678 894 1
695 894 9
734 894 11
742 894 12
755 894 2
785 894 13
812 894 1
833 894 1
851 894 14
859 894 14
876 894 0
113 895 0
137 895 6
148 895 3
333 895 3
353 895 4
358 895 5
434 895 0
523 895 5
553 895 1
594 895 8
597 895 6
629 895 1
699 895 8
728 895 0
739 895 2
747 895 8
756 895 10
791 895 8
799 895 8
803 895 7
815 895 8
841 895 0
858 895 9
867 895 2
876 895 1
887 895 13
20 896 4
140 896 5
146 896 4
239 896 5
317 896 4
389 896 1
395 896 6
400 896 5
437 896 1
474 896 0
486 896 6
525 896 7
534 896 6
551 896 0
607 896 0
619 896 0
639 896 7
717 896 10
772 896 1
777 896 0
796 896 10
854 896 9
886 896 14
160 897 0
179 897 4
228 897 6
230 897 3
289 897 5
298 897 1
303 897 6
309 897 5
312 897 0
378 897 4
382 897 5
407 897 3
418 897 1
448 897 6
496 897 1
583 897 6
602 897 5
630 897 1
681 897 7
743 897 0
790 897 8
798 897 9
814 897 11
817 897 1
875 897 0
58 898 5
73 898 5
117 898 5
130 898 5
161 898 5
181 898 6
217 898 0
245 898 6
249 898 6
291 898 0
312 898 6
314 898 6
318 898 0
319 898 0
320 898 6
324 898 6
376 898 0
410 898 0
502 898 8
527 898 8
553 898 9
566 898 10
577 898 0
593 898 10
651 898 0
663 898 11
671 898 11
707 898 12
723 898 12
740 898 0
786 898 1
859 898 1
890 898 0
893 898 0
9 899 1
27 899 0
30 899 5
313 899 1
327 899 8
328 899 6
375 899 6
418 899 5
424 899 0
437 899 0
479 899 1
527 899 0
535 899 1
550 899 6
563 899 7
619 899 7
640 899 0
664 899 7
670 899 0
715 899 8
719 899 8
736 899 5
797 899 9
808 899 9
824 899 0
857 899 9
882 899 12
173 900 0
200 900 4
213 900 5
222 900 1
232 900 6
233 900 4
259 900 1
264 900 5
303 900 0
306 900 6
351 900 6
468 900 1
479 900 8
484 900 7
596 900 8
647 900 7
653 900 0
662 900 8
701 900 0
711 900 9
722 900 1
757 900 11
805 900 12
830 900 11
839 900 14
856 900 0
899 900 1
35 901 2
76 901 0
107 901 2
214 901 0
282 901 3
391 901 1
449 901 3
458 901 0
476 901 5
487 901 6
527 901 0
581 901 1
608 901 7
621 901 0
627 901 9
687 901 1
704 901 6
743 901 8
759 901 7
765 901 0
773 901 7
781 901 6
785 901 1
800 901 9
821 901 9
831 901 8
851 901 1
854 901 0
870 901 0
879 901 8
63 902 2
79 902 2
87 902 2
113 902 0
124 902 0
167 902 0
272 902 1
322 902 0
334 902 0
343 902 4
380 902 3
407 902 0
422 902 4
446 902 3
521 902 1
587 902 0
588 902 5
637 902 5
665 902 9
675 902 0
737 902 0
750 902 5
831 902 0
846 902 8
849 902 9
867 902 10
896 902 0
59 903 5
62 903 2
128 903 2
244 903 5
285 903 7
297 903 4
369 903 5
376 903 1
402 903 0
418 903 0
442 903 8
494 903 0
529 903 0
564 903 8
579 903 7
639 903 0
653 903 6
659 903 0
671 903 0
708 903 8
714 903 8
729 903 8
737 903 10
745 903 11
749 903 1
843 903 11
865 903 10
33 904 5
40 904 4
214 904 0
215 904 6
428 904 7
513 904 8
546 904 8
630 904 1
648 904 12
655 904 1
662 904 0
676 904 9
693 904 11
696 904 11
725 904 3
726 904 2
735 904 10
775 904 0
784 904 14
812 904 1
832 904 15
833 904 2
842 904 15
870 904 16
882 904 0
890 904 0
893 904 18
14 905 4
41 905 5
46 905 5
90 905 4
91 905 0
115 905 1
132 905 3
142 905 5
153 905 5
191 905 4
199 905 0
235 905 1
381 905 8
389 905 7
406 905 6
464 905 7
483 905 7
488 905 7
499 905 7
509 905 0
539 905 8
601 905 0
617 905 2
620 905 0
650 905 1
679 905 12
686 905 12
695 905 1
714 905 1
782 905 14
880 905 18
884 905 19
902 905 0
3 906 2
23 906 4
33 906 0
141 906 3
148 906 1
178 906 3
231 906 4
270 906 4
329 906 5
344 906 0
412 906 5
430 906 1
443 906 5
444 906 5
489 906 0
508 906 8
548 906 4
675 906 7
692 906 1
718 906 7
720 906 1
730 906 8
743 906 0
744 906 5
753 906 9
754 906 1
769 906 0
780 906 7
785 906 1
825 906 0
885 906 11
900 906 0
52 907 4
76 907 0
117 907 1
177 907 0
223 907 4
235 907 4
247 907 0
347 907 0
359 907 6
364 907 6
437 907 7
559 907 8
592 907 8
646 907 1
669 907 9
672 907 11
699 907 0
706 907 10
711 907 2
723 907 2
738 907 11
741 907 12
763 907 0
768 907 13
801 907 14
811 907 13
841 907 15
857 907 1
892 907 14
30 908 3
162 908 0
176 908 1
212 908 1
251 908 4
268 908 3
311 908 3
327 908 4
338 908 1
359 908 0
363 908 4
375 908 7
418 908 5
500 908 4
515 908 0
519 908 0
541 908 0
542 908 2
563 908 4
611 908 6
649 908 6
697 908 6
719 908 8
773 908 1
786 908 0
808 908 9
829 908 7
847 908 2
850 908 0
872 908 10
882 908 8
886 908 1
896 908 2
897 908 1
899 908 9
97 909 3
158 909 4
189 909 3
192 909 0
226 909 0
228 909 2
230 909 3
243 909 4
289 909 4
304 909 0
309 909 3
321 909 0
378 909 4
407 909 5
429 909 6
448 909 4
504 909 0
583 909 5
588 909 0
589 909 0
601 909 6
602 909 4
614 909 1
634 909 8
681 909 8
764 909 1
781 909 0
797 909 0
798 909 10
814 909 10
871 909 1
1 910 5
51 910 2
65 910 2
86 910 1
149 910 0
166 910 0
187 910 4
204 910 5
254 910 2
262 910 5
278 910 4
319 910 4
351 910 0
425 910 5
440 910 5
532 910 0
551 910 4
557 910 0
604 910 0
641 910 0
642 910 4
661 910 0
668 910 5
741 910 0
752 910 0
754 910 0
758 910 9
767 910 9
776 910 8
806 910 10
825 910 11
844 910 8
856 910 10
5 911 0
66 911 3
124 911 4
268 911 2
328 911 4
363 911 5
395 911 0
403 911 0
418 911 5
495 911 0
500 911 9
542 911 4
550 911 8
551 911 1
552 911 0
560 911 0
563 911 5
584 911 2
614 911 0
649 911 6
664 911 7
697 911 8
719 911 5
764 911 0
771 911 0
797 911 10
808 911 9
827 911 1
829 911 12
872 911 12
873 911 1
882 911 11
899 911 11
44 912 0
70 912 6
84 912 5
120 912 5
159 912 5
163 912 6
206 912 6
224 912 6
302 912 6
307 912 7
314 912 1
359 912 0
410 912 7
414 912 7
424 912 7
435 912 6
511 912 9
620 912 11
657 912 11
677 912 0
703 912 11
709 912 0
733 912 14
786 912 14
798 912 1
819 912 14
849 912 1
863 912 15
873 912 0
880 912 0
888 912 1
893 912 1
49 913 4
151 913 3
158 913 5
179 913 3
248 913 5
284 913 7
303 913 4
332 913 0
367 913 0
378 913 5
382 913 4
396 913 1
407 913 6
429 913 4
448 913 8
451 913 6
473 913 5
493 913 0
534 913 0
587 913 0
591 913 0
634 913 8
751 913 1
759 913 0
785 913 1
790 913 9
814 913 12
883 913 0
897 913 12
909 913 10
109 914 6
133 914 5
203 914 5
212 914 0
260 914 6
335 914 7
457 914 6
461 914 0
472 914 7
493 914 0
514 914 8
547 914 0
562 914 9
574 914 8
585 914 2
586 914 8
607 914 1
631 914 10
633 914 2
673 914 13
694 914 9
698 914 9
739 914 1
742 914 1
778 914 2
790 914 0
804 914 14
810 914 0
852 914 16
861 914 1
13 915 1
61 915 0
62 915 4
102 915 0
195 915 4
213 915 0
244 915 5
288 915 4
289 915 0
297 915 5
365 915 1
396 915 5
442 915 8
452 915 5
458 915 4
564 915 8
574 915 0
581 915 0
609 915 0
653 915 7
708 915 9
714 915 7
737 915 12
745 915 8
772 915 8
856 915 0
865 915 11
867 915 2
892 915 1
898 915 0
903 915 15
10 916 4
29 916 0
97 916 0
123 916 3
145 916 0
157 916 2
218 916 3
253 916 5
270 916 3
301 916 4
360 916 1
361 916 0
386 916 6
411 916 3
412 916 8
417 916 0
436 916 6
441 916 1
444 916 5
508 916 7
548 916 5
559 916 0
656 916 7
680 916 1
718 916 9
780 916 10
800 916 0
818 916 1
837 916 3
857 916 1
868 916 10
885 916 11
906 916 10
9 917 0
19 917 4
109 917 4
133 917 5
164 917 6
215 917 0
260 917 6
335 917 7
344 917 0
349 917 2
408 917 6
430 917 6
481 917 1
495 917 1
538 917 5
562 917 8
570 917 0
586 917 8
625 917 1
631 917 8
673 917 10
682 917 0
694 917 10
710 917 0
729 917 0
804 917 12
824 917 0
852 917 13
914 917 16
14 918 0
124 918 4
154 918 0
251 918 5
301 918 0
327 918 3
405 918 0
418 918 6
458 918 0
477 918 6
487 918 2
524 918 0
542 918 8
550 918 7
563 918 6
611 918 10
649 918 7
675 918 0
676 918 1
689 918 0
697 918 8
715 918 7
736 918 8
797 918 11
798 918 0
829 918 12
836 918 0
857 918 15
872 918 11
882 918 12
899 918 12
907 918 1
911 918 13
917 918 0
0 919 5
17 919 1
52 919 5
223 919 5
359 919 6
364 919 7
401 919 7
437 919 6
499 919 1
511 919 1
559 919 10
582 919 3
592 919 9
603 919 10
619 919 0
669 919 11
690 919 0
706 919 10
726 919 1
738 919 12
741 919 13
768 919 14
769 919 13
801 919 14
807 919 0
811 919 14
841 919 15
846 919 3
864 919 0
880 919 1
892 919 16
907 919 18
34 920 2
83 920 3
220 920 3
281 920 0
290 920 3
310 920 0
315 920 4
324 920 0
385 920 0
449 920 2
487 920 7
494 920 2
529 920 1
627 920 5
631 920 0
642 920 1
682 920 7
709 920 5
743 920 9
759 920 9
773 920 9
777 920 7
812 920 1
820 920 0
821 920 8
831 920 6
847 920 8
868 920 0
890 920 5
895 920 0
901 920 10
918 920 2
75 921 2
156 921 3
201 921 4
221 921 0
241 921 0
254 921 1
258 921 1
343 921 3
399 921 1
433 921 0
446 921 6
471 921 0
490 921 1
518 921 0
532 921 6
533 921 4
540 921 5
549 921 2
554 921 6
582 921 9
612 921 6
623 921 5
746 921 0
766 921 0
785 921 0
795 921 0
846 921 12
849 921 11
867 921 8
902 921 9
2 922 4
33 922 5
40 922 4
91 922 5
136 922 4
141 922 0
147 922 6
171 922 0
227 922 4
287 922 0
383 922 2
424 922 1
428 922 7
454 922 1
523 922 0
629 922 1
646 922 1
648 922 10
676 922 10
696 922 10
703 922 1
735 922 10
746 922 0
763 922 2
767 922 0
771 922 1
784 922 13
832 922 13
842 922 15
870 922 13
893 922 14
904 922 17
10 923 0
63 923 4
79 923 2
94 923 3
131 923 3
150 923 4
152 923 1
156 923 4
181 923 0
199 923 0
206 923 0
212 923 0
311 923 0
380 923 6
390 923 1
409 923 4
422 923 6
431 923 0
497 923 0
540 923 6
584 923 5
623 923 6
637 923 4
665 923 6
700 923 1
712 923 0
758 923 1
771 923 6
846 923 9
849 923 7
886 923 2
902 923 11
921 923 9
49 924 4
70 924 1
166 924 5
179 924 5
230 924 3
243 924 5
267 924 0
289 924 6
299 924 0
303 924 4
357 924 5
404 924 0
442 924 1
448 924 6
451 924 8
473 924 5
528 924 1
543 924 6
561 924 0
583 924 8
602 924 8
607 924 0
770 924 0
790 924 11
798 924 10
814 924 11
870 924 0
886 924 0
889 924 1
897 924 14
909 924 12
913 924 13
24 925 0
37 925 5
98 925 0
101 925 5
128 925 0
180 925 0
222 925 7
263 925 6
265 925 6
275 925 7
310 925 6
313 925 6
341 925 7
420 925 8
459 925 8
471 925 9
474 925 8
512 925 8
517 925 8
529 925 9
535 925 9
559 925 1
576 925 0
598 925 10
664 925 0
700 925 11
713 925 11
724 925 12
779 925 0
802 925 0
813 925 16
861 925 1
869 925 17
894 925 0
900 925 1
919 925 1
82 926 0
151 926 0
193 926 6
201 926 0
206 926 0
209 926 0
247 926 4
333 926 0
339 926 8
475 926 6
490 926 6
498 926 6
535 926 0
569 926 9
614 926 8
615 926 10
674 926 10
680 926 11
710 926 0
725 926 9
755 926 9
764 926 1
773 926 1
801 926 0
820 926 1
833 926 11
836 926 0
853 926 11
860 926 12
866 926 9
878 926 9
887 926 0
82 927 3
115 927 2
150 927 0
209 927 4
370 927 5
373 927 1
385 927 4
482 927 4
497 927 6
506 927 3
514 927 1
516 927 3
522 927 5
524 927 4
541 927 6
552 927 0
576 927 5
585 927 5
615 927 0
643 927 7
699 927 2
713 927 2
731 927 6
733 927 0
789 927 11
818 927 10
825 927 1
837 927 10
845 927 11
862 927 1
871 927 12
873 927 1
874 927 11
38 928 1
60 928 0
122 928 0
283 928 3
339 928 3
396 928 1
475 928 5
489 928 0
493 928 6
498 928 3
504 928 4
526 928 6
557 928 3
569 928 5
591 928 7
593 928 0
615 928 7
658 928 3
680 928 4
725 928 6
726 928 8
741 928 0
781 928 1
800 928 1
838 928 6
846 928 0
853 928 10
860 928 11
866 928 12
878 928 9
911 928 0
915 928 1
926 928 14
166 929 3
179 929 4
189 929 4
228 929 5
243 929 4
248 929 3
284 929 3
303 929 5
309 929 4
330 929 0
357 929 5
382 929 6
411 929 0
451 929 5
533 929 0
548 929 1
563 929 1
583 929 5
601 929 8
634 929 6
681 929 7
689 929 2
693 929 2
711 929 0
729 929 1
762 929 3
790 929 11
798 929 9
817 929 2
897 929 13
909 929 12
913 929 13
924 929 13
212 930 3
268 930 4
327 930 5
363 930 5
418 930 6
491 930 0
500 930 6
539 930 0
542 930 5
548 930 1
550 930 5
563 930 7
586 930 1
609 930 0
618 930 8
619 930 10
634 930 1
697 930 8
701 930 0
715 930 8
716 930 0
719 930 9
736 930 9
797 930 10
808 930 9
829 930 10
857 930 12
860 930 0
865 930 1
889 930 0
899 930 14
911 930 15
918 930 14
929 930 3
30 931 5
42 931 0
66 931 1
132 931 0
251 931 5
268 931 4
311 931 5
328 931 5
337 931 1
345 931 2
375 931 5
379 931 0
418 931 4
477 931 3
544 931 0
563 931 8
570 931 4
591 931 1
611 931 6
619 931 6
664 931 6
715 931 9
719 931 8
727 931 0
794 931 0
797 931 10
857 931 10
858 931 0
872 931 12
878 931 2
882 931 13
899 931 15
908 931 12
918 931 12
930 931 11
4 932 5
70 932 5
84 932 5
120 932 5
121 932 0
132 932 0
140 932 0
159 932 5
163 932 6
206 932 6
219 932 5
224 932 6
302 932 6
307 932 6
313 932 0
410 932 7
414 932 8
435 932 8
511 932 8
533 932 0
594 932 0
620 932 11
657 932 11
660 932 1
703 932 11
715 932 1
733 932 12
739 932 0
742 932 0
756 932 0
786 932 14
819 932 15
863 932 17
868 932 1
885 932 1
912 932 20
171 933 0
193 933 4
238 933 4
339 933 5
345 933 5
353 933 0
366 933 1
475 933 4
498 933 6
504 933 3
511 933 0
520 933 0
557 933 5
563 933 0
570 933 8
575 933 0
591 933 6
599 933 0
611 933 0
614 933 9
655 933 6
658 933 7
674 933 9
677 933 1
725 933 6
726 933 5
755 933 9
784 933 2
834 933 2
838 933 11
853 933 12
860 933 10
924 933 1
926 933 13
17 934 5
24 934 5
48 934 4
116 934 0
149 934 5
170 934 0
176 934 6
208 934 6
233 934 0
291 934 6
322 934 5
338 934 6
340 934 5
355 934 7
375 934 1
379 934 0
391 934 8
394 934 6
415 934 6
417 934 5
419 934 6
430 934 0
438 934 0
507 934 8
599 934 11
660 934 8
665 934 0
689 934 10
717 934 1
762 934 11
797 934 0
855 934 16
877 934 15
888 934 16
896 934 3
901 934 1
908 934 4
19 935 4
74 935 5
133 935 5
164 935 6
203 935 5
260 935 6
407 935 0
408 935 6
430 935 7
433 935 1
481 935 1
498 935 0
514 935 8
538 935 6
541 935 0
562 935 9
574 935 9
579 935 1
586 935 9
602 935 0
631 935 9
673 935 11
694 935 9
731 935 0
801 935 0
804 935 13
808 935 1
809 935 0
852 935 13
890 935 0
903 935 2
914 935 17
916 935 0
917 935 20
69 936 0
81 936 5
106 936 5
118 936 5
184 936 5
221 936 7
241 936 6
250 936 6
274 936 8
279 936 6
325 936 0
334 936 0
362 936 7
372 936 7
406 936 0
423 936 7
450 936 9
462 936 0
463 936 0
468 936 8
501 936 9
516 936 2
518 936 9
566 936 0
568 936 9
579 936 2
590 936 2
607 936 10
633 936 10
712 936 13
757 936 0
788 936 15
820 936 16
822 936 16
850 936 2
877 936 0
891 936 19
894 936 0
932 936 0
12 937 0
32 937 0
45 937 5
111 937 4
211 937 3
222 937 1
312 937 0
343 937 4
346 937 0
370 937 0
409 937 4
413 937 5
443 937 0
532 937 6
540 937 5
549 937 4
554 937 6
582 937 6
584 937 2
588 937 5
665 937 7
676 937 0
677 937 0
700 937 2
708 937 0
718 937 0
729 937 0
750 937 7
790 937 1
809 937 10
841 937 0
846 937 11
849 937 11
867 937 11
902 937 10
921 937 12
25 938 1
34 938 1
43 938 3
47 938 3
65 938 0
92 938 3
98 938 5
99 938 4
110 938 3
129 938 2
165 938 3
197 938 4
234 938 4
236 938 4
330 938 2
392 938 6
399 938 6
414 938 1
432 938 4
434 938 5
485 938 1
510 938 6
555 938 7
573 938 6
615 938 0
622 938 6
717 938 1
761 938 9
778 938 2
862 938 0
873 938 12
880 938 1
889 938 13
920 938 2
921 938 2
931 938 1
932 938 1
53 939 1
59 939 5
76 939 4
98 939 0
121 939 2
126 939 1
128 939 1
143 939 1
288 939 3
297 939 6
340 939 0
360 939 5
369 939 6
396 939 5
442 939 7
452 939 7
492 939 4
548 939 1
564 939 7
613 939 2
691 939 0
708 939 9
714 939 8
729 939 10
737 939 11
772 939 8
775 939 0
791 939 1
795 939 0
812 939 1
839 939 0
843 939 10
844 939 1
903 939 15
915 939 15
72 940 0
140 940 7
151 940 0
190 940 5
239 940 6
252 940 0
257 940 7
260 940 1
322 940 1
337 940 6
358 940 0
377 940 8
386 940 0
395 940 8
400 940 7
470 940 6
481 940 0
486 940 6
534 940 5
613 940 2
617 940 10
690 940 10
700 940 0
717 940 11
728 940 0
762 940 2
796 940 13
823 940 1
836 940 12
886 940 15
896 940 14
907 940 0
929 940 2
39 941 4
127 941 3
146 941 0
182 941 5
210 941 5
211 941 0
316 941 7
332 941 6
465 941 1
496 941 9
503 941 9
528 941 9
536 941 9
565 941 1
609 941 0
632 941 9
638 941 10
646 941 12
650 941 10
654 941 10
664 941 0
683 941 0
695 941 10
734 941 12
740 941 0
742 941 12
751 941 13
756 941 1
764 941 13
785 941 14
815 941 2
859 941 16
893 941 0
894 941 18
903 941 0
907 941 1
60 942 0
61 942 5
85 942 0
140 942 6
146 942 5
190 942 7
232 942 0
257 942 6
302 942 2
317 942 5
325 942 1
337 942 7
395 942 8
398 942 0
470 942 7
486 942 8
501 942 0
510 942 0
525 942 7
659 942 0
690 942 11
717 942 12
760 942 0
796 942 11
797 942 0
836 942 12
854 942 14
864 942 0
876 942 0
877 942 0
886 942 15
896 942 15
927 942 0
940 942 18
28 943 4
116 943 4
290 943 0
317 943 0
323 943 7
353 943 6
380 943 1
457 943 2
465 943 5
523 943 9
578 943 1
589 943 7
594 943 6
609 943 8
648 943 2
658 943 2
688 943 10
701 943 9
756 943 10
787 943 10
791 943 7
796 943 0
799 943 12
803 943 11
812 943 15
825 943 0
858 943 12
862 943 12
877 943 0
882 943 0
887 943 14
895 943 12
7 944 5
28 944 0
55 944 5
57 944 5
69 944 5
90 944 0
122 944 6
188 944 4
200 944 0
206 944 0
267 944 1
318 944 5
340 944 0
350 944 0
373 944 7
427 944 8
439 944 7
571 944 9
572 944 2
577 944 9
621 944 10
645 944 11
685 944 10
692 944 1
731 944 2
739 944 12
749 944 12
778 944 14
795 944 14
807 944 16
828 944 14
847 944 0
875 944 16
876 944 18
881 944 1
888 944 1
927 944 3
929 944 0
4 945 0
6 945 5
42 945 0
131 945 0
138 945 5
168 945 5
170 945 6
192 945 5
219 945 0
226 945 5
230 945 1
279 945 1
287 945 5
367 945 7
374 945 7
387 945 7
456 945 7
462 945 8
485 945 8
505 945 9
509 945 0
521 945 8
537 945 9
574 945 1
590 945 8
601 945 1
624 945 10
635 945 11
652 945 0
684 945 13
691 945 13
740 945 13
746 945 1
749 945 0
794 945 16
810 945 16
820 945 1
858 945 1
877 945 1
912 945 0
31 946 0
37 946 5
67 946 5
101 946 4
189 946 0
222 946 6
263 946 6
265 946 6
275 946 7
310 946 6
313 946 5
341 946 6
403 946 0
420 946 7
459 946 9
471 946 7
474 946 7
512 946 10
517 946 8
521 946 1
529 946 9
570 946 2
571 946 0
598 946 9
662 946 0
700 946 11
713 946 12
722 946 1
724 946 12
744 946 0
780 946 0
801 946 2
813 946 16
855 946 0
869 946 18
892 946 4
925 946 22
930 946 1
931 946 2
114 947 4
198 947 0
269 947 5
339 947 0
346 947 4
433 947 5
469 947 0
497 947 8
498 947 0
506 947 7
509 947 7
514 947 1
522 947 6
524 947 8
541 947 6
545 947 8
576 947 9
585 947 10
643 947 5
644 947 0
707 947 0
731 947 9
743 947 1
750 947 2
752 947 1
764 947 1
766 947 9
794 947 0
818 947 11
837 947 12
845 947 12
850 947 12
871 947 13
874 947 10
887 947 1
889 947 0
927 947 15
0 948 0
5 948 4
14 948 0
84 948 0
145 948 0
286 948 3
292 948 4
296 948 4
334 948 6
349 948 1
353 948 0
398 948 6
404 948 4
421 948 3
495 948 7
515 948 5
557 948 0
595 948 8
601 948 0
625 948 6
644 948 7
666 948 5
670 948 8
716 948 8
728 948 2
754 948 7
758 948 1
761 948 0
774 948 9
775 948 10
784 948 1
793 948 11
816 948 12
826 948 10
861 948 14
883 948 15
900 948 0
903 948 0
917 948 3
91 949 5
126 949 0
129 949 1
136 949 4
147 949 5
207 949 0
227 949 5
237 949 5
271 949 6
376 949 6
383 949 1
437 949 0
460 949 6
473 949 1
546 949 9
613 949 1
648 949 11
676 949 11
683 949 0
693 949 11
699 949 1
713 949 1
735 949 11
784 949 15
822 949 0
832 949 15
842 949 14
870 949 16
893 949 15
904 949 15
910 949 1
922 949 18
927 949 2
940 949 2
21 950 0
26 950 4
116 950 0
180 950 6
224 950 0
236 950 1
244 950 1
245 950 0
247 950 4
253 950 0
283 950 3
345 950 4
368 950 0
395 950 1
475 950 4
493 950 5
504 950 3
569 950 8
591 950 7
615 950 8
655 950 7
674 950 7
680 950 7
707 950 1
726 950 6
755 950 8
833 950 10
838 950 9
853 950 11
860 950 10
861 950 0
866 950 13
873 950 1
878 950 10
926 950 14
939 950 0
114 951 1
116 951 5
137 951 6
214 951 4
217 951 5
273 951 0
278 951 0
294 951 4
323 951 7
353 951 4
358 951 6
371 951 0
438 951 5
465 951 7
491 951 0
589 951 9
605 951 2
648 951 2
699 951 9
701 951 8
722 951 0
739 951 1
741 951 1
747 951 12
756 951 11
791 951 11
799 951 9
802 951 0
803 951 11
815 951 10
816 951 0
842 951 1
858 951 11
862 951 13
887 951 16
895 951 17
917 951 0
943 951 17
0 952 5
13 952 6
52 952 4
125 952 5
189 952 1
223 952 5
297 952 1
330 952 0
359 952 7
364 952 6
401 952 7
437 952 8
517 952 0
559 952 8
571 952 1
592 952 9
603 952 9
669 952 11
672 952 10
688 952 2
698 952 0
706 952 10
738 952 13
768 952 13
769 952 12
801 952 14
811 952 17
841 952 16
846 952 1
862 952 3
865 952 1
872 952 0
892 952 18
907 952 18
917 952 0
919 952 22
930 952 1
943 952 3
7 953 0
50 953 2
54 953 3
62 953 1
96 953 4
173 953 4
216 953 5
243 953 0
251 953 0
259 953 4
292 953 4
296 953 3
363 953 0
365 953 5
366 953 1
375 953 0
394 953 0
398 953 2
421 953 5
495 953 6
515 953 5
519 953 5
556 953 5
565 953 7
597 953 0
671 953 1
709 953 0
716 953 8
720 953 8
727 953 1
732 953 0
748 953 1
754 953 8
775 953 9
789 953 2
793 953 9
816 953 7
826 953 10
861 953 9
915 953 2
26 954 3
64 954 0
180 954 3
238 954 5
345 954 2
475 954 6
490 954 6
493 954 7
517 954 0
526 954 4
528 954 0
569 954 7
582 954 1
591 954 7
614 954 7
620 954 0
632 954 0
653 954 0
655 954 7
658 954 9
674 954 8
721 954 0
725 954 10
726 954 11
755 954 8
821 954 0
838 954 12
860 954 12
866 954 13
867 954 0
888 954 1
897 954 0
904 954 3
919 954 2
926 954 13
928 954 12
933 954 15
943 954 1
950 954 15
36 955 4
51 955 4
65 955 4
86 955 3
93 955 1
105 955 0
126 955 3
165 955 0
184 955 1
187 955 4
262 955 6
278 955 4
319 955 4
387 955 0
425 955 5
431 955 8
461 955 0
469 955 6
551 955 7
561 955 6
575 955 9
607 955 0
608 955 1
610 955 7
642 955 8
668 955 6
687 955 0
728 955 9
758 955 10
767 955 11
776 955 9
805 955 0
806 955 11
825 955 10
843 955 2
844 955 11
847 955 2
893 955 1
912 955 1
919 955 0
920 955 2
930 955 0
39 956 6
93 956 0
114 956 0
127 956 5
147 956 1
182 956 6
210 956 6
316 956 7
388 956 6
438 956 0
446 956 1
496 956 9
503 956 9
528 956 9
536 956 9
568 956 0
584 956 0
604 956 0
632 956 9
638 956 11
646 956 11
650 956 12
654 956 11
695 956 12
734 956 12
742 956 13
751 956 14
764 956 14
785 956 15
795 956 1
849 956 1
851 956 18
859 956 17
888 956 0
894 956 20
922 956 3
941 956 22
946 956 0
952 956 0
8 957 1
39 957 1
45 957 2
47 957 1
63 957 2
81 957 1
111 957 3
131 957 2
194 957 5
201 957 5
205 957 4
343 957 2
432 957 2
446 957 5
465 957 0
466 957 3
532 957 9
582 957 9
588 957 7
611 957 1
612 957 8
627 957 0
628 957 1
663 957 1
665 957 7
695 957 2
732 957 0
750 957 9
776 957 0
846 957 12
849 957 10
865 957 0
876 957 1
921 957 13
923 957 9
937 957 13
956 957 4
1 958 0
2 958 0
59 958 4
76 958 4
244 958 6
285 958 5
299 958 6
360 958 5
392 958 0
396 958 7
458 958 7
467 958 6
492 958 8
550 958 1
572 958 9
579 958 8
600 958 1
613 958 3
708 958 12
729 958 10
736 958 0
737 958 10
745 958 9
772 958 14
789 958 2
817 958 10
818 958 3
843 958 15
848 958 0
865 958 14
873 958 1
882 958 1
903 958 14
913 958 1
915 958 13
927 958 4
939 958 16
944 958 2
102 959 0
200 959 6
213 959 6
232 959 6
233 959 5
259 959 1
264 959 6
276 959 6
306 959 6
342 959 0
351 959 7
393 959 8
479 959 8
484 959 8
505 959 0
544 959 8
564 959 2
576 959 1
596 959 9
647 959 9
662 959 11
692 959 12
696 959 1
697 959 1
711 959 11
720 959 1
757 959 14
764 959 1
765 959 14
805 959 16
830 959 16
839 959 15
863 959 1
866 959 2
896 959 1
897 959 0
900 959 21
932 959 1
947 959 2
950 959 2
82 960 3
115 960 3
136 960 0
152 960 5
262 960 0
269 960 5
348 960 4
365 960 0
385 960 6
433 960 5
468 960 0
482 960 4
492 960 2
497 960 6
508 960 0
509 960 7
522 960 7
524 960 7
526 960 0
547 960 1
576 960 8
585 960 8
652 960 8
664 960 0
667 960 8
731 960 9
766 960 12
789 960 9
807 960 0
816 960 0
818 960 7
824 960 11
837 960 15
850 960 13
867 960 0
874 960 12
881 960 0
947 960 15
53 961 1
62 961 1
121 961 4
163 961 0
195 961 6
222 961 0
244 961 4
288 961 5
297 961 5
333 961 0
369 961 5
378 961 0
442 961 6
452 961 8
458 961 5
502 961 1
535 961 0
564 961 8
572 961 7
579 961 7
613 961 2
630 961 0
643 961 0
646 961 0
653 961 7
708 961 11
729 961 11
737 961 11
772 961 12
817 961 12
822 961 0
829 961 0
843 961 11
855 961 2
865 961 13
896 961 3
915 961 18
939 961 18
958 961 16
959 961 2
83 962 4
93 962 4
113 962 6
226 962 0
255 962 4
282 962 3
290 962 3
295 962 3
327 962 1
336 962 3
453 962 4
476 962 3
580 962 1
627 962 7
630 962 0
653 962 0
682 962 4
683 962 6
697 962 0
704 962 10
709 962 6
743 962 10
759 962 11
770 962 1
773 962 10
777 962 9
800 962 14
812 962 1
821 962 12
869 962 0
873 962 0
883 962 1
890 962 12
899 962 1
901 962 12
905 962 1
910 962 0
920 962 14
926 962 2
928 962 3
948 962 1
0 963 5
13 963 5
47 963 0
52 963 6
102 963 0
125 963 5
223 963 6
235 963 5
250 963 0
325 963 0
359 963 7
364 963 7
401 963 7
405 963 0
437 963 7
522 963 0
542 963 0
559 963 10
586 963 0
592 963 10
603 963 10
649 963 0
669 963 11
672 963 11
706 963 13
738 963 13
741 963 14
746 963 1
753 963 2
768 963 14
769 963 14
801 963 16
811 963 16
841 963 17
852 963 0
871 963 1
879 963 0
889 963 0
892 963 20
907 963 20
909 963 1
919 963 22
943 963 1
946 963 2
952 963 25
37 964 0
109 964 1
134 964 1
160 964 6
171 964 4
181 964 0
183 964 5
200 964 5
213 964 7
232 964 5
264 964 5
276 964 6
306 964 7
351 964 7
388 964 0
393 964 9
421 964 0
479 964 8
484 964 9
485 964 1
514 964 0
589 964 0
596 964 10
647 964 11
662 964 10
692 964 12
711 964 11
757 964 16
765 964 14
778 964 5
780 964 0
805 964 15
830 964 17
837 964 0
839 964 16
900 964 19
920 964 1
921 964 1
938 964 4
941 964 0
950 964 1
959 964 24
38 965 5
74 965 5
105 965 0
109 965 4
133 965 5
164 965 6
203 965 6
320 965 0
335 965 7
347 965 7
387 965 0
408 965 8
418 965 0
430 965 6
457 965 7
472 965 7
492 965 1
512 965 1
514 965 7
538 965 6
562 965 8
585 965 3
586 965 10
631 965 9
673 965 11
694 965 11
724 965 2
727 965 0
804 965 14
806 965 1
851 965 0
852 965 17
873 965 0
874 965 2
875 965 0
914 965 20
917 965 19
919 965 0
928 965 1
933 965 1
935 965 20
960 965 3
7 966 5
41 966 0
55 966 5
57 966 5
69 966 5
122 966 5
128 966 1
188 966 6
202 966 6
213 966 2
252 966 7
306 966 1
318 966 6
373 966 7
377 966 0
427 966 8
439 966 7
442 966 1
518 966 0
571 966 10
575 966 0
577 966 10
598 966 0
621 966 11
628 966 11
645 966 11
685 966 11
687 966 0
723 966 0
739 966 13
749 966 16
757 966 2
778 966 17
795 966 15
807 966 16
828 966 17
858 966 1
875 966 19
876 966 19
903 966 4
935 966 1
944 966 23
964 966 4
4 967 1
5 967 0
160 967 6
171 967 5
183 967 5
200 967 6
213 967 6
233 967 4
264 967 6
265 967 0
276 967 6
306 967 5
393 967 7
454 967 0
479 967 8
484 967 8
544 967 10
586 967 0
596 967 10
641 967 0
647 967 11
661 967 0
662 967 11
684 967 0
692 967 12
711 967 12
733 967 2
748 967 0
757 967 13
765 967 15
799 967 1
805 967 16
811 967 0
824 967 1
830 967 17
839 967 15
900 967 18
912 967 1
924 967 1
956 967 0
959 967 23
964 967 24
2 968 5
33 968 5
40 968 4
46 968 0
77 968 5
147 968 5
215 968 6
248 968 1
271 968 5
272 968 0
325 968 6
369 968 1
376 968 5
419 968 0
421 968 1
428 968 6
460 968 8
500 968 0
513 968 7
546 968 9
625 968 1
676 968 9
693 968 10
696 968 11
712 968 1
735 968 12
761 968 0
763 968 1
765 968 0
784 968 12
828 968 1
832 968 14
870 968 17
891 968 1
893 968 16
897 968 0
904 968 19
922 968 18
949 968 17
960 968 1
966 968 1
88 969 5
90 969 0
96 969 4
118 969 0
134 969 4
173 969 4
216 969 5
218 969 0
259 969 4
268 969 0
270 969 1
286 969 5
294 969 0
296 969 5
365 969 4
396 969 0
398 969 6
421 969 4
449 969 1
491 969 6
495 969 6
515 969 6
519 969 5
537 969 0
556 969 6
616 969 2
644 969 8
670 969 9
716 969 9
751 969 1
754 969 8
774 969 9
775 969 11
789 969 2
791 969 0
797 969 0
826 969 9
856 969 0
861 969 12
883 969 11
925 969 1
948 969 15
953 969 19
954 969 0
20 970 0
87 970 2
131 970 5
194 970 5
205 970 3
209 970 0
211 970 0
272 970 3
309 970 0
380 970 2
383 970 3
396 970 0
413 970 5
422 970 4
446 970 5
498 970 0
510 970 1
532 970 8
533 970 7
540 970 5
577 970 1
582 970 8
584 970 7
612 970 9
623 970 8
634 970 1
636 970 0
750 970 8
764 970 1
802 970 0
809 970 9
827 970 1
846 970 9
849 970 10
873 970 2
886 970 1
889 970 1
899 970 0
907 970 0
921 970 12
923 970 12
957 970 14
49 971 5
97 971 3
151 971 3
158 971 5
166 971 4
197 971 0
228 971 5
230 971 6
233 971 1
243 971 6
248 971 6
263 971 0
281 971 0
289 971 7
357 971 5
378 971 6
429 971 6
432 971 0
448 971 6
450 971 0
543 971 6
579 971 0
601 971 6
602 971 7
605 971 1
618 971 1
655 971 0
681 971 9
760 971 1
765 971 1
790 971 13
798 971 13
814 971 10
829 971 1
844 971 1
851 971 3
895 971 1
897 971 14
909 971 17
913 971 14
924 971 17
929 971 13
937 971 1
951 971 2
75 972 3
111 972 5
150 972 3
201 972 4
294 972 2
307 972 1
380 972 6
401 972 1
422 972 8
446 972 6
483 972 2
491 972 0
532 972 6
533 972 6
536 972 1
540 972 6
549 972 4
554 972 6
584 972 7
588 972 8
612 972 8
623 972 6
637 972 7
771 972 13
782 972 1
784 972 2
809 972 8
823 972 2
834 972 1
846 972 12
854 972 0
867 972 10
902 972 11
912 972 1
923 972 13
934 972 0
937 972 13
957 972 12
970 972 15
3 973 0
19 973 5
74 973 5
109 973 5
133 973 5
164 973 6
175 973 1
185 973 0
203 973 5
242 973 0
260 973 6
335 973 7
420 973 1
430 973 8
433 973 1
457 973 8
472 973 7
514 973 8
562 973 9
574 973 9
586 973 9
592 973 0
631 973 12
650 973 0
658 973 2
673 973 12
694 973 10
698 973 10
745 973 0
752 973 1
754 973 1
763 973 2
804 973 14
852 973 16
855 973 1
914 973 22
917 973 19
935 973 22
942 973 0
943 973 2
949 973 0
965 973 22
19 974 5
32 974 0
38 974 5
74 974 5
88 974 0
133 974 5
163 974 1
164 974 6
260 974 6
264 974 0
278 974 0
335 974 7
347 974 7
408 974 8
412 974 1
430 974 8
457 974 7
472 974 8
511 974 1
514 974 8
538 974 8
562 974 9
574 974 9
576 974 0
586 974 10
633 974 1
662 974 0
673 974 11
694 974 12
698 974 11
718 974 1
724 974 1
792 974 0
802 974 0
804 974 15
852 974 17
863 974 2
902 974 0
911 974 1
914 974 20
917 974 19
930 974 2
935 974 21
965 974 24
973 974 23
49 975 5
151 975 4
158 975 4
166 975 4
182 975 1
189 975 5
228 975 2
243 975 3
248 975 3
265 975 0
284 975 3
303 975 5
309 975 4
335 975 0
357 975 4
366 975 0
377 975 0
426 975 0
429 975 7
448 975 6
451 975 5
471 975 0
543 975 5
554 975 1
583 975 7
596 975 0
601 975 6
602 975 6
634 975 6
668 975 1
681 975 8
733 975 1
788 975 1
798 975 11
811 975 1
814 975 10
851 975 4
879 975 0
897 975 12
902 975 1
913 975 14
924 975 15
952 975 3
971 975 20
97 976 0
114 976 4
135 976 3
152 976 5
158 976 0
161 976 0
176 976 0
184 976 0
207 976 2
248 976 1
269 976 4
329 976 0
342 976 2
346 976 5
378 976 0
433 976 6
471 976 0
482 976 4
506 976 7
509 976 6
516 976 5
524 976 7
540 976 2
541 976 7
545 976 9
564 976 0
576 976 6
585 976 7
623 976 1
643 976 6
652 976 9
667 976 8
731 976 13
766 976 11
783 976 2
789 976 11
818 976 16
830 976 0
833 976 0
837 976 11
845 976 10
850 976 13
871 976 13
947 976 20
960 976 18
968 976 2
30 977 0
31 977 2
49 977 1
83 977 5
93 977 4
107 977 5
169 977 1
255 977 5
266 977 3
290 977 6
308 977 4
315 977 5
330 977 0
334 977 0
359 977 0
387 977 1
402 977 4
485 977 1
487 977 6
494 977 5
503 977 1
547 977 7
608 977 5
611 977 1
667 977 1
671 977 0
704 977 9
743 977 11
759 977 12
777 977 10
800 977 11
821 977 11
824 977 2
847 977 11
859 977 1
879 977 5
890 977 11
901 977 12
909 977 1
918 977 3
920 977 14
924 977 2
947 977 1
962 977 14
972 977 0
973 977 0
24 978 0
73 978 0
104 978 5
193 978 6
228 978 0
238 978 6
247 978 2
261 978 1
262 978 0
273 978 5
283 978 3
339 978 3
351 978 0
372 978 1
404 978 0
490 978 5
493 978 7
498 978 5
504 978 4
515 978 0
557 978 5
570 978 6
601 978 1
614 978 8
615 978 7
658 978 8
673 978 1
680 978 8
725 978 9
726 978 8
755 978 10
824 978 1
838 978 13
842 978 0
848 978 0
860 978 10
863 978 0
864 978 0
866 978 11
878 978 11
926 978 16
933 978 17
954 978 13
64 979 4
101 979 0
103 979 3
148 979 6
165 979 1
204 979 0
217 979 4
294 979 6
323 979 5
430 979 1
438 979 6
480 979 5
523 979 8
589 979 7
594 979 8
597 979 5
609 979 7
634 979 1
636 979 1
683 979 0
688 979 11
701 979 9
702 979 1
732 979 2
747 979 10
756 979 12
787 979 12
791 979 10
797 979 2
812 979 13
815 979 10
835 979 1
853 979 1
858 979 12
862 979 13
887 979 16
894 979 1
895 979 13
906 979 2
914 979 0
933 979 1
943 979 17
951 979 16
960 979 0
967 979 0
972 979 1
55 980 0
147 980 0
160 980 6
171 980 6
183 980 5
199 980 0
200 980 6
213 980 6
232 980 6
233 980 5
264 980 6
276 980 6
306 980 6
351 980 7
364 980 0
393 980 8
476 980 0
479 980 9
544 980 9
564 980 1
566 980 1
596 980 9
599 980 1
647 980 10
657 980 0
662 980 11
692 980 12
711 980 12
757 980 14
765 980 14
795 980 0
805 980 15
815 980 2
826 980 0
830 980 16
839 980 17
840 980 0
845 980 0
861 980 0
864 980 1
866 980 2
888 980 2
900 980 19
959 980 26
964 980 25
967 980 25
2 981 5
40 981 4
68 981 1
77 981 4
91 981 5
147 981 4
195 981 0
206 981 0
215 981 6
227 981 6
245 981 0
271 981 6
299 981 0
325 981 5
376 981 6
384 981 0
428 981 7
453 981 1
460 981 7
513 981 7
522 981 2
546 981 9
618 981 0
648 981 10
676 981 10
693 981 12
696 981 12
734 981 0
766 981 3
783 981 1
784 981 16
814 981 0
832 981 17
837 981 3
842 981 17
870 981 16
871 981 1
893 981 17
904 981 19
922 981 19
949 981 21
968 981 24
970 981 1
972 981 3
23 982 0
59 982 5
76 982 4
120 982 0
154 982 4
160 982 0
224 982 0
244 982 6
285 982 5
297 982 7
299 982 6
360 982 5
369 982 7
382 982 0
427 982 0
438 982 1
442 982 7
452 982 8
467 982 6
491 982 0
492 982 7
502 982 2
564 982 9
579 982 7
653 982 7
694 982 0
702 982 1
708 982 11
729 982 14
737 982 11
750 982 1
763 982 1
772 982 15
817 982 11
843 982 14
865 982 17
880 982 1
903 982 18
910 982 0
915 982 15
923 982 0
939 982 19
958 982 21
961 982 20
45 983 4
75 983 3
87 983 1
111 983 5
112 983 1
156 983 3
205 983 4
211 983 4
264 983 0
285 983 0
380 983 4
383 983 3
409 983 4
422 983 5
432 983 1
466 983 5
470 983 1
532 983 6
533 983 5
554 983 6
563 983 0
588 983 6
609 983 0
637 983 7
651 983 1
665 983 7
733 983 2
734 983 0
750 983 8
754 983 0
755 983 0
771 983 9
809 983 5
821 983 0
828 983 0
867 983 13
895 983 1
902 983 13
921 983 11
922 983 2
923 983 11
937 983 15
945 983 0
957 983 13
961 983 0
972 983 16
975 983 3
52 984 0
63 984 3
75 984 2
87 984 3
94 984 1
156 984 3
194 984 6
196 984 0
201 984 6
202 984 0
205 984 5
276 984 0
294 984 2
305 984 0
346 984 0
383 984 4
413 984 4
517 984 0
532 984 7
554 984 6
566 984 0
582 984 8
584 984 5
588 984 6
612 984 8
623 984 4
665 984 7
672 984 0
750 984 10
771 984 6
772 984 1
773 984 0
784 984 2
803 984 1
814 984 0
846 984 12
848 984 0
849 984 12
867 984 11
882 984 0
894 984 0
902 984 10
921 984 14
957 984 15
970 984 16
972 984 16
982 984 3
59 985 6
76 985 5
121 985 5
154 985 3
233 985 0
288 985 4
299 985 5
312 985 0
319 985 0
354 985 0
363 985 0
369 985 7
396 985 6
442 985 7
452 985 8
458 985 7
467 985 4
492 985 8
564 985 8
570 985 0
572 985 7
573 985 0
579 985 6
598 985 0
653 985 9
679 985 1
696 985 0
708 985 10
729 985 12
734 985 0
737 985 10
745 985 8
790 985 2
799 985 1
817 985 12
847 985 0
865 985 15
879 985 0
903 985 15
915 985 16
939 985 18
958 985 20
960 985 2
961 985 19
982 985 23
984 985 1
28 986 5
43 986 0
62 986 0
83 986 0
116 986 4
148 986 3
180 986 0
202 986 0
217 986 6
294 986 6
323 986 6
333 986 4
358 986 6
380 986 1
403 986 7
451 986 1
465 986 3
475 986 1
523 986 8
594 986 9
597 986 6
642 986 0
699 986 9
701 986 12
729 986 1
732 986 1
747 986 11
756 986 12
787 986 11
791 986 11
799 986 11
803 986 12
812 986 13
815 986 13
847 986 0
862 986 13
867 986 1
874 986 0
885 986 1
887 986 14
895 986 18
928 986 2
943 986 19
951 986 19
978 986 0
979 986 20
982 986 1
38 987 5
64 987 0
74 987 5
109 987 5
139 987 0
141 987 0
164 987 6
203 987 5
260 987 6
335 987 7
347 987 7
408 987 8
430 987 8
444 987 0
457 987 7
472 987 8
505 987 0
514 987 9
538 987 8
562 987 9
574 987 10
586 987 10
620 987 3
631 987 10
653 987 0
657 987 2
669 987 1
673 987 12
694 987 12
698 987 12
717 987 1
719 987 0
768 987 1
804 987 15
819 987 2
838 987 1
852 987 18
904 987 0
913 987 0
914 987 21
917 987 19
933 987 2
935 987 21
938 987 1
965 987 26
972 987 0
973 987 24
974 987 25
3 988 3
11 988 3
21 988 3
123 988 2
141 988 2
143 988 4
157 988 5
164 988 0
178 988 2
223 988 1
231 988 3
253 988 3
270 988 4
277 988 4
301 988 6
368 988 7
385 988 0
386 988 7
390 988 5
409 988 0
412 988 6
436 988 4
508 988 6
578 988 6
616 988 5
657 988 0
715 988 1
735 988 2
744 988 9
749 988 2
753 988 10
780 988 9
788 988 0
806 988 0
823 988 1
836 988 2
857 988 2
868 988 15
878 988 2
885 988 12
895 988 0
913 988 0
916 988 15
966 988 1
978 988 1
8 989 5
13 989 1
20 989 4
61 989 5
146 989 4
239 989 5
242 989 6
244 989 1
257 989 8
261 989 6
317 989 4
337 989 7
360 989 1
395 989 8
400 989 6
405 989 1
437 989 2
447 989 0
469 989 1
486 989 7
525 989 6
534 989 7
560 989 10
590 989 2
617 989 10
690 989 11
707 989 1
717 989 12
796 989 13
804 989 0
813 989 0
823 989 2
829 989 0
836 989 13
854 989 14
886 989 17
916 989 1
936 989 1
940 989 19
942 989 19
950 989 4
952 989 3
975 989 1
32 990 2
35 990 4
59 990 1
93 990 4
107 990 3
113 990 4
177 990 2
188 990 0
220 990 3
235 990 1
290 990 4
308 990 3
315 990 3
323 990 0
324 990 1
336 990 4
371 990 1
402 990 6
453 990 2
476 990 4
479 990 2
494 990 3
521 990 1
547 990 6
608 990 5
627 990 5
683 990 8
704 990 8
705 990 1
715 990 0
726 990 0
729 990 1
743 990 9
759 990 11
761 990 0
773 990 10
777 990 13
800 990 9
805 990 1
813 990 1
819 990 0
831 990 7
901 990 13
927 990 0
962 990 17
977 990 16
985 990 2
8 991 4
20 991 4
40 991 1
61 991 4
115 991 1
140 991 5
235 991 2
242 991 6
246 991 0
317 991 6
334 991 0
337 991 6
377 991 6
395 991 7
400 991 6
437 991 2
470 991 8
486 991 8
525 991 7
534 991 7
560 991 7
617 991 10
639 991 8
690 991 10
717 991 12
759 991 2
796 991 14
836 991 14
850 991 0
854 991 15
884 991 1
886 991 18
896 991 18
897 991 0
905 991 6
921 991 1
928 991 2
940 991 19
942 991 19
953 991 1
962 991 4
969 991 1
983 991 2
986 991 1
988 991 1
989 991 24
990 991 3
8 992 6
20 992 5
40 992 1
61 992 5
130 992 0
146 992 5
190 992 6
239 992 6
242 992 5
257 992 7
261 992 8
317 992 6
377 992 7
380 992 0
381 992 1
402 992 0
470 992 8
504 992 1
525 992 8
534 992 8
560 992 10
595 992 0
617 992 11
639 992 11
680 992 3
690 992 11
711 992 0
717 992 12
770 992 0
796 992 15
832 992 1
836 992 16
854 992 15
869 992 0
875 992 1
886 992 18
896 992 17
905 992 3
910 992 1
940 992 19
942 992 19
949 992 3
957 992 1
961 992 1
978 992 3
989 992 24
991 992 25
20 993 5
61 993 5
140 993 6
146 993 5
169 993 1
217 993 0
239 993 6
242 993 6
257 993 7
261 993 6
302 993 1
337 993 8
355 993 0
377 993 6
395 993 8
400 993 7
417 993 0
440 993 1
486 993 8
525 993 8
534 993 7
617 993 10
639 993 10
690 993 12
702 993 0
717 993 12
750 993 1
751 993 0
793 993 0
796 993 13
814 993 0
825 993 0
833 993 2
836 993 14
837 993 0
841 993 0
854 993 14
886 993 19
891 993 1
896 993 20
900 993 0
904 993 2
940 993 21
942 993 21
958 993 0
989 993 25
991 993 24
992 993 24
8 994 4
19 994 0
20 994 4
61 994 4
140 994 5
146 994 5
190 994 6
239 994 6
250 994 1
257 994 7
261 994 6
284 994 2
337 994 6
377 994 6
392 994 0
395 994 7
400 994 6
420 994 1
470 994 6
471 994 1
499 994 0
524 994 2
525 994 7
560 994 8
594 994 1
616 994 0
617 994 11
639 994 9
690 994 11
717 994 12
755 994 0
796 994 14
799 994 2
801 994 1
836 994 15
854 994 13
886 994 18
896 994 16
913 994 2
914 994 0
925 994 2
929 994 3
940 994 21
942 994 20
960 994 2
980 994 0
985 994 2
989 994 23
992 994 25
993 994 25
11 995 5
23 995 5
60 995 4
129 995 0
143 995 4
168 995 0
172 995 3
178 995 5
198 995 3
218 995 4
270 995 3
271 995 2
301 995 5
326 995 7
329 995 5
386 995 5
390 995 8
411 995 6
412 995 7
419 995 2
434 995 0
443 995 5
444 995 5
548 995 5
607 995 0
646 995 1
699 995 0
716 995 0
718 995 8
730 995 8
744 995 10
749 995 1
753 995 9
754 995 2
780 995 8
810 995 2
830 995 0
837 995 2
855 995 2
860 995 1
868 995 12
885 995 15
906 995 17
916 995 16
941 995 1
958 995 0
973 995 2
988 995 16
2 996 4
33 996 5
39 996 0
76 996 0
77 996 5
91 996 5
136 996 4
139 996 0
147 996 5
215 996 6
227 996 5
237 996 5
271 996 7
286 996 1
308 996 1
325 996 6
369 996 1
376 996 6
483 996 0
487 996 1
488 996 0
491 996 1
507 996 1
513 996 8
517 996 0
546 996 8
641 996 1
648 996 11
676 996 11
677 996 1
693 996 12
696 996 10
735 996 15
766 996 1
784 996 16
795 996 1
832 996 14
839 996 1
842 996 16
870 996 19
893 996 18
904 996 19
922 996 20
934 996 2
935 996 0
949 996 22
968 996 24
981 996 26
995 996 1
3 997 4
23 997 4
60 997 3
123 997 3
141 997 3
143 997 2
172 997 4
176 997 0
200 997 0
231 997 4
253 997 5
277 997 4
326 997 4
343 997 0
386 997 6
390 997 5
412 997 9
443 997 5
453 997 1
508 997 8
536 997 1
572 997 1
578 997 9
616 997 6
656 997 7
658 997 1
671 997 1
675 997 8
684 997 0
718 997 11
723 997 1
744 997 8
753 997 10
780 997 9
811 997 1
813 997 0
848 997 0
868 997 13
885 997 14
906 997 15
916 997 13
931 997 1
938 997 1
949 997 1
951 997 0
954 997 1
972 997 2
981 997 3
988 997 20
995 997 18
2 998 5
40 998 5
63 998 0
77 998 5
80 998 0
91 998 5
123 998 2
136 998 4
215 998 6
227 998 5
237 998 6
271 998 6
325 998 6
337 998 2
376 998 6
460 998 8
492 998 1
513 998 8
528 998 1
546 998 10
555 998 1
612 998 1
630 998 1
648 998 12
663 998 1
676 998 11
693 998 13
696 998 11
735 998 13
784 998 16
787 998 1
803 998 3
832 998 15
842 998 17
856 998 1
865 998 4
870 998 18
893 998 19
896 998 2
904 998 21
922 998 20
929 998 1
931 998 1
934 998 2
949 998 22
956 998 2
968 998 23
981 998 26
993 998 3
996 998 28
26 999 4
27 999 5
96 999 0
180 999 5
193 999 5
247 999 5
257 999 2
273 999 5
283 999 5
339 999 7
345 999 5
399 999 0
410 999 0
442 999 1
445 999 0
448 999 1
475 999 6
490 999 8
555 999 0
557 999 8
570 999 8
595 999 0
614 999 7
615 999 10
622 999 1
655 999 9
674 999 9
680 999 11
755 999 10
760 999 1
769 999 0
810 999 1
833 999 12
838 999 13
853 999 14
860 999 12
866 999 10
878 999 15
920 999 0
923 999 0
924 999 4
926 999 19
928 999 12
933 999 16
941 999 0
943 999 0
950 999 19
967 999 1
978 999 18
989 999 2
